0.000000,0.838910,0.192842,0.156911,0.303023,-0.160834,-0.098961,-0.129005,0.425301,0.349424,0.434988,0.311505,0.363544,-0.109428,0.283904,0.099391,0.008255,0.250712,0.111876,0.278712,0.227779,0.543100,0.174136,0.379051,0.141581,0.359978,0.272683,0.037221,0.144677,0.305063,0.286977,0.111405,0.138657,0.457325,0.450233
0.838910,0.000000,0.231240,0.146294,0.330062,-0.136649,-0.056679,-0.097316,0.336695,0.254842,0.332888,0.293993,0.331481,-0.116992,0.288961,0.027109,-0.039555,0.281943,0.188037,0.281021,0.225129,0.479855,0.224783,0.485458,0.174828,0.360560,0.350770,0.071576,0.109564,0.252861,0.283256,0.193581,0.207019,0.388324,0.394290
0.192842,0.231240,0.000000,0.785905,0.480070,-0.009407,-0.255267,-0.058380,0.269975,0.485313,0.431102,0.391305,0.121277,0.227719,0.237484,0.273255,0.286337,0.349237,0.174588,0.342149,0.347096,0.415606,0.134811,0.379207,0.257288,0.267705,0.278767,0.222411,0.328138,0.361843,0.376799,0.338429,0.382627,0.379989,0.407327
0.156911,0.146294,0.785905,0.000000,0.476862,0.123915,-0.266671,-0.030101,0.297988,0.533766,0.489638,0.319415,0.125057,0.250243,0.185449,0.296711,0.364705,0.174358,-0.032725,0.224380,0.103287,0.326063,-0.081619,0.201861,-0.006541,0.322825,0.358309,0.056825,0.290647,0.283064,0.250998,0.222069,0.183916,0.474813,0.503201
0.303023,0.330062,0.480070,0.476862,0.000000,0.180482,-0.144335,0.041882,0.209390,0.349940,0.299973,0.286683,0.030166,0.172571,0.222288,0.162623,0.204236,0.226054,0.086193,0.213571,0.143739,0.471266,0.177948,0.424613,0.095162,0.408076,0.379132,0.163076,0.207852,0.202813,0.201578,0.216253,0.152776,0.410178,0.423524
-0.160834,-0.136649,-0.009407,0.123915,0.180482,0.000000,0.007239,0.306646,-0.150608,-0.044427,-0.093573,-0.133072,-0.138629,0.092456,-0.058343,0.017114,0.062348,-0.171545,-0.134215,-0.228262,-0.213305,-0.087881,-0.163293,-0.055975,-0.183735,0.175291,0.191099,-0.221603,-0.053095,-0.230903,-0.215745,-0.071093,-0.219058,0.023190,0.023268
-0.098961,-0.056679,-0.255267,-0.266671,-0.144335,0.007239,0.000000,0.155120,-0.151589,-0.182342,-0.219013,-0.076197,-0.141580,-0.017866,0.049650,-0.097286,-0.123469,-0.006959,0.055628,-0.052566,-0.060601,-0.192917,0.102569,-0.104477,0.008685,-0.103515,-0.190280,-0.014954,-0.101727,-0.145533,-0.177739,-0.094668,-0.106357,-0.181869,-0.154589
-0.129005,-0.097316,-0.058380,-0.030101,0.041882,0.306646,0.155120,0.000000,-0.237424,-0.209741,-0.190369,-0.187966,-0.168517,0.013080,0.009638,-0.133735,-0.131554,-0.045927,0.056297,-0.048943,-0.071100,-0.166589,0.014732,-0.185230,0.002231,0.039673,0.135084,-0.127287,-0.048382,-0.185511,-0.224128,-0.027400,-0.087119,-0.131270,-0.105232
0.425301,0.336695,0.269975,0.297988,0.209390,-0.150608,-0.151589,-0.237424,0.000000,0.607545,0.569846,0.476467,0.543001,0.146477,0.202723,0.115370,0.097868,0.080427,-0.050780,0.087449,0.180100,0.368937,-0.007147,0.249116,0.069821,0.537608,0.449219,-0.047583,0.238622,0.287916,0.242884,0.126743,0.049974,0.336772,0.303677
0.349424,0.254842,0.485313,0.533766,0.349940,-0.044427,-0.182342,-0.209741,0.607545,0.000000,0.714055,0.672204,0.235073,0.438081,0.499115,0.408783,0.485202,0.187893,-0.030393,0.239758,0.203160,0.382097,0.089924,0.191549,0.071654,0.327613,0.254772,0.161349,0.312060,0.535471,0.434526,0.143870,0.142160,0.494608,0.490919
0.434988,0.332888,0.431102,0.489638,0.299973,-0.093573,-0.219013,-0.190369,0.569846,0.714055,0.000000,0.512500,0.348444,0.235643,0.385253,0.544680,0.314934,0.210793,-0.001186,0.296608,0.181415,0.409852,0.002676,0.171070,0.015727,0.395604,0.338264,0.033601,0.217491,0.579207,0.508594,0.111073,0.092905,0.543248,0.558117
0.311505,0.293993,0.391305,0.319415,0.286683,-0.133072,-0.076197,-0.187966,0.476467,0.672204,0.512500,0.000000,0.193948,0.276048,0.355980,0.279727,0.270832,0.247227,0.106544,0.294892,0.250725,0.309339,0.142024,0.272777,0.185537,0.242618,0.210516,0.129590,0.229550,0.407546,0.515996,0.324126,0.142838,0.263163,0.294836
0.363544,0.331481,0.121277,0.125057,0.030166,-0.138629,-0.141580,-0.168517,0.543001,0.235073,0.348444,0.193948,0.000000,-0.142231,-0.054735,-0.053465,-0.135544,-0.045970,-0.136985,-0.012045,-0.039428,0.204012,-0.163953,0.151656,-0.019162,0.423554,0.381044,-0.192902,0.123717,-0.001270,0.076655,0.151938,0.056818,0.245899,0.230852
-0.109428,-0.116992,0.227719,0.250243,0.172571,0.092456,-0.017866,0.013080,0.146477,0.438081,0.235643,0.276048,-0.142231,0.000000,0.484581,0.557367,0.622708,0.070568,0.087832,0.089070,0.025463,-0.039578,0.312751,0.036984,0.061704,0.177432,0.178457,0.258431,0.082376,0.119152,0.108340,-0.054868,-0.025365,0.050970,0.051937
0.283904,0.288961,0.237484,0.185449,0.222288,-0.058343,0.049650,0.009638,0.202723,0.499115,0.385253,0.355980,-0.054735,0.484581,0.000000,0.416089,0.397128,0.235396,0.088286,0.293437,0.129003,0.098756,0.294261,0.058675,0.061482,0.078469,0.065311,0.348984,0.128342,0.476628,0.344430,0.025196,0.139565,0.179702,0.199764
0.099391,0.027109,0.273255,0.296711,0.162623,0.017114,-0.097286,-0.133735,0.115370,0.408783,0.544680,0.279727,-0.053465,0.557367,0.416089,0.000000,0.580592,0.174247,0.067894,0.241805,0.110123,0.129409,0.183956,0.081972,0.061795,0.157336,0.130859,0.162170,0.054778,0.321325,0.315501,-0.046471,0.036339,0.224826,0.245859
0.008255,-0.039555,0.286337,0.364705,0.204236,0.062348,-0.123469,-0.131554,0.097868,0.485202,0.314934,0.270832,-0.135544,0.622708,0.397128,0.580592,0.000000,0.086512,-0.065670,0.192776,-0.032086,0.078200,0.182060,0.006731,-0.040058,0.083585,0.070802,0.307594,0.162311,0.157737,0.127385,-0.060397,0.111089,0.318612,0.313403
0.250712,0.281943,0.349237,0.174358,0.226054,-0.171545,-0.006959,-0.045927,0.080427,0.187893,0.210793,0.247227,-0.045970,0.070568,0.235396,0.174247,0.086512,0.000000,0.730340,0.843871,0.394698,0.216811,0.356824,0.208055,0.367691,0.096863,0.071409,0.303038,0.093829,0.279077,0.240748,0.075112,0.260857,0.195919,0.232623
0.111876,0.188037,0.174588,-0.032725,0.086193,-0.134215,0.055628,0.056297,-0.050780,-0.030393,-0.001186,0.106544,-0.136985,0.087832,0.088286,0.067894,-0.065670,0.730340,0.000000,0.604021,0.439113,0.094961,0.352690,0.209363,0.491356,0.035395,0.047042,0.229968,-0.050817,0.125391,0.143945,0.029149,0.183563,-0.085169,-0.058149
0.278712,0.281021,0.342149,0.224380,0.213571,-0.228262,-0.052566,-0.048943,0.087449,0.239758,0.296608,0.294892,-0.012045,0.089070,0.293437,0.241805,0.192776,0.843871,0.604021,0.000000,0.337754,0.185792,0.240661,0.134355,0.266675,0.082772,0.062979,0.287159,0.107128,0.321553,0.282598,0.098343,0.212950,0.303117,0.344723
0.227779,0.225129,0.347096,0.103287,0.143739,-0.213305,-0.060601,-0.071100,0.180100,0.203160,0.181415,0.250725,-0.039428,0.025463,0.129003,0.110123,-0.032086,0.394698,0.439113,0.337754,0.000000,0.500500,0.392188,0.514276,0.713485,0.074440,-0.014760,0.269534,0.316901,0.386551,0.370216,0.273596,0.302222,0.189720,0.205439
0.543100,0.479855,0.415606,0.326063,0.471266,-0.087881,-0.192917,-0.166589,0.368937,0.382097,0.409852,0.309339,0.204012,-0.039578,0.098756,0.129409,0.078200,0.216811,0.094961,0.185792,0.500500,0.000000,0.325495,0.755966,0.369826,0.414612,0.266237,0.111421,0.405435,0.381536,0.431642,0.341985,0.305950,0.564374,0.534239
0.174136,0.224783,0.134811,-0.081619,0.177948,-0.163293,0.102569,0.014732,-0.007147,0.089924,0.002676,0.142024,-0.163953,0.312751,0.294261,0.183956,0.182060,0.356824,0.352690,0.240661,0.392188,0.325495,0.000000,0.437922,0.515503,0.108703,0.031573,0.426861,0.169482,0.143074,0.136582,0.064875,0.211661,0.036789,0.057941
0.379051,0.485458,0.379207,0.201861,0.424613,-0.055975,-0.104477,-0.185230,0.249116,0.191549,0.171070,0.272777,0.151656,0.036984,0.058675,0.081972,0.006731,0.208055,0.209363,0.134355,0.514276,0.755966,0.437922,0.000000,0.451188,0.374167,0.344923,0.177504,0.274641,0.174813,0.295889,0.361440,0.275843,0.307628,0.297393
0.141581,0.174828,0.257288,-0.006541,0.095162,-0.183735,0.008685,0.002231,0.069821,0.071654,0.015727,0.185537,-0.019162,0.061704,0.061482,0.061795,-0.040058,0.367691,0.491356,0.266675,0.713485,0.369826,0.515503,0.451188,0.000000,0.078346,0.007700,0.222632,0.221491,0.165056,0.198525,0.207023,0.266148,0.054416,0.079558
0.359978,0.360560,0.267705,0.322825,0.408076,0.175291,-0.103515,0.039673,0.537608,0.327613,0.395604,0.242618,0.423554,0.177432,0.078469,0.157336,0.083585,0.096863,0.035395,0.082772,0.074440,0.414612,0.108703,0.374167,0.078346,0.000000,0.796898,-0.061536,0.293680,0.066423,0.073199,0.223669,0.039111,0.403120,0.380887
0.272683,0.350770,0.278767,0.358309,0.379132,0.191099,-0.190280,0.135084,0.449219,0.254772,0.338264,0.210516,0.381044,0.178457,0.065311,0.130859,0.070802,0.071409,0.047042,0.062979,-0.014760,0.266237,0.031573,0.344923,0.007700,0.796898,0.000000,-0.089251,0.148738,0.004004,0.018588,0.232281,0.016519,0.273060,0.257929
0.037221,0.071576,0.222411,0.056825,0.163076,-0.221603,-0.014954,-0.127287,-0.047583,0.161349,0.033601,0.129590,-0.192902,0.258431,0.348984,0.162170,0.307594,0.303038,0.229968,0.287159,0.269534,0.111421,0.426861,0.177504,0.222632,-0.061536,-0.089251,0.000000,0.291553,0.410585,0.309062,0.218329,0.474220,0.059584,0.110987
0.144677,0.109564,0.328138,0.290647,0.207852,-0.053095,-0.101727,-0.048382,0.238622,0.312060,0.217491,0.229550,0.123717,0.082376,0.128342,0.054778,0.162311,0.093829,-0.050817,0.107128,0.316901,0.405435,0.169482,0.274641,0.221491,0.293680,0.148738,0.291553,0.000000,0.423334,0.372347,0.633430,0.344550,0.400689,0.417445
0.305063,0.252861,0.361843,0.283064,0.202813,-0.230903,-0.145533,-0.185511,0.287916,0.535471,0.579207,0.407546,-0.001270,0.119152,0.476628,0.321325,0.157737,0.279077,0.125391,0.321553,0.386551,0.381536,0.143074,0.174813,0.165056,0.066423,0.004004,0.410585,0.423334,0.000000,0.751401,0.315529,0.368938,0.335726,0.380589
0.286977,0.283256,0.376799,0.250998,0.201578,-0.215745,-0.177739,-0.224128,0.242884,0.434526,0.508594,0.515996,0.076655,0.108340,0.344430,0.315501,0.127385,0.240748,0.143945,0.282598,0.370216,0.431642,0.136582,0.295889,0.198525,0.073199,0.018588,0.309062,0.372347,0.751401,0.000000,0.542603,0.522730,0.259940,0.309288
0.111405,0.193581,0.338429,0.222069,0.216253,-0.071093,-0.094668,-0.027400,0.126743,0.143870,0.111073,0.324126,0.151938,-0.054868,0.025196,-0.046471,-0.060397,0.075112,0.029149,0.098343,0.273596,0.341985,0.064875,0.361440,0.207023,0.223669,0.232281,0.218329,0.633430,0.315529,0.542603,0.000000,0.487625,0.173660,0.231051
0.138657,0.207019,0.382627,0.183916,0.152776,-0.219058,-0.106357,-0.087119,0.049974,0.142160,0.092905,0.142838,0.056818,-0.025365,0.139565,0.036339,0.111089,0.260857,0.183563,0.212950,0.302222,0.305950,0.211661,0.275843,0.266148,0.039111,0.016519,0.474220,0.344550,0.368938,0.522730,0.487625,0.000000,0.175667,0.215098
0.457325,0.388324,0.379989,0.474813,0.410178,0.023190,-0.181869,-0.131270,0.336772,0.494608,0.543248,0.263163,0.245899,0.050970,0.179702,0.224826,0.318612,0.195919,-0.085169,0.303117,0.189720,0.564374,0.036789,0.307628,0.054416,0.403120,0.273060,0.059584,0.400689,0.335726,0.259940,0.173660,0.175667,0.000000,0.913139
0.450233,0.394290,0.407327,0.503201,0.423524,0.023268,-0.154589,-0.105232,0.303677,0.490919,0.558117,0.294836,0.230852,0.051937,0.199764,0.245859,0.313403,0.232623,-0.058149,0.344723,0.205439,0.534239,0.057941,0.297393,0.079558,0.380887,0.257929,0.110987,0.417445,0.380589,0.309288,0.231051,0.215098,0.913139,0.000000
