0.000000,0.785818,0.288981,0.238694,0.187223,-0.257050,-0.050305,-0.255680,0.343541,0.462709,0.532947,0.451033,0.277508,0.101823,0.345979,0.166445,0.149271,0.146217,0.254550,0.224608,0.360521,0.587217,-0.084821,0.564205,0.352387,0.605554,0.539765,0.293743,0.566802,0.420939,0.382256,0.426061,0.405109,0.413559,0.428394
0.785818,0.000000,0.291591,0.223056,0.181708,-0.268331,0.023865,-0.258259,0.277232,0.430775,0.515787,0.410132,0.318455,0.190202,0.390892,0.190713,0.188387,0.146251,0.315929,0.230353,0.421857,0.514551,-0.136030,0.532606,0.342039,0.566814,0.514233,0.301528,0.462112,0.315093,0.269073,0.344296,0.400973,0.369038,0.372199
0.288981,0.291591,0.000000,0.802297,0.469782,-0.129488,0.113473,-0.201536,0.113463,0.396677,0.264412,0.256840,-0.073413,0.112637,0.193935,0.315450,0.318976,0.384300,0.432740,0.443087,0.381691,0.453680,0.093438,0.461657,0.411002,0.362540,0.368806,0.318400,0.138778,0.123398,0.157593,0.140554,0.224466,0.527768,0.532139
0.238694,0.223056,0.802297,0.000000,0.420618,-0.211795,0.170543,-0.200641,0.117621,0.377575,0.202614,0.118526,-0.077318,0.169495,0.185531,0.333156,0.322588,0.476881,0.345709,0.520126,0.368503,0.392341,0.123304,0.325720,0.296650,0.287372,0.270901,0.286738,0.149989,0.119905,0.062746,0.096852,0.145913,0.448536,0.469461
0.187223,0.181708,0.469782,0.420618,0.000000,0.088609,0.176127,-0.028898,0.060315,0.223809,-0.013709,-0.065982,-0.182656,0.254278,0.131210,0.274881,0.542042,0.321371,0.505184,0.168807,0.362334,0.392844,0.289837,0.328569,0.388829,0.297395,0.286145,0.363744,0.082443,0.081752,-0.014727,0.117742,0.308617,0.207643,0.186853
-0.257050,-0.268331,-0.129488,-0.211795,0.088609,0.000000,0.093589,0.248438,-0.101550,-0.150881,-0.235879,-0.101185,-0.193504,-0.035039,-0.198848,-0.117042,0.024860,-0.185140,0.074646,-0.304147,-0.134887,-0.158734,0.191452,-0.069676,0.037666,-0.119705,-0.173529,-0.019481,-0.315686,-0.247096,-0.185220,-0.208580,0.032127,-0.075030,-0.107089
-0.050305,0.023865,0.113473,0.170543,0.176127,0.093589,0.000000,0.218261,0.030640,-0.003509,-0.154296,-0.079214,-0.051118,-0.060610,-0.164097,-0.032714,0.008195,0.072426,0.288902,0.018840,0.204150,-0.026006,-0.033985,-0.074546,0.177520,0.059054,0.068511,0.046327,-0.027144,-0.049569,-0.158412,-0.039553,0.018081,-0.076160,-0.142066
-0.255680,-0.258259,-0.201536,-0.200641,-0.028898,0.248438,0.218261,0.000000,-0.110994,-0.207705,-0.343934,-0.208717,-0.055153,-0.135013,-0.235742,-0.096320,-0.052879,-0.127870,0.036884,-0.210938,-0.133666,-0.226294,0.058114,-0.269301,-0.073624,-0.048855,-0.056312,-0.075317,-0.103592,-0.108921,-0.190914,-0.118673,-0.083941,-0.296803,-0.346435
0.343541,0.277232,0.113463,0.117621,0.060315,-0.101550,0.030640,-0.110994,0.000000,0.577830,0.364013,0.492863,0.444472,-0.102591,0.184753,-0.100637,-0.172431,0.034292,0.166013,-0.046185,0.067340,0.390535,0.000928,0.291771,0.078438,0.371747,0.376575,0.052390,0.407314,0.254313,0.199898,0.318253,0.165995,0.104588,0.129409
0.462709,0.430775,0.396677,0.377575,0.223809,-0.150881,-0.003509,-0.207705,0.577830,0.000000,0.480270,0.593000,0.185976,0.111241,0.370955,0.158295,0.224266,0.145972,0.332139,0.123079,0.320537,0.580773,0.083546,0.468663,0.350339,0.442638,0.415877,0.251599,0.437146,0.354534,0.268877,0.335053,0.322382,0.336551,0.384273
0.532947,0.515787,0.264412,0.202614,-0.013709,-0.235879,-0.154296,-0.343934,0.364013,0.480270,0.000000,0.405240,0.405491,0.183549,0.398143,0.219952,0.070603,0.122212,0.171226,0.198907,0.329375,0.509055,-0.060033,0.563021,0.217536,0.452361,0.410916,0.184410,0.518994,0.570264,0.527832,0.401498,0.340743,0.309672,0.345236
0.451033,0.410132,0.256840,0.118526,-0.065982,-0.101185,-0.079214,-0.208717,0.492863,0.593000,0.405240,0.000000,0.277797,-0.136924,0.213568,-0.038032,-0.143851,-0.023533,0.162407,0.037338,0.133093,0.351386,-0.200229,0.358337,0.216425,0.353608,0.365362,0.071870,0.349125,0.238262,0.392360,0.434820,0.272173,0.281024,0.322090
0.277508,0.318455,-0.073413,-0.077318,-0.182656,-0.193504,-0.051118,-0.055153,0.444472,0.185976,0.405491,0.277797,0.000000,-0.127956,0.074828,-0.195905,-0.265369,-0.111280,-0.029706,-0.061881,-0.020785,0.154617,-0.220150,0.147984,-0.087445,0.239621,0.220493,-0.165727,0.237093,0.124990,0.228880,0.322012,0.063759,-0.029026,-0.028388
0.101823,0.190202,0.112637,0.169495,0.254278,-0.035039,-0.060610,-0.135013,-0.102591,0.111241,0.183549,-0.136924,-0.127956,0.000000,0.583881,0.708865,0.652874,0.312396,0.223386,0.229380,0.387303,0.233934,0.287900,0.235103,0.111889,-0.006885,-0.017102,0.493958,0.075331,0.182010,0.123266,0.074339,0.278890,0.023809,0.067160
0.345979,0.390892,0.193935,0.185531,0.131210,-0.198848,-0.164097,-0.235742,0.184753,0.370955,0.398143,0.213568,0.074828,0.583881,0.000000,0.603642,0.361210,0.232979,0.181583,0.253116,0.400246,0.356624,0.213843,0.353690,0.207179,0.147938,0.172484,0.447669,0.376800,0.435226,0.422365,0.351175,0.393833,0.190803,0.263809
0.166445,0.190713,0.315450,0.333156,0.274881,-0.117042,-0.032714,-0.096320,-0.100637,0.158295,0.219952,-0.038032,-0.195905,0.708865,0.603642,0.000000,0.629704,0.481362,0.333258,0.441861,0.404859,0.285699,0.315785,0.302109,0.227547,0.119188,0.130406,0.490879,0.138666,0.284194,0.305607,0.126242,0.272700,0.242182,0.298285
0.149271,0.188387,0.318976,0.322588,0.542042,0.024860,0.008195,-0.052879,-0.172431,0.224266,0.070603,-0.143851,-0.265369,0.652874,0.361210,0.629704,0.000000,0.338435,0.441328,0.225457,0.395043,0.371596,0.457078,0.362671,0.296340,0.184853,0.174463,0.475294,0.069645,0.087187,0.015173,0.075053,0.310641,0.127093,0.170446
0.146217,0.146251,0.384300,0.476881,0.321371,-0.185140,0.072426,-0.127870,0.034292,0.145972,0.122212,-0.023533,-0.111280,0.312396,0.232979,0.481362,0.338435,0.000000,0.301051,0.776667,0.207503,0.266448,0.134045,0.209361,0.152377,0.212081,0.249406,0.124138,0.044760,0.130486,0.110056,0.017402,0.000900,0.287774,0.284513
0.254550,0.315929,0.432740,0.345709,0.505184,0.074646,0.288902,0.036884,0.166013,0.332139,0.171226,0.162407,-0.029706,0.223386,0.181583,0.333258,0.441328,0.301051,0.000000,0.207219,0.415402,0.393740,0.191886,0.415340,0.531642,0.502366,0.472506,0.340359,0.203041,0.075602,0.025506,0.159036,0.296327,0.218563,0.206205
0.224608,0.230353,0.443087,0.520126,0.168807,-0.304147,0.018840,-0.210938,-0.046185,0.123079,0.198907,0.037338,-0.061881,0.229380,0.253116,0.441861,0.225457,0.776667,0.207219,0.000000,0.175911,0.230007,0.008961,0.203494,0.139198,0.204610,0.236949,0.086862,0.045460,0.131795,0.186250,0.051623,0.010598,0.455765,0.477751
0.360521,0.421857,0.381691,0.368503,0.362334,-0.134887,0.204150,-0.133666,0.067340,0.320537,0.329375,0.133093,-0.020785,0.387303,0.400246,0.404859,0.395043,0.207503,0.415402,0.175911,0.000000,0.483290,0.160510,0.464080,0.641630,0.286126,0.247074,0.560282,0.352553,0.420644,0.236381,0.222676,0.476523,0.323988,0.295047
0.587217,0.514551,0.453680,0.392341,0.392844,-0.158734,-0.026006,-0.226294,0.390535,0.580773,0.509055,0.351386,0.154617,0.233934,0.356624,0.285699,0.371596,0.266448,0.393740,0.230007,0.483290,0.000000,0.315221,0.814927,0.495328,0.564614,0.481353,0.314199,0.392361,0.378153,0.276527,0.259256,0.352275,0.478113,0.484223
-0.084821,-0.136030,0.093438,0.123304,0.289837,0.191452,-0.033985,0.058114,0.000928,0.083546,-0.060033,-0.200229,-0.220150,0.287900,0.213843,0.315785,0.457078,0.134045,0.191886,0.008961,0.160510,0.315221,0.000000,0.300706,0.166605,0.032975,-0.000302,0.329295,0.071510,0.162267,0.058733,-0.042863,0.243474,-0.033626,0.057536
0.564205,0.532606,0.461657,0.325720,0.328569,-0.069676,-0.074546,-0.269301,0.291771,0.468663,0.563021,0.358337,0.147984,0.235103,0.353690,0.302109,0.362671,0.209361,0.415340,0.203494,0.464080,0.814927,0.300706,0.000000,0.500673,0.548276,0.498036,0.340286,0.376416,0.361605,0.309676,0.241610,0.383481,0.463860,0.503025
0.352387,0.342039,0.411002,0.296650,0.388829,0.037666,0.177520,-0.073624,0.078438,0.350339,0.217536,0.216425,-0.087445,0.111889,0.207179,0.227547,0.296340,0.152377,0.531642,0.139198,0.641630,0.495328,0.166605,0.500673,0.000000,0.433483,0.363264,0.435604,0.262541,0.281368,0.166619,0.149986,0.408917,0.325342,0.296538
0.605554,0.566814,0.362540,0.287372,0.297395,-0.119705,0.059054,-0.048855,0.371747,0.442638,0.452361,0.353608,0.239621,-0.006885,0.147938,0.119188,0.184853,0.212081,0.502366,0.204610,0.286126,0.564614,0.032975,0.548276,0.433483,0.000000,0.870921,0.348521,0.528856,0.338625,0.266665,0.376968,0.401381,0.336057,0.329122
0.539765,0.514233,0.368806,0.270901,0.286145,-0.173529,0.068511,-0.056312,0.376575,0.415877,0.410916,0.365362,0.220493,-0.017102,0.172484,0.130406,0.174463,0.249406,0.472506,0.236949,0.247074,0.481353,-0.000302,0.498036,0.363264,0.870921,0.000000,0.334080,0.516351,0.315548,0.273153,0.384087,0.350903,0.309310,0.313898
0.293743,0.301528,0.318400,0.286738,0.363744,-0.019481,0.046327,-0.075317,0.052390,0.251599,0.184410,0.071870,-0.165727,0.493958,0.447669,0.490879,0.475294,0.124138,0.340359,0.086862,0.560282,0.314199,0.329295,0.340286,0.435604,0.348521,0.334080,0.000000,0.469508,0.468650,0.283285,0.297893,0.650470,0.178501,0.190953
0.566802,0.462112,0.138778,0.149989,0.082443,-0.315686,-0.027144,-0.103592,0.407314,0.437146,0.518994,0.349125,0.237093,0.075331,0.376800,0.138666,0.069645,0.044760,0.203041,0.045460,0.352553,0.392361,0.071510,0.376416,0.262541,0.528856,0.516351,0.469508,0.000000,0.723947,0.558976,0.667681,0.567801,0.159379,0.173541
0.420939,0.315093,0.123398,0.119905,0.081752,-0.247096,-0.049569,-0.108921,0.254313,0.354534,0.570264,0.238262,0.124990,0.182010,0.435226,0.284194,0.087187,0.130486,0.075602,0.131795,0.420644,0.378153,0.162267,0.361605,0.281368,0.338625,0.315548,0.468650,0.723947,0.000000,0.713126,0.480753,0.566410,0.136831,0.177250
0.382256,0.269073,0.157593,0.062746,-0.014727,-0.185220,-0.158412,-0.190914,0.199898,0.268877,0.527832,0.392360,0.228880,0.123266,0.422365,0.305607,0.015173,0.110056,0.025506,0.186250,0.236381,0.276527,0.058733,0.309676,0.166619,0.266665,0.273153,0.283285,0.558976,0.713126,0.000000,0.657396,0.580554,0.184809,0.216526
0.426061,0.344296,0.140554,0.096852,0.117742,-0.208580,-0.039553,-0.118673,0.318253,0.335053,0.401498,0.434820,0.322012,0.074339,0.351175,0.126242,0.075053,0.017402,0.159036,0.051623,0.222676,0.259256,-0.042863,0.241610,0.149986,0.376968,0.384087,0.297893,0.667681,0.480753,0.657396,0.000000,0.632506,0.115620,0.097585
0.405109,0.400973,0.224466,0.145913,0.308617,0.032127,0.018081,-0.083941,0.165995,0.322382,0.340743,0.272173,0.063759,0.278890,0.393833,0.272700,0.310641,0.000900,0.296327,0.010598,0.476523,0.352275,0.243474,0.383481,0.408917,0.401381,0.350903,0.650470,0.567801,0.566410,0.580554,0.632506,0.000000,0.154192,0.150247
0.413559,0.369038,0.527768,0.448536,0.207643,-0.075030,-0.076160,-0.296803,0.104588,0.336551,0.309672,0.281024,-0.029026,0.023809,0.190803,0.242182,0.127093,0.287774,0.218563,0.455765,0.323988,0.478113,-0.033626,0.463860,0.325342,0.336057,0.309310,0.178501,0.159379,0.136831,0.184809,0.115620,0.154192,0.000000,0.876508
0.428394,0.372199,0.532139,0.469461,0.186853,-0.107089,-0.142066,-0.346435,0.129409,0.384273,0.345236,0.322090,-0.028388,0.067160,0.263809,0.298285,0.170446,0.284513,0.206205,0.477751,0.295047,0.484223,0.057536,0.503025,0.296538,0.329122,0.313898,0.190953,0.173541,0.177250,0.216526,0.097585,0.150247,0.876508,0.000000
