1.0000,0.6774,0.3356,0.3816,0.1141,-0.1126,-0.1777,-0.0418,0.3946,0.4493,0.3058,0.4538,0.1389,0.2127,0.2037,0.2105,0.1255,0.4044,0.3258,0.3840,0.3234,0.5696,0.3171,0.5731,0.2483,0.3806,0.3859,-0.0380,0.2914,0.3740,0.3882,0.2251,0.0686,0.4075,0.3397
0.6774,1.0000,0.3454,0.3860,0.0671,-0.1030,-0.1415,0.0095,0.3635,0.3458,0.1380,0.4508,0.2337,0.2135,0.2680,0.1414,0.1695,0.3482,0.3048,0.3430,0.1952,0.4840,0.2784,0.5523,0.0953,0.3706,0.4204,-0.1267,0.1951,0.1132,0.2143,0.3211,0.0764,0.3032,0.2358
0.3356,0.3454,1.0000,0.7553,0.2111,0.2493,-0.2157,0.0872,0.1465,0.1949,0.1977,0.1090,0.0742,0.1146,0.1481,0.2905,0.2543,0.5350,0.3403,0.5264,0.3176,0.3906,0.2564,0.4689,0.2938,0.2079,0.2617,0.2248,0.1642,0.2634,0.3814,0.3389,0.2255,0.4162,0.3665
0.3816,0.3860,0.7553,1.0000,0.3153,0.1961,-0.1171,0.0481,0.2635,0.2949,0.2612,0.1409,0.0867,0.2610,0.1901,0.3385,0.2915,0.6143,0.4624,0.5719,0.3708,0.4868,0.3539,0.4896,0.3585,0.2151,0.2731,0.1932,0.2184,0.2728,0.4473,0.3673,0.2328,0.4281,0.4492
0.1141,0.0671,0.2111,0.3153,1.0000,0.0552,0.1138,0.0292,0.0995,0.1539,0.3718,0.0130,-0.0378,0.1683,0.0295,0.2067,0.0838,0.1799,0.0617,0.1699,0.4360,0.5546,0.4986,0.5077,0.4536,-0.0593,-0.0555,0.2253,0.0653,0.2924,0.3321,0.0973,0.1574,0.2532,0.3149
-0.1126,-0.1030,0.2493,0.1961,0.0552,1.0000,0.1405,0.1965,-0.1871,-0.0939,-0.0548,-0.1580,-0.1637,-0.0687,-0.0528,0.1784,0.1776,0.2410,0.0652,0.2293,0.1362,0.0305,0.1232,0.0124,0.1194,0.1478,0.1679,0.2636,-0.0263,-0.0984,0.0051,0.0686,0.0471,0.1077,0.0983
-0.1777,-0.1415,-0.2157,-0.1171,0.1138,0.1405,1.0000,0.1431,-0.0727,-0.1260,-0.2245,-0.0460,-0.1021,0.0633,-0.1338,0.0810,0.0452,-0.1076,-0.0257,-0.0004,0.1278,0.0272,0.1430,0.0578,0.1654,0.0956,0.1057,0.1761,0.0022,-0.2160,-0.0583,0.1459,0.1394,0.1616,0.2062
-0.0418,0.0095,0.0872,0.0481,0.0292,0.1965,0.1431,1.0000,0.0061,-0.0333,-0.1125,0.0928,-0.0078,-0.0858,-0.1513,-0.0240,-0.0094,0.1182,0.0520,0.1163,0.0593,0.0571,0.0561,0.0761,0.1442,0.2331,0.1932,0.0206,-0.0075,-0.0837,-0.0310,0.1155,-0.0014,0.0922,0.1360
0.3946,0.3635,0.1465,0.2635,0.0995,-0.1871,-0.0727,0.0061,1.0000,0.6328,0.3345,0.5162,0.4044,0.0617,0.0611,-0.1790,-0.1840,-0.0242,-0.0369,-0.0153,0.1676,0.4961,0.1130,0.3872,0.0855,0.3825,0.3612,-0.0970,0.3454,0.3107,0.2256,0.1197,-0.0538,0.2499,0.2742
0.4493,0.3458,0.1949,0.2949,0.1539,-0.0939,-0.1260,-0.0333,0.6328,1.0000,0.4119,0.5911,0.4339,-0.0669,-0.0227,-0.1975,-0.2650,0.0147,-0.0423,0.0170,0.2257,0.4991,0.0939,0.3705,0.1733,0.4505,0.4329,-0.0887,0.4579,0.4835,0.3620,0.2300,-0.0124,0.3405,0.3923
0.3058,0.1380,0.1977,0.2612,0.3718,-0.0548,-0.2245,-0.1125,0.3345,0.4119,1.0000,0.2343,0.1479,0.2074,0.2296,0.2029,-0.1156,0.0464,-0.0727,0.0677,0.2808,0.3837,0.2301,0.2925,0.1859,-0.0022,-0.0628,-0.0625,0.1243,0.5713,0.5214,-0.0241,-0.0126,0.0546,0.1294
0.4538,0.4508,0.1090,0.1409,0.0130,-0.1580,-0.0460,0.0928,0.5162,0.5911,0.2343,1.0000,0.4030,-0.0432,-0.0362,-0.1370,-0.1961,-0.0373,-0.0594,-0.0066,0.0925,0.4047,0.1268,0.4133,0.0548,0.5268,0.5156,-0.2609,0.1161,0.1670,0.2337,0.1970,-0.0557,0.1850,0.2031
0.1389,0.2337,0.0742,0.0867,-0.0378,-0.1637,-0.1021,-0.0078,0.4044,0.4339,0.1479,0.4030,1.0000,-0.1903,-0.1678,-0.3521,-0.3792,-0.1497,-0.1286,-0.1147,-0.0554,0.1459,-0.1098,0.1720,-0.0329,0.1518,0.1971,-0.2354,0.2610,0.3057,0.3363,0.3185,0.1584,0.1183,0.1833
0.2127,0.2135,0.1146,0.2610,0.1683,-0.0687,0.0633,-0.0858,0.0617,-0.0669,0.2074,-0.0432,-0.1903,1.0000,0.6354,0.7178,0.6077,0.3338,0.2918,0.2907,0.2586,0.1991,0.4025,0.1904,0.1430,-0.1189,-0.0977,0.2484,-0.0295,-0.0863,0.0762,-0.0076,0.0757,-0.0130,-0.0094
0.2037,0.2680,0.1481,0.1901,0.0295,-0.0528,-0.1338,-0.1513,0.0611,-0.0227,0.2296,-0.0362,-0.1678,0.6354,1.0000,0.5946,0.5073,0.2625,0.1963,0.2823,0.1835,0.0995,0.2223,0.1093,0.0150,-0.0923,-0.0994,0.1665,-0.0013,-0.0240,0.0285,-0.0233,0.0071,0.0258,-0.0282
0.2105,0.1414,0.2905,0.3385,0.2067,0.1784,0.0810,-0.0240,-0.1790,-0.1975,0.2029,-0.1370,-0.3521,0.7178,0.5946,1.0000,0.6980,0.4872,0.3620,0.4845,0.3100,0.1558,0.4369,0.2207,0.2369,-0.1176,-0.0765,0.3083,-0.0155,-0.0297,0.2043,0.0750,0.1631,0.1030,0.0710
0.1255,0.1695,0.2543,0.2915,0.0838,0.1776,0.0452,-0.0094,-0.1840,-0.2650,-0.1156,-0.1961,-0.3792,0.6077,0.5073,0.6980,1.0000,0.5394,0.4735,0.4921,0.2464,0.0759,0.4264,0.1373,0.1165,-0.0684,-0.0209,0.3041,-0.0503,-0.2795,-0.1056,0.0370,0.1087,0.1036,0.0459
0.4044,0.3482,0.5350,0.6143,0.1799,0.2410,-0.1076,0.1182,-0.0242,0.0147,0.0464,-0.0373,-0.1497,0.3338,0.2625,0.4872,0.5394,1.0000,0.7677,0.8469,0.4499,0.3411,0.4118,0.3784,0.3907,0.1256,0.1908,0.2071,0.1813,0.0950,0.2240,0.2301,0.1135,0.3696,0.3514
0.3258,0.3048,0.3403,0.4624,0.0617,0.0652,-0.0257,0.0520,-0.0369,-0.0423,-0.0727,-0.0594,-0.1286,0.2918,0.1963,0.3620,0.4735,0.7677,1.0000,0.6956,0.3911,0.2478,0.3464,0.3011,0.3823,0.0365,0.0804,0.0961,0.0713,-0.0385,0.1047,0.1633,0.1035,0.1900,0.1875
0.3840,0.3430,0.5264,0.5719,0.1699,0.2293,-0.0004,0.1163,-0.0153,0.0170,0.0677,-0.0066,-0.1147,0.2907,0.2823,0.4845,0.4921,0.8469,0.6956,1.0000,0.4324,0.3081,0.3871,0.3894,0.3931,0.1085,0.1926,0.2095,0.2047,0.1243,0.2862,0.3321,0.1662,0.3868,0.3986
0.3234,0.1952,0.3176,0.3708,0.4360,0.1362,0.1278,0.0593,0.1676,0.2257,0.2808,0.0925,-0.0554,0.2586,0.1835,0.3100,0.2464,0.4499,0.3911,0.4324,1.0000,0.6301,0.5858,0.5737,0.6859,0.0821,0.0956,0.3870,0.3251,0.3540,0.3262,0.2057,0.2593,0.3711,0.3226
0.5696,0.4840,0.3906,0.4868,0.5546,0.0305,0.0272,0.0571,0.4961,0.4991,0.3837,0.4047,0.1459,0.1991,0.0995,0.1558,0.0759,0.3411,0.2478,0.3081,0.6301,1.0000,0.6060,0.8406,0.5598,0.3648,0.3591,0.1952,0.2878,0.3933,0.4366,0.2755,0.1757,0.4204,0.4064
0.3171,0.2784,0.2564,0.3539,0.4986,0.1232,0.1430,0.0561,0.1130,0.0939,0.2301,0.1268,-0.1098,0.4025,0.2223,0.4369,0.4264,0.4118,0.3464,0.3871,0.5858,0.6060,1.0000,0.6268,0.5124,0.0945,0.1241,0.2258,0.0857,0.1003,0.2979,0.2007,0.1760,0.2411,0.2241
0.5731,0.5523,0.4689,0.4896,0.5077,0.0124,0.0578,0.0761,0.3872,0.3705,0.2925,0.4133,0.1720,0.1904,0.1093,0.2207,0.1373,0.3784,0.3011,0.3894,0.5737,0.8406,0.6268,1.0000,0.5517,0.3006,0.3360,0.1424,0.2028,0.3061,0.4708,0.3789,0.2454,0.4439,0.4233
0.2483,0.0953,0.2938,0.3585,0.4536,0.1194,0.1654,0.1442,0.0855,0.1733,0.1859,0.0548,-0.0329,0.1430,0.0150,0.2369,0.1165,0.3907,0.3823,0.3931,0.6859,0.5598,0.5124,0.5517,1.0000,0.0520,0.0990,0.3688,0.2298,0.2835,0.4012,0.2820,0.3428,0.2718,0.2912
0.3806,0.3706,0.2079,0.2151,-0.0593,0.1478,0.0956,0.2331,0.3825,0.4505,-0.0022,0.5268,0.1518,-0.1189,-0.0923,-0.1176,-0.0684,0.1256,0.0365,0.1085,0.0821,0.3648,0.0945,0.3006,0.0520,1.0000,0.8462,-0.0293,0.1608,0.0175,0.0685,0.2269,-0.0528,0.3176,0.3204
0.3859,0.4204,0.2617,0.2731,-0.0555,0.1679,0.1057,0.1932,0.3612,0.4329,-0.0628,0.5156,0.1971,-0.0977,-0.0994,-0.0765,-0.0209,0.1908,0.0804,0.1926,0.0956,0.3591,0.1241,0.3360,0.0990,0.8462,1.0000,0.0041,0.1680,-0.0025,0.0911,0.3050,0.0298,0.3261,0.3131
-0.0380,-0.1267,0.2248,0.1932,0.2253,0.2636,0.1761,0.0206,-0.0970,-0.0887,-0.0625,-0.2609,-0.2354,0.2484,0.1665,0.3083,0.3041,0.2071,0.0961,0.2095,0.3870,0.1952,0.2258,0.1424,0.3688,-0.0293,0.0041,1.0000,0.2340,0.1015,0.0695,0.2088,0.3853,0.1343,0.0937
0.2914,0.1951,0.1642,0.2184,0.0653,-0.0263,0.0022,-0.0075,0.3454,0.4579,0.1243,0.1161,0.2610,-0.0295,-0.0013,-0.0155,-0.0503,0.1813,0.0713,0.2047,0.3251,0.2878,0.0857,0.2028,0.2298,0.1608,0.1680,0.2340,1.0000,0.5304,0.3461,0.3928,0.2926,0.3649,0.3505
0.3740,0.1132,0.2634,0.2728,0.2924,-0.0984,-0.2160,-0.0837,0.3107,0.4835,0.5713,0.1670,0.3057,-0.0863,-0.0240,-0.0297,-0.2795,0.0950,-0.0385,0.1243,0.3540,0.3933,0.1003,0.3061,0.2835,0.0175,-0.0025,0.1015,0.5304,1.0000,0.6301,0.1508,0.2381,0.2763,0.2861
0.3882,0.2143,0.3814,0.4473,0.3321,0.0051,-0.0583,-0.0310,0.2256,0.3620,0.5214,0.2337,0.3363,0.0762,0.0285,0.2043,-0.1056,0.2240,0.1047,0.2862,0.3262,0.4366,0.2979,0.4708,0.4012,0.0685,0.0911,0.0695,0.3461,0.6301,1.0000,0.5272,0.4594,0.2391,0.3162
0.2251,0.3211,0.3389,0.3673,0.0973,0.0686,0.1459,0.1155,0.1197,0.2300,-0.0241,0.1970,0.3185,-0.0076,-0.0233,0.0750,0.0370,0.2301,0.1633,0.3321,0.2057,0.2755,0.2007,0.3789,0.2820,0.2269,0.3050,0.2088,0.3928,0.1508,0.5272,1.0000,0.5135,0.2898,0.3209
0.0686,0.0764,0.2255,0.2328,0.1574,0.0471,0.1394,-0.0014,-0.0538,-0.0124,-0.0126,-0.0557,0.1584,0.0757,0.0071,0.1631,0.1087,0.1135,0.1035,0.1662,0.2593,0.1757,0.1760,0.2454,0.3428,-0.0528,0.0298,0.3853,0.2926,0.2381,0.4594,0.5135,1.0000,0.1122,0.1391
0.4075,0.3032,0.4162,0.4281,0.2532,0.1077,0.1616,0.0922,0.2499,0.3405,0.0546,0.1850,0.1183,-0.0130,0.0258,0.1030,0.1036,0.3696,0.1900,0.3868,0.3711,0.4204,0.2411,0.4439,0.2718,0.3176,0.3261,0.1343,0.3649,0.2763,0.2391,0.2898,0.1122,1.0000,0.8208
0.3397,0.2358,0.3665,0.4492,0.3149,0.0983,0.2062,0.1360,0.2742,0.3923,0.1294,0.2031,0.1833,-0.0094,-0.0282,0.0710,0.0459,0.3514,0.1875,0.3986,0.3226,0.4064,0.2241,0.4233,0.2912,0.3204,0.3131,0.0937,0.3505,0.2861,0.3162,0.3209,0.1391,0.8208,1.0000
