0.000000,0.854536,0.209555,0.245935,0.407940,0.085563,0.161706,-0.157803,0.225081,0.138998,0.042683,0.168173,-0.029930,-0.097535,-0.143809,-0.050039,0.041028,0.208449,0.271350,0.227074,0.322995,0.784364,0.213433,0.739770,0.179408,0.674993,0.591262,0.259822,-0.081023,0.047737,0.151756,0.129393,0.129449,0.337650,0.339771
0.854536,0.000000,0.171745,0.241592,0.389393,-0.022476,0.136200,-0.056290,0.192299,0.162764,0.148499,0.251959,0.036138,0.003624,0.010280,0.089359,0.090632,0.301900,0.312433,0.335970,0.182948,0.713017,0.249627,0.768495,0.179712,0.634596,0.621042,0.168338,-0.098264,-0.000354,0.196500,0.187162,0.156285,0.382732,0.439002
0.209555,0.171745,0.000000,0.787894,0.050726,0.260734,0.341169,0.091025,0.165960,0.303662,0.275102,0.265132,-0.019927,0.167298,0.024517,0.306421,0.366921,0.433589,0.373942,0.458539,0.498121,0.337536,0.330740,0.393909,0.445096,0.090859,0.143058,0.396619,0.045309,0.303368,0.430299,0.231129,0.451486,0.504856,0.449121
0.245935,0.241592,0.787894,0.000000,0.067213,0.257266,0.539056,-0.032506,0.344983,0.475452,0.464975,0.323784,0.114370,0.231916,0.162286,0.271814,0.350823,0.530940,0.494401,0.566845,0.388147,0.454647,0.456357,0.472153,0.345372,0.203312,0.279988,0.388779,0.244761,0.386297,0.451057,0.233655,0.397965,0.585138,0.581220
0.407940,0.389393,0.050726,0.067213,0.000000,0.007720,0.092627,0.017811,-0.053241,0.075852,0.026704,-0.067365,-0.220581,0.165470,0.076523,0.188496,0.059273,0.134791,0.098320,0.128330,0.089474,0.421146,0.012464,0.381092,0.249739,0.464101,0.436784,0.084509,-0.068822,0.034377,-0.109069,-0.192743,0.015372,0.158135,0.202726
0.085563,-0.022476,0.260734,0.257266,0.007720,0.000000,0.135403,-0.175152,0.233939,0.266822,0.201550,-0.026968,0.143939,0.101099,0.013012,0.079735,0.101535,0.172860,0.150052,0.132371,0.117154,0.107543,0.056215,0.008541,0.058852,0.105333,0.148795,0.165267,0.262694,0.328336,0.141126,0.187555,0.182426,0.147226,0.069680
0.161706,0.136200,0.341169,0.539056,0.092627,0.135403,0.000000,-0.214635,0.426633,0.274546,0.305947,0.065796,0.239625,0.191431,0.055176,0.075219,0.130299,0.189497,0.285943,0.301087,0.215566,0.361889,0.136920,0.348809,0.071837,0.267081,0.359248,0.243846,0.266910,0.224929,0.197664,0.185392,0.148336,0.279831,0.310696
-0.157803,-0.056290,0.091025,-0.032506,0.017811,-0.175152,-0.214635,0.000000,-0.453769,-0.158715,-0.082885,-0.096865,-0.321913,0.021698,0.114402,0.397413,0.298162,0.213655,0.064857,0.186227,-0.041156,-0.230156,0.004677,-0.119864,0.098354,-0.263348,-0.234135,-0.274757,-0.347133,-0.136106,0.011789,-0.100059,-0.084113,-0.037236,0.022999
0.225081,0.192299,0.165960,0.344983,-0.053241,0.233939,0.426633,-0.453769,0.000000,0.391594,0.510228,0.203909,0.584966,0.161026,-0.076677,-0.148649,-0.011151,0.158154,0.262040,0.224659,0.238038,0.418228,0.186702,0.341678,0.020542,0.443896,0.496303,0.378591,0.571621,0.246761,0.160631,0.233736,0.180636,0.464683,0.414812
0.138998,0.162764,0.303662,0.475452,0.075852,0.266822,0.274546,-0.158715,0.391594,0.000000,0.483462,0.539846,0.188403,0.183483,0.259860,0.114445,0.177415,0.281878,0.286417,0.273446,0.047830,0.238465,0.254561,0.248204,0.018150,0.219260,0.274014,0.203695,0.350110,0.318365,0.250566,0.178235,0.070093,0.408058,0.341674
0.042683,0.148499,0.275102,0.464975,0.026704,0.201550,0.305947,-0.082885,0.510228,0.483462,0.000000,0.330601,0.404258,0.425139,0.287112,0.324286,0.196816,0.337957,0.273274,0.342513,0.075964,0.230392,0.289497,0.279448,0.215616,0.183129,0.278483,0.195307,0.338529,0.358775,0.441615,0.194395,0.281754,0.526041,0.528115
0.168173,0.251959,0.265132,0.323784,-0.067365,-0.026968,0.065796,-0.096865,0.203909,0.539846,0.330601,0.000000,0.195654,-0.046855,0.035157,-0.029992,-0.006319,0.181063,0.122798,0.163821,0.065062,0.181554,0.342922,0.316414,0.182572,0.173049,0.153995,0.154287,-0.001749,0.014704,0.343075,0.211658,0.124380,0.359132,0.319662
-0.029930,0.036138,-0.019927,0.114370,-0.220581,0.143939,0.239625,-0.321913,0.584966,0.188403,0.404258,0.195654,0.000000,0.080010,0.129217,-0.146499,-0.079431,0.023644,0.081672,0.127532,0.081634,0.112731,0.084236,0.101189,-0.002165,0.124699,0.197843,0.285892,0.468371,0.234188,0.349921,0.479696,0.316470,0.279629,0.275760
-0.097535,0.003624,0.167298,0.231916,0.165470,0.101099,0.191431,0.021698,0.161026,0.183483,0.425139,-0.046855,0.080010,0.000000,0.533997,0.595334,0.377019,0.295001,0.202171,0.263109,-0.100902,0.108483,0.146339,0.111531,0.082133,0.117752,0.186847,0.139467,0.150393,0.244794,-0.015838,-0.129542,0.112745,0.263804,0.252294
-0.143809,0.010280,0.024517,0.162286,0.076523,0.013012,0.055176,0.114402,-0.076677,0.259860,0.287112,0.035157,0.129217,0.533997,0.000000,0.485351,0.314462,0.238976,0.142241,0.245420,-0.200929,0.016625,0.160259,0.039946,0.015345,-0.085470,0.002006,0.086788,0.171895,0.332116,0.147787,0.061617,0.118770,0.066519,0.123000
-0.050039,0.089359,0.306421,0.271814,0.188496,0.079735,0.075219,0.397413,-0.148649,0.114445,0.324286,-0.029992,-0.146499,0.595334,0.485351,0.000000,0.705176,0.416305,0.224443,0.381937,-0.055075,0.035916,0.265482,0.139361,0.170040,-0.038572,0.016899,-0.057015,-0.145704,0.194516,0.224740,-0.024831,0.223354,0.141965,0.224859
0.041028,0.090632,0.366921,0.350823,0.059273,0.101535,0.130299,0.298162,-0.011151,0.177415,0.196816,-0.006319,-0.079431,0.377019,0.314462,0.705176,0.000000,0.443585,0.312656,0.407235,0.104086,0.099905,0.409283,0.158296,0.030144,0.043455,0.041427,0.060524,-0.038619,0.189187,0.271747,0.134463,0.229820,0.182769,0.245782
0.208449,0.301900,0.433589,0.530940,0.134791,0.172860,0.189497,0.213655,0.158154,0.281878,0.337957,0.181063,0.023644,0.295001,0.238976,0.416305,0.443585,0.000000,0.788136,0.821581,0.124253,0.349181,0.513511,0.425855,0.210155,0.224911,0.294990,0.229283,0.113119,0.188205,0.273182,0.206786,0.221966,0.525870,0.563742
0.271350,0.312433,0.373942,0.494401,0.098320,0.150052,0.285943,0.064857,0.262040,0.286417,0.273274,0.122798,0.081672,0.202171,0.142241,0.224443,0.312656,0.788136,0.000000,0.719118,0.223029,0.434577,0.488723,0.465120,0.133048,0.297698,0.371970,0.315644,0.201942,0.246847,0.290507,0.308438,0.200052,0.462282,0.473546
0.227074,0.335970,0.458539,0.566845,0.128330,0.132371,0.301087,0.186227,0.224659,0.273446,0.342513,0.163821,0.127532,0.263109,0.245420,0.381937,0.407235,0.821581,0.719118,0.000000,0.166678,0.382340,0.448897,0.472297,0.250904,0.257737,0.385532,0.241194,0.203356,0.221803,0.327849,0.301900,0.256951,0.546373,0.615721
0.322995,0.182948,0.498121,0.388147,0.089474,0.117154,0.215566,-0.041156,0.238038,0.047830,0.075964,0.065062,0.081634,-0.100902,-0.200929,-0.055075,0.104086,0.124253,0.223029,0.166678,0.000000,0.465899,0.207999,0.372966,0.431686,0.179298,0.106152,0.555361,0.141264,0.391945,0.322340,0.197827,0.305080,0.344652,0.247444
0.784364,0.713017,0.337536,0.454647,0.421146,0.107543,0.361889,-0.230156,0.418228,0.238465,0.230392,0.181554,0.112731,0.108483,0.016625,0.035916,0.099905,0.349181,0.434577,0.382340,0.465899,0.000000,0.376209,0.857195,0.357455,0.664940,0.621349,0.483966,0.145107,0.238398,0.227903,0.182194,0.230761,0.486227,0.505639
0.213433,0.249627,0.330740,0.456357,0.012464,0.056215,0.136920,0.004677,0.186702,0.254561,0.289497,0.342922,0.084236,0.146339,0.160259,0.265482,0.409283,0.513511,0.488723,0.448897,0.207999,0.376209,0.000000,0.421507,0.227380,0.269404,0.247207,0.331193,0.079654,0.173867,0.411233,0.261216,0.314503,0.373075,0.449482
0.739770,0.768495,0.393909,0.472153,0.381092,0.008541,0.348809,-0.119864,0.341678,0.248204,0.279448,0.316414,0.101189,0.111531,0.039946,0.139361,0.158296,0.425855,0.465120,0.472297,0.372966,0.857195,0.421507,0.000000,0.396131,0.605402,0.617735,0.348535,0.007859,0.107960,0.307237,0.226956,0.223304,0.550562,0.614008
0.179408,0.179712,0.445096,0.345372,0.249739,0.058852,0.071837,0.098354,0.020542,0.018150,0.215616,0.182572,-0.002165,0.082133,0.015345,0.170040,0.030144,0.210155,0.133048,0.250904,0.431686,0.357455,0.227380,0.396131,0.000000,0.035979,0.017217,0.366501,-0.085068,0.144207,0.297134,0.060983,0.306640,0.280232,0.338232
0.674993,0.634596,0.090859,0.203312,0.464101,0.105333,0.267081,-0.263348,0.443896,0.219260,0.183129,0.173049,0.124699,0.117752,-0.085470,-0.038572,0.043455,0.224911,0.297698,0.257737,0.179298,0.664940,0.269404,0.605402,0.035979,0.000000,0.853231,0.249425,0.138580,0.001661,0.070227,0.184534,0.171405,0.388782,0.394977
0.591262,0.621042,0.143058,0.279988,0.436784,0.148795,0.359248,-0.234135,0.496303,0.274014,0.278483,0.153995,0.197843,0.186847,0.002006,0.016899,0.041427,0.294990,0.371970,0.385532,0.106152,0.621349,0.247207,0.617735,0.017217,0.853231,0.000000,0.199261,0.243493,0.042449,0.080756,0.230984,0.143055,0.446492,0.462347
0.259822,0.168338,0.396619,0.388779,0.084509,0.165267,0.243846,-0.274757,0.378591,0.203695,0.195307,0.154287,0.285892,0.139467,0.086788,-0.057015,0.060524,0.229283,0.315644,0.241194,0.555361,0.483966,0.331193,0.348535,0.366501,0.249425,0.199261,0.000000,0.380160,0.558155,0.372608,0.284262,0.498723,0.335425,0.241784
-0.081023,-0.098264,0.045309,0.244761,-0.068822,0.262694,0.266910,-0.347133,0.571621,0.350110,0.338529,-0.001749,0.468371,0.150393,0.171895,-0.145704,-0.038619,0.113119,0.201942,0.203356,0.141264,0.145107,0.079654,0.007859,-0.085068,0.138580,0.243493,0.380160,0.000000,0.570490,0.202338,0.351892,0.196968,0.312229,0.221083
0.047737,-0.000354,0.303368,0.386297,0.034377,0.328336,0.224929,-0.136106,0.246761,0.318365,0.358775,0.014704,0.234188,0.244794,0.332116,0.194516,0.189187,0.188205,0.246847,0.221803,0.391945,0.238398,0.173867,0.107960,0.144207,0.001661,0.042449,0.558155,0.570490,0.000000,0.507189,0.329993,0.354952,0.233661,0.124903
0.151756,0.196500,0.430299,0.451057,-0.109069,0.141126,0.197664,0.011789,0.160631,0.250566,0.441615,0.343075,0.349921,-0.015838,0.147787,0.224740,0.271747,0.273182,0.290507,0.327849,0.322340,0.227903,0.411233,0.307237,0.297134,0.070227,0.080756,0.372608,0.202338,0.507189,0.000000,0.662883,0.621667,0.325052,0.325575
0.129393,0.187162,0.231129,0.233655,-0.192743,0.187555,0.185392,-0.100059,0.233736,0.178235,0.194395,0.211658,0.479696,-0.129542,0.061617,-0.024831,0.134463,0.206786,0.308438,0.301900,0.197827,0.182194,0.261216,0.226956,0.060983,0.184534,0.230984,0.284262,0.351892,0.329993,0.662883,0.000000,0.519729,0.250772,0.234833
0.129449,0.156285,0.451486,0.397965,0.015372,0.182426,0.148336,-0.084113,0.180636,0.070093,0.281754,0.124380,0.316470,0.112745,0.118770,0.223354,0.229820,0.221966,0.200052,0.256951,0.305080,0.230761,0.314503,0.223304,0.306640,0.171405,0.143055,0.498723,0.196968,0.354952,0.621667,0.519729,0.000000,0.306409,0.282342
0.337650,0.382732,0.504856,0.585138,0.158135,0.147226,0.279831,-0.037236,0.464683,0.408058,0.526041,0.359132,0.279629,0.263804,0.066519,0.141965,0.182769,0.525870,0.462282,0.546373,0.344652,0.486227,0.373075,0.550562,0.280232,0.388782,0.446492,0.335425,0.312229,0.233661,0.325052,0.250772,0.306409,0.000000,0.851647
0.339771,0.439002,0.449121,0.581220,0.202726,0.069680,0.310696,0.022999,0.414812,0.341674,0.528115,0.319662,0.275760,0.252294,0.123000,0.224859,0.245782,0.563742,0.473546,0.615721,0.247444,0.505639,0.449482,0.614008,0.338232,0.394977,0.462347,0.241784,0.221083,0.124903,0.325575,0.234833,0.282342,0.851647,0.000000
