0.000000,0.810371,0.280122,0.300313,0.040746,-0.233801,-0.293732,-0.113929,0.263947,0.325575,0.493070,0.283598,0.295473,0.081011,0.209705,0.254205,0.053092,0.370029,0.113173,0.290953,0.253769,0.502810,-0.039387,0.443149,-0.256657,0.526822,0.529393,0.468513,0.494637,0.419818,0.227630,0.227014,0.366488,0.443459,0.465442
0.810371,0.000000,0.282300,0.254916,0.048469,-0.285083,-0.251671,-0.177923,0.316703,0.371126,0.513732,0.410595,0.386313,0.083013,0.312490,0.210551,0.005397,0.361595,0.132282,0.262871,0.206597,0.446164,-0.085123,0.441186,-0.261536,0.475607,0.509261,0.385518,0.470602,0.407932,0.275712,0.285402,0.322321,0.383629,0.418744
0.280122,0.282300,0.000000,0.825897,0.389158,-0.327637,-0.122699,-0.174413,0.233922,0.435309,0.430266,0.472556,0.199508,0.377026,0.276132,0.324976,0.421840,0.524723,0.368485,0.418292,0.624334,0.556474,0.114934,0.660844,0.228746,0.296500,0.447123,0.227760,0.437142,0.374283,0.415790,0.429797,0.311099,0.414611,0.413912
0.300313,0.254916,0.825897,0.000000,0.364597,-0.337359,-0.156798,-0.215530,0.247579,0.445774,0.450926,0.399045,0.153136,0.433709,0.346406,0.411164,0.479102,0.588665,0.367046,0.549686,0.513134,0.595000,0.186697,0.624969,0.106730,0.378276,0.500778,0.212446,0.406329,0.344667,0.338618,0.321809,0.191279,0.481404,0.485968
0.040746,0.048469,0.389158,0.364597,0.000000,-0.075218,0.101778,0.041194,0.065033,0.289786,0.507752,0.014651,0.108051,0.139745,0.218114,0.141579,0.055713,0.411897,0.169557,0.397462,0.532264,0.496902,0.021656,0.426648,0.273709,0.271592,0.286843,0.342575,0.289623,0.507042,0.388279,0.171124,0.203163,0.266768,0.274896
-0.233801,-0.285083,-0.327637,-0.337359,-0.075218,0.000000,0.329143,0.443821,-0.188126,-0.309430,-0.372958,-0.424993,-0.207736,-0.273238,-0.371441,-0.190584,-0.086961,-0.185131,-0.012163,-0.212456,-0.181961,-0.332229,0.231339,-0.335421,0.085109,-0.114427,-0.266233,-0.301325,-0.360980,-0.310605,-0.296254,-0.291170,-0.238720,-0.315319,-0.314370
-0.293732,-0.251671,-0.122699,-0.156798,0.101778,0.329143,0.000000,0.425536,-0.245222,-0.315728,-0.203492,-0.285526,-0.135359,-0.299453,-0.355982,-0.146345,-0.226793,-0.152099,-0.125811,-0.071603,-0.034635,-0.257059,0.121488,-0.261727,0.152145,-0.247371,-0.325818,-0.205272,-0.350935,-0.125112,-0.107767,-0.175593,-0.288966,-0.270552,-0.264021
-0.113929,-0.177923,-0.174413,-0.215530,0.041194,0.443821,0.425536,0.000000,-0.229919,-0.304453,-0.285883,-0.227892,-0.193739,-0.294962,-0.378640,-0.090034,-0.201963,-0.052605,0.013059,-0.003309,-0.108511,-0.285664,0.163778,-0.335140,0.073658,-0.143575,-0.212277,-0.151952,-0.280358,-0.188680,-0.245632,-0.240924,-0.303569,-0.110462,-0.092092
0.263947,0.316703,0.233922,0.247579,0.065033,-0.188126,-0.245222,-0.229919,0.000000,0.688384,0.414853,0.569273,0.710599,0.240580,0.241957,0.078033,0.013961,0.054125,0.121325,-0.086516,0.101708,0.347706,0.032272,0.351519,0.131864,0.213335,0.272394,0.282998,0.374841,0.206991,0.329565,0.419941,0.356258,0.022067,0.028299
0.325575,0.371126,0.435309,0.445774,0.289786,-0.309430,-0.315728,-0.304453,0.688384,0.000000,0.620931,0.615073,0.693345,0.134310,0.385895,-0.013669,0.068332,0.223259,0.254322,0.036791,0.330264,0.630641,-0.094121,0.547285,0.085539,0.418328,0.535863,0.506458,0.597881,0.481194,0.398261,0.426949,0.448910,0.155679,0.171020
0.493070,0.513732,0.430266,0.450926,0.507752,-0.372958,-0.203492,-0.285883,0.414853,0.620931,0.000000,0.405757,0.497144,0.186167,0.506874,0.238267,-0.019691,0.375001,0.112719,0.353526,0.516596,0.714186,-0.111446,0.649857,-0.012083,0.424628,0.488112,0.652098,0.577081,0.775729,0.646591,0.358318,0.479485,0.432692,0.478990
0.283598,0.410595,0.472556,0.399045,0.014651,-0.424993,-0.285526,-0.227892,0.569273,0.615073,0.405757,0.000000,0.584219,0.170067,0.318030,0.076558,0.041544,0.168081,0.129263,0.100698,0.209065,0.347863,-0.103547,0.420063,0.063665,0.167983,0.363440,0.253912,0.435262,0.252574,0.412130,0.523811,0.305002,0.121565,0.137151
0.295473,0.386313,0.199508,0.153136,0.108051,-0.207736,-0.135359,-0.193739,0.710599,0.693345,0.497144,0.584219,0.000000,-0.151294,0.110562,-0.183379,-0.281218,0.042435,0.069465,-0.104553,0.146923,0.408586,-0.008386,0.403833,0.069956,0.209924,0.208201,0.480455,0.385094,0.365688,0.438533,0.503607,0.485482,0.013742,0.027191
0.081011,0.083013,0.377026,0.433709,0.139745,-0.273238,-0.299453,-0.294962,0.240580,0.134310,0.186167,0.170067,-0.151294,0.000000,0.549893,0.708726,0.641994,0.332925,0.219814,0.386768,0.213675,0.252277,0.129435,0.339776,0.076393,0.117956,0.229787,-0.036692,0.243701,0.105956,0.228119,0.163672,-0.017604,0.252127,0.263340
0.209705,0.312490,0.276132,0.346406,0.218114,-0.371441,-0.355982,-0.378640,0.241957,0.385895,0.506874,0.318030,0.110562,0.549893,0.000000,0.389652,0.285563,0.248455,0.043717,0.306647,0.247982,0.382724,-0.143252,0.398502,-0.051071,0.139569,0.271621,0.277757,0.415428,0.350779,0.333678,0.163118,0.146214,0.340753,0.379673
0.254205,0.210551,0.324976,0.411164,0.141579,-0.190584,-0.146345,-0.090034,0.078033,-0.013669,0.238267,0.076558,-0.183379,0.708726,0.389652,0.000000,0.538534,0.415695,0.133453,0.540981,0.207075,0.200979,0.150755,0.297959,0.070503,0.162470,0.239590,-0.058987,0.152883,0.153894,0.242286,0.135520,-0.125268,0.320132,0.360184
0.053092,0.005397,0.421840,0.479102,0.055713,-0.086961,-0.226793,-0.201963,0.013961,0.068332,-0.019691,0.041544,-0.281218,0.641994,0.285563,0.538534,0.000000,0.412692,0.420929,0.371170,0.190032,0.156489,0.264870,0.245430,0.108916,0.166948,0.256721,-0.221138,0.149796,-0.050609,-0.025806,0.090858,-0.121663,0.225485,0.230271
0.370029,0.361595,0.524723,0.588665,0.411897,-0.185131,-0.152099,-0.052605,0.054125,0.223259,0.375001,0.168081,0.042435,0.332925,0.248455,0.415695,0.412692,0.000000,0.581632,0.803392,0.363445,0.520189,0.293777,0.512775,-0.079127,0.539371,0.553825,0.122061,0.356531,0.370211,0.244115,0.252321,0.021758,0.608911,0.613649
0.113173,0.132282,0.368485,0.367046,0.169557,-0.012163,-0.125811,0.013059,0.121325,0.254322,0.112719,0.129263,0.069465,0.219814,0.043717,0.133453,0.420929,0.581632,0.000000,0.297730,0.139483,0.376933,0.402711,0.398765,0.016821,0.437277,0.442213,0.000421,0.227463,0.105751,0.054626,0.227041,0.103131,0.156308,0.167705
0.290953,0.262871,0.418292,0.549686,0.397462,-0.212456,-0.071603,-0.003309,-0.086516,0.036791,0.353526,0.100698,-0.104553,0.386768,0.306647,0.540981,0.371170,0.803392,0.297730,0.000000,0.342151,0.372425,0.245990,0.383561,-0.093800,0.330468,0.360489,0.092012,0.248115,0.346068,0.298331,0.169145,-0.132191,0.588877,0.613967
0.253769,0.206597,0.624334,0.513134,0.532264,-0.181961,-0.034635,-0.108511,0.101708,0.330264,0.516596,0.209065,0.146923,0.213675,0.247982,0.207075,0.190032,0.363445,0.139483,0.342151,0.000000,0.607678,0.024777,0.612604,0.370585,0.188257,0.264488,0.494295,0.368749,0.569967,0.535912,0.300185,0.376468,0.392846,0.401383
0.502810,0.446164,0.556474,0.595000,0.496902,-0.332229,-0.257059,-0.285664,0.347706,0.630641,0.714186,0.347863,0.408586,0.252277,0.382724,0.200979,0.156489,0.520189,0.376933,0.372425,0.607678,0.000000,0.076984,0.834618,0.048510,0.618833,0.633893,0.611164,0.540508,0.641488,0.478544,0.310106,0.475356,0.405332,0.416960
-0.039387,-0.085123,0.114934,0.186697,0.021656,0.231339,0.121488,0.163778,0.032272,-0.094121,-0.111446,-0.103547,-0.008386,0.129435,-0.143252,0.150755,0.264870,0.293777,0.402711,0.245990,0.024777,0.076984,0.000000,0.118994,0.149879,0.005407,-0.098457,-0.147616,-0.073878,-0.037787,0.004276,0.186930,-0.100901,0.070683,0.091517
0.443149,0.441186,0.660844,0.624969,0.426648,-0.335421,-0.261727,-0.335140,0.351519,0.547285,0.649857,0.420063,0.403833,0.339776,0.398502,0.297959,0.245430,0.512775,0.398765,0.383561,0.612604,0.834618,0.118994,0.000000,0.158603,0.496945,0.548931,0.515548,0.500894,0.601467,0.603956,0.446248,0.513324,0.402890,0.419194
-0.256657,-0.261536,0.228746,0.106730,0.273709,0.085109,0.152145,0.073658,0.131864,0.085539,-0.012083,0.063665,0.069956,0.076393,-0.051071,0.070503,0.108916,-0.079127,0.016821,-0.093800,0.370585,0.048510,0.149879,0.158603,0.000000,-0.186376,-0.119346,-0.017866,-0.049319,0.094854,0.274405,0.268771,0.099697,-0.115513,-0.122166
0.526822,0.475607,0.296500,0.378276,0.271592,-0.114427,-0.247371,-0.143575,0.213335,0.418328,0.424628,0.167983,0.209924,0.117956,0.139569,0.162470,0.166948,0.539371,0.437277,0.330468,0.188257,0.618833,0.005407,0.496945,-0.186376,0.000000,0.839763,0.322392,0.421179,0.346453,0.125715,0.191974,0.294648,0.272097,0.273226
0.529393,0.509261,0.447123,0.500778,0.286843,-0.266233,-0.325818,-0.212277,0.272394,0.535863,0.488112,0.363440,0.208201,0.229787,0.271621,0.239590,0.256721,0.553825,0.442213,0.360489,0.264488,0.633893,-0.098457,0.548931,-0.119346,0.839763,0.000000,0.348368,0.520085,0.409502,0.218747,0.266201,0.321883,0.334294,0.340323
0.468513,0.385518,0.227760,0.212446,0.342575,-0.301325,-0.205272,-0.151952,0.282998,0.506458,0.652098,0.253912,0.480455,-0.036692,0.277757,-0.058987,-0.221138,0.122061,0.000421,0.092012,0.494295,0.611164,-0.147616,0.515548,-0.017866,0.322392,0.348368,0.000000,0.579771,0.704256,0.528023,0.295331,0.665444,0.281741,0.307879
0.494637,0.470602,0.437142,0.406329,0.289623,-0.360980,-0.350935,-0.280358,0.374841,0.597881,0.577081,0.435262,0.385094,0.243701,0.415428,0.152883,0.149796,0.356531,0.227463,0.248115,0.368749,0.540508,-0.073878,0.500894,-0.049319,0.421179,0.520085,0.579771,0.000000,0.651847,0.528037,0.627420,0.564551,0.417075,0.433737
0.419818,0.407932,0.374283,0.344667,0.507042,-0.310605,-0.125112,-0.188680,0.206991,0.481194,0.775729,0.252574,0.365688,0.105956,0.350779,0.153894,-0.050609,0.370211,0.105751,0.346068,0.569967,0.641488,-0.037787,0.601467,0.094854,0.346453,0.409502,0.704256,0.651847,0.000000,0.735170,0.422554,0.517505,0.440117,0.471300
0.227630,0.275712,0.415790,0.338618,0.388279,-0.296254,-0.107767,-0.245632,0.329565,0.398261,0.646591,0.412130,0.438533,0.228119,0.333678,0.242286,-0.025806,0.244115,0.054626,0.298331,0.535912,0.478544,0.004276,0.603956,0.274405,0.125715,0.218747,0.528023,0.528037,0.735170,0.000000,0.632404,0.534918,0.261073,0.296931
0.227014,0.285402,0.429797,0.321809,0.171124,-0.291170,-0.175593,-0.240924,0.419941,0.426949,0.358318,0.523811,0.503607,0.163672,0.163118,0.135520,0.090858,0.252321,0.227041,0.169145,0.300185,0.310106,0.186930,0.446248,0.268771,0.191974,0.266201,0.295331,0.627420,0.422554,0.632404,0.000000,0.514009,0.187047,0.204605
0.366488,0.322321,0.311099,0.191279,0.203163,-0.238720,-0.288966,-0.303569,0.356258,0.448910,0.479485,0.305002,0.485482,-0.017604,0.146214,-0.125268,-0.121663,0.021758,0.103131,-0.132191,0.376468,0.475356,-0.100901,0.513324,0.099697,0.294648,0.321883,0.665444,0.564551,0.517505,0.534918,0.514009,0.000000,0.157816,0.169956
0.443459,0.383629,0.414611,0.481404,0.266768,-0.315319,-0.270552,-0.110462,0.022067,0.155679,0.432692,0.121565,0.013742,0.252127,0.340753,0.320132,0.225485,0.608911,0.156308,0.588877,0.392846,0.405332,0.070683,0.402890,-0.115513,0.272097,0.334294,0.281741,0.417075,0.440117,0.261073,0.187047,0.157816,0.000000,0.921521
0.465442,0.418744,0.413912,0.485968,0.274896,-0.314370,-0.264021,-0.092092,0.028299,0.171020,0.478990,0.137151,0.027191,0.263340,0.379673,0.360184,0.230271,0.613649,0.167705,0.613967,0.401383,0.416960,0.091517,0.419194,-0.122166,0.273226,0.340323,0.307879,0.433737,0.471300,0.296931,0.204605,0.169956,0.921521,0.000000
