1.0000,0.8249,0.4830,0.5043,0.3243,0.1622,0.2388,0.3653,0.5764,0.5774,0.4847,0.5653,0.5375,0.3565,0.2320,0.4222,0.3951,0.4993,0.3974,0.4665,0.4827,0.7754,0.4096,0.6320,0.2362,0.6380,0.6788,0.2053,0.3676,0.3026,0.4071,0.2081,0.4438,0.5303,0.5552
0.8249,1.0000,0.5526,0.5390,0.2601,0.1948,0.2240,0.3713,0.6349,0.5965,0.4772,0.6529,0.5610,0.4379,0.2949,0.3950,0.4567,0.5254,0.3923,0.5169,0.4731,0.7083,0.4721,0.7344,0.2815,0.6509,0.7366,0.1674,0.3926,0.2523,0.4267,0.2712,0.5064,0.5203,0.5694
0.4830,0.5526,1.0000,0.8348,0.3614,0.2579,0.3237,0.2903,0.4482,0.6579,0.6031,0.4107,0.2617,0.3763,0.2058,0.2487,0.1957,0.5713,0.3222,0.4177,0.6231,0.6569,0.3516,0.6761,0.5697,0.3685,0.4499,0.4706,0.5928,0.5156,0.6057,0.4396,0.6508,0.6196,0.7104
0.5043,0.5390,0.8348,1.0000,0.4149,0.3762,0.4590,0.3779,0.4850,0.6679,0.6241,0.4277,0.3328,0.4153,0.2560,0.3309,0.2159,0.4930,0.2181,0.3726,0.5423,0.6984,0.3963,0.6455,0.4646,0.3253,0.4208,0.4287,0.5818,0.5465,0.6266,0.4166,0.6247,0.6054,0.6732
0.3243,0.2601,0.3614,0.4149,1.0000,0.1636,0.1527,0.2634,0.2588,0.3355,0.3219,0.1753,0.1221,0.1812,0.0974,0.0931,0.0269,0.2971,0.1736,0.2485,0.2833,0.4399,0.1362,0.3239,0.1963,0.1626,0.2121,0.1828,0.2760,0.2983,0.2865,0.1803,0.2930,0.3497,0.3618
0.1622,0.1948,0.2579,0.3762,0.1636,1.0000,0.3232,0.1941,0.1997,0.1635,0.3023,0.0887,0.1492,0.2564,0.1430,0.2557,0.2359,0.1394,-0.0809,0.1260,0.1333,0.2538,0.2635,0.2371,0.1000,0.0788,0.0961,0.0819,0.1253,0.1966,0.1837,0.0529,0.1020,0.1345,0.1449
0.2388,0.2240,0.3237,0.4590,0.1527,0.3232,1.0000,0.2580,0.2682,0.1626,0.2432,0.1203,0.3043,0.1736,0.0265,0.1088,0.0635,0.1413,-0.0081,-0.0548,0.2769,0.3035,0.1010,0.3064,0.1849,0.0493,0.0787,0.2069,0.2657,0.2480,0.2645,0.0786,0.1919,0.2291,0.2248
0.3653,0.3713,0.2903,0.3779,0.2634,0.1941,0.2580,1.0000,0.2522,0.2944,0.2892,0.3060,0.2486,0.2158,0.1270,0.2471,0.2455,0.1152,0.0723,0.1252,0.2409,0.3149,0.1953,0.2632,0.0872,0.2078,0.3378,0.0588,0.2034,0.2115,0.2795,0.1549,0.2532,0.2140,0.2666
0.5764,0.6349,0.4482,0.4850,0.2588,0.1997,0.2682,0.2522,1.0000,0.6531,0.5907,0.6713,0.5409,0.3318,0.1803,0.2644,0.2574,0.4664,0.3188,0.3527,0.4115,0.5903,0.3824,0.5272,0.2913,0.6627,0.7057,0.1494,0.5838,0.2189,0.4621,0.3575,0.5180,0.6047,0.6168
0.5774,0.5965,0.6579,0.6679,0.3355,0.1635,0.1626,0.2944,0.6531,1.0000,0.7311,0.7165,0.4439,0.3412,0.2442,0.2611,0.1884,0.5024,0.2971,0.3941,0.5937,0.7066,0.3669,0.6438,0.3970,0.4532,0.5375,0.3849,0.6400,0.5251,0.6533,0.4056,0.6342,0.6697,0.7451
0.4847,0.4772,0.6031,0.6241,0.3219,0.3023,0.2432,0.2892,0.5907,0.7311,1.0000,0.5684,0.3247,0.4799,0.2557,0.3727,0.1612,0.4243,0.2097,0.3487,0.4323,0.5709,0.3524,0.4767,0.3285,0.3672,0.4410,0.3142,0.5369,0.5650,0.6742,0.3368,0.5933,0.5826,0.6576
0.5653,0.6529,0.4107,0.4277,0.1753,0.0887,0.1203,0.3060,0.6713,0.7165,0.5684,1.0000,0.6488,0.2019,0.0484,0.1354,0.1550,0.3604,0.2296,0.3882,0.3069,0.5304,0.2911,0.5307,0.1413,0.4914,0.5562,0.0966,0.3681,0.2140,0.4553,0.1842,0.4947,0.4806,0.5231
0.5375,0.5610,0.2617,0.3328,0.1221,0.1492,0.3043,0.2486,0.5409,0.4439,0.3247,0.6488,1.0000,0.0900,-0.0182,0.1520,0.1945,0.2691,0.1490,0.2820,0.3076,0.4898,0.2657,0.4759,0.1760,0.3038,0.3752,0.1820,0.3124,0.2565,0.4426,0.1542,0.4463,0.2651,0.2985
0.3565,0.4379,0.3763,0.4153,0.1812,0.2564,0.1736,0.2158,0.3318,0.3412,0.4799,0.2019,0.0900,1.0000,0.7867,0.7342,0.6892,0.3149,0.2671,0.3293,0.3379,0.4656,0.5882,0.4524,0.3130,0.3424,0.3806,0.1726,0.2112,0.2060,0.3151,0.2988,0.3667,0.2998,0.3151
0.2320,0.2949,0.2058,0.2560,0.0974,0.1430,0.0265,0.1270,0.1803,0.2442,0.2557,0.0484,-0.0182,0.7867,1.0000,0.7037,0.6592,0.2743,0.2783,0.2714,0.2974,0.3287,0.4970,0.2620,0.2491,0.2616,0.2876,0.1287,0.1628,0.1582,0.1607,0.2354,0.2287,0.1647,0.1874
0.4222,0.3950,0.2487,0.3309,0.0931,0.2557,0.1088,0.2471,0.2644,0.2611,0.3727,0.1354,0.1520,0.7342,0.7037,1.0000,0.7963,0.3573,0.3990,0.3445,0.2704,0.4374,0.6729,0.3426,0.2808,0.3935,0.4061,0.0872,0.1793,0.1777,0.2275,0.2251,0.2371,0.2379,0.2672
0.3951,0.4567,0.1957,0.2159,0.0269,0.2359,0.0635,0.2455,0.2574,0.1884,0.1612,0.1550,0.1945,0.6892,0.6592,0.7963,1.0000,0.3521,0.4258,0.3456,0.2513,0.3947,0.6968,0.4002,0.2547,0.4100,0.4100,-0.0009,0.1113,-0.0049,0.0903,0.1705,0.1624,0.1535,0.1621
0.4993,0.5254,0.5713,0.4930,0.2971,0.1394,0.1413,0.1152,0.4664,0.5024,0.4243,0.3604,0.2691,0.3149,0.2743,0.3573,0.3521,1.0000,0.7413,0.7971,0.3800,0.5545,0.5133,0.5058,0.4418,0.4326,0.4522,0.2299,0.4258,0.2819,0.3304,0.2188,0.3709,0.5662,0.6082
0.3974,0.3923,0.3222,0.2181,0.1736,-0.0809,-0.0081,0.0723,0.3188,0.2971,0.2097,0.2296,0.1490,0.2671,0.2783,0.3990,0.4258,0.7413,1.0000,0.6177,0.2679,0.3740,0.4248,0.3316,0.3770,0.4644,0.4243,0.1094,0.2433,0.0821,0.1192,0.1053,0.2003,0.3110,0.3549
0.4665,0.5169,0.4177,0.3726,0.2485,0.1260,-0.0548,0.1252,0.3527,0.3941,0.3487,0.3882,0.2820,0.3293,0.2714,0.3445,0.3456,0.7971,0.6177,1.0000,0.2225,0.4581,0.5119,0.4191,0.2305,0.3250,0.3671,0.1653,0.2602,0.2018,0.3111,0.1835,0.3579,0.4558,0.4735
0.4827,0.4731,0.6231,0.5423,0.2833,0.1333,0.2769,0.2409,0.4115,0.5937,0.4323,0.3069,0.3076,0.3379,0.2974,0.2704,0.2513,0.3800,0.2679,0.2225,1.0000,0.6630,0.3064,0.6391,0.6003,0.3352,0.4167,0.6578,0.6144,0.5640,0.5069,0.3678,0.5949,0.5007,0.5848
0.7754,0.7083,0.6569,0.6984,0.4399,0.2538,0.3035,0.3149,0.5903,0.7066,0.5709,0.5304,0.4898,0.4656,0.3287,0.4374,0.3947,0.5545,0.3740,0.4581,0.6630,1.0000,0.5186,0.8205,0.5023,0.5334,0.5917,0.4257,0.5511,0.4514,0.5083,0.3443,0.5854,0.6322,0.6700
0.4096,0.4721,0.3516,0.3963,0.1362,0.2635,0.1010,0.1953,0.3824,0.3669,0.3524,0.2911,0.2657,0.5882,0.4970,0.6729,0.6968,0.5133,0.4248,0.5119,0.3064,0.5186,1.0000,0.5090,0.2754,0.3418,0.3753,0.1425,0.3522,0.1845,0.2730,0.3083,0.2964,0.4098,0.4130
0.6320,0.7344,0.6761,0.6455,0.3239,0.2371,0.3064,0.2632,0.5272,0.6438,0.4767,0.5307,0.4759,0.4524,0.2620,0.3426,0.4002,0.5058,0.3316,0.4191,0.6391,0.8205,0.5090,1.0000,0.5799,0.4318,0.5158,0.3973,0.5234,0.3753,0.5049,0.4127,0.5990,0.5576,0.6095
0.2362,0.2815,0.5697,0.4646,0.1963,0.1000,0.1849,0.0872,0.2913,0.3970,0.3285,0.1413,0.1760,0.3130,0.2491,0.2808,0.2547,0.4418,0.3770,0.2305,0.6003,0.5023,0.2754,0.5799,1.0000,0.2961,0.3192,0.5319,0.5227,0.4480,0.4435,0.4818,0.5641,0.3330,0.4271
0.6380,0.6509,0.3685,0.3253,0.1626,0.0788,0.0493,0.2078,0.6627,0.4532,0.3672,0.4914,0.3038,0.3424,0.2616,0.3935,0.4100,0.4326,0.4644,0.3250,0.3352,0.5334,0.3418,0.4318,0.2961,1.0000,0.8960,0.0364,0.3233,0.0182,0.1813,0.2123,0.3557,0.4162,0.4535
0.6788,0.7366,0.4499,0.4208,0.2121,0.0961,0.0787,0.3378,0.7057,0.5375,0.4410,0.5562,0.3752,0.3806,0.2876,0.4061,0.4100,0.4522,0.4243,0.3671,0.4167,0.5917,0.3753,0.5158,0.3192,0.8960,1.0000,0.1204,0.4173,0.1464,0.3022,0.3028,0.4644,0.4898,0.5474
0.2053,0.1674,0.4706,0.4287,0.1828,0.0819,0.2069,0.0588,0.1494,0.3849,0.3142,0.0966,0.1820,0.1726,0.1287,0.0872,-0.0009,0.2299,0.1094,0.1653,0.6578,0.4257,0.1425,0.3973,0.5319,0.0364,0.1204,1.0000,0.6232,0.7479,0.6524,0.4331,0.6146,0.3836,0.4638
0.3676,0.3926,0.5928,0.5818,0.2760,0.1253,0.2657,0.2034,0.5838,0.6400,0.5369,0.3681,0.3124,0.2112,0.1628,0.1793,0.1113,0.4258,0.2433,0.2602,0.6144,0.5511,0.3522,0.5234,0.5227,0.3233,0.4173,0.6232,1.0000,0.6334,0.7090,0.6700,0.6715,0.6351,0.7027
0.3026,0.2523,0.5156,0.5465,0.2983,0.1966,0.2480,0.2115,0.2189,0.5251,0.5650,0.2140,0.2565,0.2060,0.1582,0.1777,-0.0049,0.2819,0.0821,0.2018,0.5640,0.4514,0.1845,0.3753,0.4480,0.0182,0.1464,0.7479,0.6334,1.0000,0.7813,0.3925,0.6241,0.4168,0.5229
0.4071,0.4267,0.6057,0.6266,0.2865,0.1837,0.2645,0.2795,0.4621,0.6533,0.6742,0.4553,0.4426,0.3151,0.1607,0.2275,0.0903,0.3304,0.1192,0.3111,0.5069,0.5083,0.2730,0.5049,0.4435,0.1813,0.3022,0.6524,0.7090,0.7813,1.0000,0.6175,0.7646,0.5135,0.6056
0.2081,0.2712,0.4396,0.4166,0.1803,0.0529,0.0786,0.1549,0.3575,0.4056,0.3368,0.1842,0.1542,0.2988,0.2354,0.2251,0.1705,0.2188,0.1053,0.1835,0.3678,0.3443,0.3083,0.4127,0.4818,0.2123,0.3028,0.4331,0.6700,0.3925,0.6175,1.0000,0.6268,0.4097,0.4569
0.4438,0.5064,0.6508,0.6247,0.2930,0.1020,0.1919,0.2532,0.5180,0.6342,0.5933,0.4947,0.4463,0.3667,0.2287,0.2371,0.1624,0.3709,0.2003,0.3579,0.5949,0.5854,0.2964,0.5990,0.5641,0.3557,0.4644,0.6146,0.6715,0.6241,0.7646,0.6268,1.0000,0.4853,0.5757
0.5303,0.5203,0.6196,0.6054,0.3497,0.1345,0.2291,0.2140,0.6047,0.6697,0.5826,0.4806,0.2651,0.2998,0.1647,0.2379,0.1535,0.5662,0.3110,0.4558,0.5007,0.6322,0.4098,0.5576,0.3330,0.4162,0.4898,0.3836,0.6351,0.4168,0.5135,0.4097,0.4853,1.0000,0.8984
0.5552,0.5694,0.7104,0.6732,0.3618,0.1449,0.2248,0.2666,0.6168,0.7451,0.6576,0.5231,0.2985,0.3151,0.1874,0.2672,0.1621,0.6082,0.3549,0.4735,0.5848,0.6700,0.4130,0.6095,0.4271,0.4535,0.5474,0.4638,0.7027,0.5229,0.6056,0.4569,0.5757,0.8984,1.0000
