1.0000,0.6491,0.1021,0.0957,-0.0549,-0.0519,-0.1345,0.0159,0.2700,0.1078,0.1749,0.1042,0.0725,-0.0639,-0.1046,-0.0719,-0.0421,0.0936,-0.0182,0.0788,0.2205,0.5741,-0.0175,0.3634,0.1035,0.2941,0.1400,0.1600,0.1319,0.3365,0.2746,0.0320,0.0586,0.3271,0.3351
0.6491,1.0000,0.2378,0.1289,-0.1085,-0.0547,-0.0652,0.0850,0.1693,0.1425,0.2084,0.0887,0.0915,0.0672,0.0628,0.0946,0.0462,0.2061,0.0258,0.2259,0.1777,0.5059,0.0825,0.5109,0.1721,0.3091,0.2361,0.1589,0.0794,0.1937,0.3005,0.1333,0.1600,0.3126,0.3696
0.1021,0.2378,1.0000,0.6987,-0.0429,0.0596,0.0897,-0.0684,-0.0392,0.2693,0.2130,0.0957,-0.0589,0.3014,0.3305,0.2446,0.2826,0.3987,0.2541,0.4284,0.2998,0.2619,0.2539,0.4300,0.2651,0.1660,0.2393,0.3337,0.1965,0.1391,0.1857,0.3283,0.2505,0.4311,0.4229
0.0957,0.1289,0.6987,1.0000,0.0569,0.0621,-0.0146,-0.1485,-0.0268,0.2858,0.1144,0.1355,-0.0318,0.2057,0.2405,0.1916,0.2929,0.3566,0.4411,0.3995,0.4011,0.2816,0.2495,0.3366,0.1884,0.2267,0.2390,0.2726,0.2631,0.1461,0.0264,0.1376,0.0741,0.3904,0.3531
-0.0549,-0.1085,-0.0429,0.0569,1.0000,0.0242,-0.1081,-0.1235,-0.1841,-0.0919,-0.0614,-0.1251,-0.0824,0.0916,0.1332,0.1606,0.0922,-0.0968,0.1398,-0.0044,-0.0699,0.0299,0.0949,0.0717,0.1772,-0.1603,-0.2033,0.0206,-0.0430,-0.0274,-0.0357,-0.1030,-0.0517,-0.0105,-0.0587
-0.0519,-0.0547,0.0596,0.0621,0.0242,1.0000,0.1945,0.2426,-0.1266,-0.1820,-0.0992,-0.1009,0.0617,-0.0947,-0.0240,0.0417,0.0510,0.1178,0.1450,0.1204,-0.1856,-0.1092,0.1011,0.0488,-0.0945,0.0513,0.1126,-0.1806,-0.1811,-0.1794,-0.0772,-0.0385,-0.1294,-0.1321,-0.0527
-0.1345,-0.0652,0.0897,-0.0146,-0.1081,0.1945,1.0000,0.1866,-0.1663,-0.0243,0.0579,-0.0103,0.1765,0.1461,0.1296,0.1821,0.1145,0.2140,-0.1502,0.1145,-0.0863,-0.0009,0.1427,0.1307,-0.1585,0.0568,0.0885,0.0119,-0.0398,-0.1106,-0.0738,-0.0048,-0.0632,0.0251,0.0521
0.0159,0.0850,-0.0684,-0.1485,-0.1235,0.2426,0.1866,1.0000,-0.0589,-0.0033,-0.0824,-0.0727,-0.0461,-0.1011,-0.0116,-0.0687,-0.0230,0.0183,-0.1469,-0.0861,-0.1568,-0.0515,-0.0635,-0.0486,-0.1800,0.1078,-0.0061,-0.0258,-0.0739,0.0112,-0.1239,-0.1497,-0.1428,-0.0852,-0.0711
0.2700,0.1693,-0.0392,-0.0268,-0.1841,-0.1266,-0.1663,-0.0589,1.0000,0.4370,0.4619,0.4991,0.2629,-0.1654,-0.2488,-0.4286,-0.3955,-0.0127,-0.1709,-0.0259,0.3788,0.3825,-0.2669,0.0163,-0.0485,0.2690,0.1363,0.1036,0.4059,0.4371,0.3231,0.0288,-0.0322,0.1313,0.0967
0.1078,0.1425,0.2693,0.2858,-0.0919,-0.1820,-0.0243,-0.0033,0.4370,1.0000,0.5041,0.4680,0.0190,0.3317,0.1722,0.0091,0.0936,0.1487,-0.1054,0.0725,0.3495,0.3711,0.0478,0.1484,-0.1620,0.1830,0.1411,0.3839,0.5105,0.5209,0.1219,-0.1062,-0.2183,0.3257,0.3057
0.1749,0.2084,0.2130,0.1144,-0.0614,-0.0992,0.0579,-0.0824,0.4619,0.5041,1.0000,0.3911,0.1831,0.2533,0.0758,0.0915,-0.0723,0.1414,-0.1749,0.1254,0.3103,0.3252,0.0319,0.1704,0.0378,0.2166,0.1534,0.2993,0.4065,0.4454,0.5026,0.1702,0.0777,0.3179,0.4065
0.1042,0.0887,0.0957,0.1355,-0.1251,-0.1009,-0.0103,-0.0727,0.4991,0.4680,0.3911,1.0000,0.2662,0.0012,-0.1206,-0.1730,-0.1074,0.0990,-0.1153,0.0637,0.2740,0.2788,-0.0342,0.1293,-0.0897,0.3119,0.2304,0.0232,0.2661,0.2069,0.1881,0.1211,-0.0129,0.1218,0.1011
0.0725,0.0915,-0.0589,-0.0318,-0.0824,0.0617,0.1765,-0.0461,0.2629,0.0190,0.1831,0.2662,1.0000,-0.1053,-0.1231,-0.1279,-0.2759,0.1185,0.0622,0.1685,0.1617,0.1584,-0.0851,0.0991,0.1230,0.2938,0.2892,-0.1056,0.0752,-0.1426,0.1736,0.1808,0.0801,-0.0241,-0.0244
-0.0639,0.0672,0.3014,0.2057,0.0916,-0.0947,0.1461,-0.1011,-0.1654,0.3317,0.2533,0.0012,-0.1053,1.0000,0.6224,0.6339,0.5448,0.3100,0.0334,0.2500,0.0697,0.1200,0.3270,0.1969,-0.0061,-0.1525,-0.0329,0.4431,0.1340,0.0612,0.0173,0.0046,-0.0042,0.1578,0.1985
-0.1046,0.0628,0.3305,0.2405,0.1332,-0.0240,0.1296,-0.0116,-0.2488,0.1722,0.0758,-0.1206,-0.1231,0.6224,1.0000,0.5362,0.5495,0.2944,0.0755,0.3158,-0.0273,0.0742,0.3068,0.1904,0.1148,-0.1644,-0.0555,0.3055,0.0145,-0.0125,0.0490,0.0500,0.1210,0.1321,0.1857
-0.0719,0.0946,0.2446,0.1916,0.1606,0.0417,0.1821,-0.0687,-0.4286,0.0091,0.0915,-0.1730,-0.1279,0.6339,0.5362,1.0000,0.6778,0.2472,0.1020,0.2637,-0.1691,-0.0561,0.4174,0.1842,0.0673,-0.1207,-0.0282,0.1486,-0.1862,-0.1890,-0.0257,0.0645,0.0885,0.1220,0.1990
-0.0421,0.0462,0.2826,0.2929,0.0922,0.0510,0.1145,-0.0230,-0.3955,0.0936,-0.0723,-0.1074,-0.2759,0.5448,0.5495,0.6778,1.0000,0.2241,0.1962,0.1809,-0.1213,-0.0226,0.4669,0.2202,0.0310,-0.1561,-0.0031,0.1275,-0.2123,-0.2044,-0.2497,-0.0426,0.0298,0.0038,0.0960
0.0936,0.2061,0.3987,0.3566,-0.0968,0.1178,0.2140,0.0183,-0.0127,0.1487,0.1414,0.0990,0.1185,0.3100,0.2944,0.2472,0.2241,1.0000,0.3053,0.7178,0.3139,0.2889,0.1685,0.3111,0.1035,0.1726,0.2174,0.2667,0.2152,0.1037,0.1498,0.1646,0.1540,0.2404,0.3264
-0.0182,0.0258,0.2541,0.4411,0.1398,0.1450,-0.1502,-0.1469,-0.1709,-0.1054,-0.1749,-0.1153,0.0622,0.0334,0.0755,0.1020,0.1962,0.3053,1.0000,0.2305,0.2544,0.0696,0.2261,0.2250,0.3530,0.1226,0.1817,-0.0867,0.0094,-0.1585,-0.0745,0.1481,0.1082,-0.0578,0.0037
0.0788,0.2259,0.4284,0.3995,-0.0044,0.1204,0.1145,-0.0861,-0.0259,0.0725,0.1254,0.0637,0.1685,0.2500,0.3158,0.2637,0.1809,0.7178,0.2305,1.0000,0.2097,0.2392,0.0857,0.2180,0.1625,0.2175,0.2811,0.1575,0.0741,-0.0187,0.1633,0.1807,0.1457,0.3179,0.4112
0.2205,0.1777,0.2998,0.4011,-0.0699,-0.1856,-0.0863,-0.1568,0.3788,0.3495,0.3103,0.2740,0.1617,0.0697,-0.0273,-0.1691,-0.1213,0.3139,0.2544,0.2097,1.0000,0.4190,0.0170,0.2006,0.1979,0.1550,0.1373,0.4274,0.5568,0.4389,0.2644,0.1770,0.2134,0.3278,0.2585
0.5741,0.5059,0.2619,0.2816,0.0299,-0.1092,-0.0009,-0.0515,0.3825,0.3711,0.3252,0.2788,0.1584,0.1200,0.0742,-0.0561,-0.0226,0.2889,0.0696,0.2392,0.4190,1.0000,0.1223,0.5575,0.1048,0.3511,0.2148,0.3558,0.3713,0.4502,0.2647,-0.0011,0.0328,0.4049,0.4109
-0.0175,0.0825,0.2539,0.2495,0.0949,0.1011,0.1427,-0.0635,-0.2669,0.0478,0.0319,-0.0342,-0.0851,0.3270,0.3068,0.4174,0.4669,0.1685,0.2261,0.0857,0.0170,0.1223,1.0000,0.3343,0.0539,-0.1556,-0.0558,0.1300,-0.0444,-0.0325,0.0032,0.1121,0.0999,0.0732,0.1015
0.3634,0.5109,0.4300,0.3366,0.0717,0.0488,0.1307,-0.0486,0.0163,0.1484,0.1704,0.1293,0.0991,0.1969,0.1904,0.1842,0.2202,0.3111,0.2250,0.2180,0.2006,0.5575,0.3343,1.0000,0.2054,0.2610,0.3420,0.1717,0.1356,0.0922,0.1594,0.2539,0.1845,0.3172,0.3263
0.1035,0.1721,0.2651,0.1884,0.1772,-0.0945,-0.1585,-0.1800,-0.0485,-0.1620,0.0378,-0.0897,0.1230,-0.0061,0.1148,0.0673,0.0310,0.1035,0.3530,0.1625,0.1979,0.1048,0.0539,0.2054,1.0000,0.0216,0.0790,0.0313,-0.0382,-0.1220,0.3032,0.4077,0.4697,-0.0387,0.0015
0.2941,0.3091,0.1660,0.2267,-0.1603,0.0513,0.0568,0.1078,0.2690,0.1830,0.2166,0.3119,0.2938,-0.1525,-0.1644,-0.1207,-0.1561,0.1726,0.1226,0.2175,0.1550,0.3511,-0.1556,0.2610,0.0216,1.0000,0.6902,-0.0958,0.1897,0.0511,0.0546,0.0315,-0.0773,0.1998,0.2680
0.1400,0.2361,0.2393,0.2390,-0.2033,0.1126,0.0885,-0.0061,0.1363,0.1411,0.1534,0.2304,0.2892,-0.0329,-0.0555,-0.0282,-0.0031,0.2174,0.1817,0.2811,0.1373,0.2148,-0.0558,0.3420,0.0790,0.6902,1.0000,-0.0952,0.1923,-0.1107,0.0068,0.2079,0.0243,0.1631,0.2095
0.1600,0.1589,0.3337,0.2726,0.0206,-0.1806,0.0119,-0.0258,0.1036,0.3839,0.2993,0.0232,-0.1056,0.4431,0.3055,0.1486,0.1275,0.2667,-0.0867,0.1575,0.4274,0.3558,0.1300,0.1717,0.0313,-0.0958,-0.0952,1.0000,0.4746,0.5135,0.2306,0.0604,0.1842,0.3190,0.2516
0.1319,0.0794,0.1965,0.2631,-0.0430,-0.1811,-0.0398,-0.0739,0.4059,0.5105,0.4065,0.2661,0.0752,0.1340,0.0145,-0.1862,-0.2123,0.2152,0.0094,0.0741,0.5568,0.3713,-0.0444,0.1356,-0.0382,0.1897,0.1923,0.4746,1.0000,0.6254,0.2552,0.1275,-0.0015,0.2860,0.1884
0.3365,0.1937,0.1391,0.1461,-0.0274,-0.1794,-0.1106,0.0112,0.4371,0.5209,0.4454,0.2069,-0.1426,0.0612,-0.0125,-0.1890,-0.2044,0.1037,-0.1585,-0.0187,0.4389,0.4502,-0.0325,0.0922,-0.1220,0.0511,-0.1107,0.5135,0.6254,1.0000,0.3663,-0.0590,-0.0667,0.3927,0.3260
0.2746,0.3005,0.1857,0.0264,-0.0357,-0.0772,-0.0738,-0.1239,0.3231,0.1219,0.5026,0.1881,0.1736,0.0173,0.0490,-0.0257,-0.2497,0.1498,-0.0745,0.1633,0.2644,0.2647,0.0032,0.1594,0.3032,0.0546,0.0068,0.2306,0.2552,0.3663,1.0000,0.5486,0.5216,0.2560,0.2734
0.0320,0.1333,0.3283,0.1376,-0.1030,-0.0385,-0.0048,-0.1497,0.0288,-0.1062,0.1702,0.1211,0.1808,0.0046,0.0500,0.0645,-0.0426,0.1646,0.1481,0.1807,0.1770,-0.0011,0.1121,0.2539,0.4077,0.0315,0.2079,0.0604,0.1275,-0.0590,0.5486,1.0000,0.6688,0.0472,0.0786
0.0586,0.1600,0.2505,0.0741,-0.0517,-0.1294,-0.0632,-0.1428,-0.0322,-0.2183,0.0777,-0.0129,0.0801,-0.0042,0.1210,0.0885,0.0298,0.1540,0.1082,0.1457,0.2134,0.0328,0.0999,0.1845,0.4697,-0.0773,0.0243,0.1842,-0.0015,-0.0667,0.5216,0.6688,1.0000,0.0347,0.0502
0.3271,0.3126,0.4311,0.3904,-0.0105,-0.1321,0.0251,-0.0852,0.1313,0.3257,0.3179,0.1218,-0.0241,0.1578,0.1321,0.1220,0.0038,0.2404,-0.0578,0.3179,0.3278,0.4049,0.0732,0.3172,-0.0387,0.1998,0.1631,0.3190,0.2860,0.3927,0.2560,0.0472,0.0347,1.0000,0.7674
0.3351,0.3696,0.4229,0.3531,-0.0587,-0.0527,0.0521,-0.0711,0.0967,0.3057,0.4065,0.1011,-0.0244,0.1985,0.1857,0.1990,0.0960,0.3264,0.0037,0.4112,0.2585,0.4109,0.1015,0.3263,0.0015,0.2680,0.2095,0.2516,0.1884,0.3260,0.2734,0.0786,0.0502,0.7674,1.0000
