0.000000,0.691159,0.159145,0.116438,0.242667,0.011840,-0.176588,-0.169636,0.204838,0.151900,-0.049390,0.193842,0.358718,0.077891,0.017184,0.042708,0.098856,0.166244,0.036270,0.138846,0.152329,0.626141,0.172636,0.467608,0.100924,0.417876,0.363182,0.030861,0.062923,0.158179,0.031351,0.156198,0.001049,0.213406,0.237507
0.691159,0.000000,0.397001,0.315234,0.418783,0.012112,-0.212374,-0.186613,0.255930,0.258727,0.100164,0.305880,0.377746,0.269430,0.250307,0.141841,0.342009,0.261101,0.141454,0.195869,0.338627,0.646803,0.185549,0.748301,0.334675,0.503296,0.559191,0.170972,0.280913,0.244043,0.266232,0.369809,0.203856,0.309799,0.315815
0.159145,0.397001,0.000000,0.842943,0.725488,0.117680,0.005446,0.050673,0.265248,0.487012,0.490556,0.464912,0.186173,0.443687,0.429470,0.349484,0.496476,0.341021,-0.056707,0.266219,0.666419,0.451057,0.240454,0.581468,0.584204,0.305862,0.457427,0.472832,0.383444,0.269782,0.396282,0.410184,0.389799,0.603547,0.588110
0.116438,0.315234,0.842943,0.000000,0.699572,0.112193,-0.003378,0.068019,0.290433,0.481873,0.537991,0.468091,0.219158,0.432986,0.400814,0.344760,0.472426,0.370630,0.055712,0.260520,0.543351,0.382015,0.175219,0.480843,0.582596,0.365277,0.461163,0.398365,0.353967,0.187028,0.319275,0.383562,0.352280,0.509392,0.525077
0.242667,0.418783,0.725488,0.699572,0.000000,-0.041353,-0.249632,-0.190691,0.196286,0.415867,0.512515,0.350763,0.140656,0.500052,0.419381,0.304332,0.536658,0.159010,-0.172478,0.130330,0.530434,0.485824,0.157277,0.583523,0.420970,0.282708,0.440464,0.475773,0.441285,0.274538,0.383652,0.392235,0.316345,0.524087,0.561167
0.011840,0.012112,0.117680,0.112193,-0.041353,0.000000,0.327692,0.741574,0.033469,-0.005132,0.070849,0.019088,0.077214,0.059002,-0.107433,0.092890,-0.034028,0.187010,0.115388,0.092645,-0.124881,-0.137010,0.134035,-0.192314,0.020417,0.134652,0.024091,-0.253611,-0.289294,-0.331473,-0.225592,-0.139133,-0.128136,-0.019268,-0.034978
-0.176588,-0.212374,0.005446,-0.003378,-0.249632,0.327692,0.000000,0.377048,-0.117126,-0.094049,-0.066688,-0.062300,-0.131031,-0.154932,-0.059211,0.073470,-0.199460,0.118360,0.183876,0.058286,-0.109769,-0.308519,-0.177061,-0.268543,-0.008922,-0.175444,-0.214102,-0.152345,-0.153099,-0.204991,-0.081406,-0.075723,0.001010,-0.145211,-0.127308
-0.169636,-0.186613,0.050673,0.068019,-0.190691,0.741574,0.377048,0.000000,-0.021942,-0.080866,-0.008539,-0.056515,0.070171,-0.098883,-0.291826,-0.027619,-0.257176,0.122152,0.076314,0.057687,-0.112040,-0.288781,0.015937,-0.352882,0.007877,0.066815,-0.021682,-0.344115,-0.334709,-0.401413,-0.284913,-0.170854,-0.149239,-0.091158,-0.111195
0.204838,0.255930,0.265248,0.290433,0.196286,0.033469,-0.117126,-0.021942,0.000000,0.754817,0.525198,0.760959,0.580668,0.043149,0.043254,-0.259578,0.111071,-0.035774,0.116685,-0.251530,0.343630,0.361650,-0.004513,0.232971,0.355345,0.586201,0.599846,0.130693,0.417080,0.375705,0.185553,0.298180,-0.188992,0.146191,0.199974
0.151900,0.258727,0.487012,0.481873,0.415867,-0.005132,-0.094049,-0.080866,0.754817,0.000000,0.663909,0.845296,0.340219,0.166888,0.302559,-0.073877,0.361196,-0.082759,-0.085686,-0.198826,0.404337,0.373669,-0.081668,0.291867,0.378081,0.440838,0.496690,0.337020,0.578182,0.469683,0.402736,0.378398,-0.027850,0.270646,0.365091
-0.049390,0.100164,0.490556,0.537991,0.512515,0.070849,-0.066688,-0.008539,0.525198,0.663909,0.000000,0.645759,0.169787,0.361822,0.273777,0.170008,0.404304,-0.020019,-0.112989,-0.148732,0.311771,0.217529,0.046132,0.180725,0.353847,0.284519,0.359665,0.214957,0.332578,0.265720,0.323747,0.119576,0.001044,0.327112,0.411322
0.193842,0.305880,0.464912,0.468091,0.350763,0.019088,-0.062300,-0.056515,0.760959,0.845296,0.645759,0.000000,0.438652,0.139808,0.219473,-0.056844,0.304817,-0.027443,-0.005758,-0.176013,0.380468,0.348162,0.053331,0.293277,0.446176,0.474978,0.537113,0.191677,0.414410,0.361549,0.321682,0.343762,-0.027251,0.220872,0.308760
0.358718,0.377746,0.186173,0.219158,0.140656,0.077214,-0.131031,0.070171,0.580668,0.340219,0.169787,0.438652,0.000000,-0.029374,-0.203158,-0.261213,-0.092014,0.109021,0.201322,-0.049165,0.256575,0.330801,0.086987,0.281105,0.265656,0.619093,0.599101,-0.179637,0.119299,0.043826,0.028587,0.251649,-0.079051,0.150943,0.133047
0.077891,0.269430,0.443687,0.432986,0.500052,0.059002,-0.154932,-0.098883,0.043149,0.166888,0.361822,0.139808,-0.029374,0.000000,0.581780,0.665401,0.539467,0.298135,-0.052742,0.328435,0.212515,0.237009,0.137390,0.359578,0.178419,0.071738,0.195563,0.463418,0.258986,0.121494,0.350411,0.167091,0.234587,0.373013,0.384479
0.017184,0.250307,0.429470,0.400814,0.419381,-0.107433,-0.059211,-0.291826,0.043254,0.302559,0.273777,0.219473,-0.203158,0.581780,0.000000,0.556637,0.639745,0.261493,-0.019132,0.322265,0.267828,0.223016,0.097384,0.362973,0.246602,-0.000924,0.105423,0.643126,0.479623,0.389576,0.511728,0.250725,0.318518,0.310032,0.345905
0.042708,0.141841,0.349484,0.344760,0.304332,0.092890,0.073470,-0.027619,-0.259578,-0.073877,0.170008,-0.056844,-0.261213,0.665401,0.556637,0.000000,0.510435,0.429236,0.073979,0.494005,0.198989,0.137936,0.294169,0.255563,0.249999,-0.196787,-0.097459,0.342159,0.045375,0.100645,0.323886,0.038961,0.383235,0.290009,0.313969
0.098856,0.342009,0.496476,0.472426,0.536658,-0.034028,-0.199460,-0.257176,0.111071,0.361196,0.404304,0.304817,-0.092014,0.539467,0.639745,0.510435,0.000000,0.310302,0.028907,0.295951,0.335186,0.349048,0.285755,0.430254,0.414889,-0.006305,0.130459,0.453997,0.381076,0.298224,0.428124,0.252054,0.321287,0.309677,0.344677
0.166244,0.261101,0.341021,0.370630,0.159010,0.187010,0.118360,0.122152,-0.035774,-0.082759,-0.020019,-0.027443,0.109021,0.298135,0.261493,0.429236,0.310302,0.000000,0.515154,0.805169,0.278901,0.273332,0.502047,0.339804,0.412746,0.173344,0.189858,0.132351,0.014632,0.025868,0.061605,0.092642,0.238251,0.202354,0.181178
0.036270,0.141454,-0.056707,0.055712,-0.172478,0.115388,0.183876,0.076314,0.116685,-0.085686,-0.112989,-0.005758,0.201322,-0.052742,-0.019132,0.073979,0.028907,0.515154,0.000000,0.366561,0.078157,0.116586,0.186111,0.156800,0.351447,0.243581,0.149854,-0.099573,-0.015189,-0.031408,-0.017049,0.145289,0.208709,-0.107920,-0.054100
0.138846,0.195869,0.266219,0.260520,0.130330,0.092645,0.058286,0.057687,-0.251530,-0.198826,-0.148732,-0.176013,-0.049165,0.328435,0.322265,0.494005,0.295951,0.805169,0.366561,0.000000,0.197651,0.170886,0.404684,0.277102,0.274876,0.008386,0.050966,0.209340,0.025502,-0.007821,0.125391,0.127735,0.319561,0.199752,0.177984
0.152329,0.338627,0.666419,0.543351,0.530434,-0.124881,-0.109769,-0.112040,0.343630,0.404337,0.311771,0.380468,0.256575,0.212515,0.267828,0.198989,0.335186,0.278901,0.078157,0.197651,0.000000,0.517526,0.329241,0.608456,0.675800,0.270510,0.470114,0.476566,0.462373,0.475505,0.436174,0.467791,0.424535,0.547107,0.560486
0.626141,0.646803,0.451057,0.382015,0.485824,-0.137010,-0.308519,-0.288781,0.361650,0.373669,0.217529,0.348162,0.330801,0.237009,0.223016,0.137936,0.349048,0.273332,0.116586,0.170886,0.517526,0.000000,0.332811,0.756539,0.418786,0.455882,0.484276,0.306231,0.272058,0.434716,0.203095,0.238983,0.135977,0.441615,0.457040
0.172636,0.185549,0.240454,0.175219,0.157277,0.134035,-0.177061,0.015937,-0.004513,-0.081668,0.046132,0.053331,0.086987,0.137390,0.097384,0.294169,0.285755,0.502047,0.186111,0.404684,0.329241,0.332811,0.000000,0.263489,0.324590,0.086233,0.134124,-0.014950,-0.212427,0.036854,-0.059563,-0.079419,0.130749,0.211199,0.154827
0.467608,0.748301,0.581468,0.480843,0.583523,-0.192314,-0.268543,-0.352882,0.232971,0.291867,0.180725,0.293277,0.281105,0.359578,0.362973,0.255563,0.430254,0.339804,0.156800,0.277102,0.608456,0.756539,0.263489,0.000000,0.504103,0.427846,0.559443,0.430576,0.433538,0.440181,0.419032,0.454637,0.372216,0.462413,0.451316
0.100924,0.334675,0.584204,0.582596,0.420970,0.020417,-0.008922,0.007877,0.355345,0.378081,0.353847,0.446176,0.265656,0.178419,0.246602,0.249999,0.414889,0.412746,0.351447,0.274876,0.675800,0.418786,0.324590,0.504103,0.000000,0.237628,0.376062,0.288051,0.288133,0.270485,0.333234,0.409737,0.438197,0.369610,0.423712
0.417876,0.503296,0.305862,0.365277,0.282708,0.134652,-0.175444,0.066815,0.586201,0.440838,0.284519,0.474978,0.619093,0.071738,-0.000924,-0.196787,-0.006305,0.173344,0.243581,0.008386,0.270510,0.455882,0.086233,0.427846,0.237628,0.000000,0.817469,0.012570,0.289016,0.176858,0.026280,0.280888,-0.052668,0.169479,0.188049
0.363182,0.559191,0.457427,0.461163,0.440464,0.024091,-0.214102,-0.021682,0.599846,0.496690,0.359665,0.537113,0.599101,0.195563,0.105423,-0.097459,0.130459,0.189858,0.149854,0.050966,0.470114,0.484276,0.134124,0.559443,0.376062,0.817469,0.000000,0.186336,0.448772,0.307889,0.243367,0.452677,0.102215,0.284432,0.324423
0.030861,0.170972,0.472832,0.398365,0.475773,-0.253611,-0.152345,-0.344115,0.130693,0.337020,0.214957,0.191677,-0.179637,0.463418,0.643126,0.342159,0.453997,0.132351,-0.099573,0.209340,0.476566,0.306231,-0.014950,0.430576,0.288051,0.012570,0.186336,0.000000,0.636688,0.587208,0.591202,0.475128,0.435135,0.328768,0.367060
0.062923,0.280913,0.383444,0.353967,0.441285,-0.289294,-0.153099,-0.334709,0.417080,0.578182,0.332578,0.414410,0.119299,0.258986,0.479623,0.045375,0.381076,0.014632,-0.015189,0.025502,0.462373,0.272058,-0.212427,0.433538,0.288133,0.289016,0.448772,0.636688,0.000000,0.640444,0.664276,0.656561,0.356371,0.184370,0.292018
0.158179,0.244043,0.269782,0.187028,0.274538,-0.331473,-0.204991,-0.401413,0.375705,0.469683,0.265720,0.361549,0.043826,0.121494,0.389576,0.100645,0.298224,0.025868,-0.031408,-0.007821,0.475505,0.434716,0.036854,0.440181,0.270485,0.176858,0.307889,0.587208,0.640444,0.000000,0.601911,0.402309,0.218558,0.239968,0.297128
0.031351,0.266232,0.396282,0.319275,0.383652,-0.225592,-0.081406,-0.284913,0.185553,0.402736,0.323747,0.321682,0.028587,0.350411,0.511728,0.323886,0.428124,0.061605,-0.017049,0.125391,0.436174,0.203095,-0.059563,0.419032,0.333234,0.026280,0.243367,0.591202,0.664276,0.601911,0.000000,0.613000,0.575721,0.229345,0.326539
0.156198,0.369809,0.410184,0.383562,0.392235,-0.139133,-0.075723,-0.170854,0.298180,0.378398,0.119576,0.343762,0.251649,0.167091,0.250725,0.038961,0.252054,0.092642,0.145289,0.127735,0.467791,0.238983,-0.079419,0.454637,0.409737,0.280888,0.452677,0.475128,0.656561,0.402309,0.613000,0.000000,0.601994,0.186510,0.237237
0.001049,0.203856,0.389799,0.352280,0.316345,-0.128136,0.001010,-0.149239,-0.188992,-0.027850,0.001044,-0.027251,-0.079051,0.234587,0.318518,0.383235,0.321287,0.238251,0.208709,0.319561,0.424535,0.135977,0.130749,0.372216,0.438197,-0.052668,0.102215,0.435135,0.356371,0.218558,0.575721,0.601994,0.000000,0.183416,0.227557
0.213406,0.309799,0.603547,0.509392,0.524087,-0.019268,-0.145211,-0.091158,0.146191,0.270646,0.327112,0.220872,0.150943,0.373013,0.310032,0.290009,0.309677,0.202354,-0.107920,0.199752,0.547107,0.441615,0.211199,0.462413,0.369610,0.169479,0.284432,0.328768,0.184370,0.239968,0.229345,0.186510,0.183416,0.000000,0.873271
0.237507,0.315815,0.588110,0.525077,0.561167,-0.034978,-0.127308,-0.111195,0.199974,0.365091,0.411322,0.308760,0.133047,0.384479,0.345905,0.313969,0.344677,0.181178,-0.054100,0.177984,0.560486,0.457040,0.154827,0.451316,0.423712,0.188049,0.324423,0.367060,0.292018,0.297128,0.326539,0.237237,0.227557,0.873271,0.000000
