0.000000,0.836555,-0.002590,0.066914,0.339082,0.086485,-0.223744,0.047389,0.558022,0.578480,0.588065,0.519743,0.454825,0.440562,0.511921,0.378574,0.198845,0.307407,0.190287,0.313633,0.206214,0.532018,0.233425,0.457411,0.296480,0.590563,0.568141,0.169354,0.477113,0.467014,0.435618,0.307879,0.234238,0.363093,0.422891
0.836555,0.000000,0.019789,0.052036,0.337673,-0.030830,-0.249407,0.027729,0.559350,0.601586,0.622858,0.592741,0.556472,0.441307,0.477885,0.421072,0.188114,0.324957,0.203766,0.357333,0.224998,0.438248,0.233081,0.449774,0.281873,0.595653,0.571085,0.177644,0.582415,0.473845,0.501868,0.397631,0.259336,0.369561,0.458085
-0.002590,0.019789,0.000000,0.759988,0.362874,0.083521,0.357670,0.111771,0.090323,0.141822,0.150980,0.153359,0.005238,0.061702,0.064790,0.193544,0.210069,0.434751,0.477820,0.432188,0.140193,0.127855,0.135021,0.136627,0.216903,0.053545,0.124254,0.172125,0.074094,-0.024568,0.053301,0.098875,0.185856,0.158944,0.294520
0.066914,0.052036,0.759988,0.000000,0.437546,0.094119,0.337271,0.080279,0.152012,0.165152,0.169098,0.200799,0.017531,0.111262,0.147559,0.217056,0.167987,0.372460,0.429496,0.464430,0.091528,0.167659,0.096538,0.113574,0.147034,0.081487,0.055004,0.158452,0.107654,-0.021884,0.021112,0.064014,0.225231,0.239770,0.394717
0.339082,0.337673,0.362874,0.437546,0.000000,0.066738,0.089123,0.069441,0.454011,0.500524,0.618246,0.459039,0.372447,0.259163,0.382302,0.255033,0.205587,0.478794,0.257750,0.324819,0.345200,0.629013,0.217603,0.585919,0.252262,0.441769,0.400740,0.138336,0.347625,0.229600,0.181464,0.224034,0.122291,0.374764,0.462257
0.086485,-0.030830,0.083521,0.094119,0.066738,0.000000,0.079384,0.456848,-0.000103,0.114590,0.046279,-0.036176,-0.157670,0.101213,0.113396,0.247695,0.150418,0.188587,-0.012123,0.084509,0.164855,0.034442,0.097315,0.015886,0.152941,0.110020,0.098432,-0.079089,-0.113814,-0.003093,0.039629,-0.077888,0.048313,0.176795,0.172519
-0.223744,-0.249407,0.357670,0.337271,0.089123,0.079384,0.000000,0.128391,-0.142715,-0.163153,-0.106668,-0.123501,-0.175849,-0.189316,-0.194543,-0.128075,-0.074708,0.023726,0.170203,0.109721,-0.065644,-0.121089,-0.140431,-0.157813,-0.082390,-0.260255,-0.118677,-0.145374,-0.228799,-0.251746,-0.224081,-0.139209,-0.156621,-0.039119,-0.017643
0.047389,0.027729,0.111771,0.080279,0.069441,0.456848,0.128391,0.000000,0.200626,0.143706,0.173876,0.045752,-0.078761,-0.005529,0.046969,0.002790,-0.011566,-0.008783,-0.008706,0.142800,0.040095,-0.092262,-0.088400,-0.103716,-0.045054,0.155733,0.126296,0.004194,0.122978,0.027124,0.012754,0.086489,0.047960,0.158208,0.144061
0.558022,0.559350,0.090323,0.152012,0.454011,-0.000103,-0.142715,0.200626,0.000000,0.636493,0.612301,0.605074,0.551189,0.352599,0.425230,0.177467,0.199583,0.290986,0.171555,0.344504,0.255390,0.436843,0.222286,0.406141,0.215330,0.521302,0.541670,0.240802,0.616078,0.273223,0.221243,0.387766,0.282023,0.457838,0.486535
0.578480,0.601586,0.141822,0.165152,0.500524,0.114590,-0.163153,0.143706,0.636493,0.000000,0.705774,0.678437,0.425577,0.453472,0.641154,0.453789,0.349911,0.451768,0.203500,0.319442,0.389255,0.479265,0.345383,0.488313,0.367698,0.523641,0.551106,0.235360,0.516778,0.422800,0.428283,0.403663,0.221062,0.447630,0.497106
0.588065,0.622858,0.150980,0.169098,0.618246,0.046279,-0.106668,0.173876,0.612301,0.705774,0.000000,0.633338,0.548432,0.326963,0.510904,0.315424,0.188373,0.429280,0.196171,0.325950,0.350439,0.488136,0.219592,0.506174,0.278976,0.582931,0.544978,0.151614,0.540673,0.525283,0.448162,0.391402,0.265410,0.487898,0.522642
0.519743,0.592741,0.153359,0.200799,0.459039,-0.036176,-0.123501,0.045752,0.605074,0.678437,0.633338,0.000000,0.539494,0.338148,0.498038,0.370619,0.253744,0.422983,0.259953,0.330013,0.214555,0.440413,0.268527,0.443131,0.304550,0.479049,0.519077,0.082964,0.524987,0.244524,0.273733,0.422810,0.164575,0.477769,0.528130
0.454825,0.556472,0.005238,0.017531,0.372447,-0.157670,-0.175849,-0.078761,0.551189,0.425577,0.548432,0.539494,0.000000,0.279883,0.231198,0.106418,0.019573,0.234471,0.106422,0.211008,0.184093,0.425406,0.133068,0.390354,0.127608,0.547355,0.511256,0.048469,0.633460,0.342284,0.351774,0.480224,0.200527,0.241605,0.311427
0.440562,0.441307,0.061702,0.111262,0.259163,0.101213,-0.189316,-0.005529,0.352599,0.453472,0.326963,0.338148,0.279883,0.000000,0.525984,0.637248,0.460674,0.272070,0.226268,0.263260,0.174910,0.362319,0.133705,0.296456,0.173034,0.409783,0.478776,0.277954,0.343241,0.346618,0.419890,0.319954,0.190195,0.215854,0.297496
0.511921,0.477885,0.064790,0.147559,0.382302,0.113396,-0.194543,0.046969,0.425230,0.641154,0.510904,0.498038,0.231198,0.525984,0.000000,0.518515,0.443267,0.334780,0.180667,0.279332,0.334794,0.509724,0.366453,0.511858,0.381393,0.378602,0.390809,0.255942,0.296704,0.284229,0.339606,0.228632,0.142743,0.371634,0.438067
0.378574,0.421072,0.193544,0.217056,0.255033,0.247695,-0.128075,0.002790,0.177467,0.453789,0.315424,0.370619,0.106418,0.637248,0.518515,0.000000,0.561376,0.406816,0.306431,0.336066,0.202379,0.242883,0.228315,0.261349,0.264294,0.325318,0.373439,0.167579,0.237369,0.204812,0.428515,0.291067,0.166949,0.399887,0.495385
0.198845,0.188114,0.210069,0.167987,0.205587,0.150418,-0.074708,-0.011566,0.199583,0.349911,0.188373,0.253744,0.019573,0.460674,0.443267,0.561376,0.000000,0.424690,0.287335,0.358154,0.294720,0.258851,0.366508,0.280547,0.245080,0.273008,0.430983,0.335247,0.103843,0.004634,0.142283,0.164028,0.152936,0.346681,0.390161
0.307407,0.324957,0.434751,0.372460,0.478794,0.188587,0.023726,-0.008783,0.290986,0.451768,0.429280,0.422983,0.234471,0.272070,0.334780,0.406816,0.424690,0.000000,0.614236,0.581058,0.478717,0.419116,0.458640,0.442213,0.479741,0.372483,0.471733,0.227717,0.233937,0.140873,0.208876,0.186899,0.168156,0.405555,0.502210
0.190287,0.203766,0.477820,0.429496,0.257750,-0.012123,0.170203,-0.008706,0.171555,0.203500,0.196171,0.259953,0.106422,0.226268,0.180667,0.306431,0.287335,0.614236,0.000000,0.532584,0.152785,0.243374,0.223555,0.216816,0.278699,0.209413,0.367411,0.160053,0.137585,-0.038232,0.081216,0.174477,0.084400,0.204073,0.302492
0.313633,0.357333,0.432188,0.464430,0.324819,0.084509,0.109721,0.142800,0.344504,0.319442,0.325950,0.330013,0.211008,0.263260,0.279332,0.336066,0.358154,0.581058,0.532584,0.000000,0.303581,0.289086,0.301449,0.259224,0.316152,0.308634,0.367380,0.246098,0.294438,0.130367,0.252577,0.278170,0.288256,0.362037,0.496063
0.206214,0.224998,0.140193,0.091528,0.345200,0.164855,-0.065644,0.040095,0.255390,0.389255,0.350439,0.214555,0.184093,0.174910,0.334794,0.202379,0.294720,0.478717,0.152785,0.303581,0.000000,0.506137,0.614767,0.618603,0.646293,0.291455,0.291235,0.400493,0.153432,0.240235,0.251983,0.074027,0.193839,0.253392,0.286454
0.532018,0.438248,0.127855,0.167659,0.629013,0.034442,-0.121089,-0.092262,0.436843,0.479265,0.488136,0.440413,0.425406,0.362319,0.509724,0.242883,0.258851,0.419116,0.243374,0.289086,0.506137,0.000000,0.470398,0.866218,0.530791,0.476665,0.489120,0.293255,0.312079,0.265390,0.246121,0.162136,0.144406,0.367343,0.408304
0.233425,0.233081,0.135021,0.096538,0.217603,0.097315,-0.140431,-0.088400,0.222286,0.345383,0.219592,0.268527,0.133068,0.133705,0.366453,0.228315,0.366508,0.458640,0.223555,0.301449,0.614767,0.470398,0.000000,0.585799,0.614220,0.221716,0.290791,0.392098,0.151162,0.080060,0.200217,0.085406,0.152690,0.206025,0.258619
0.457411,0.449774,0.136627,0.113574,0.585919,0.015886,-0.157813,-0.103716,0.406141,0.488313,0.506174,0.443131,0.390354,0.296456,0.511858,0.261349,0.280547,0.442213,0.216816,0.259224,0.618603,0.866218,0.585799,0.000000,0.613175,0.461428,0.446073,0.345662,0.302496,0.276752,0.297367,0.171085,0.158534,0.357801,0.406763
0.296480,0.281873,0.216903,0.147034,0.252262,0.152941,-0.082390,-0.045054,0.215330,0.367698,0.278976,0.304550,0.127608,0.173034,0.381393,0.264294,0.245080,0.479741,0.278699,0.316152,0.646293,0.530791,0.614220,0.613175,0.000000,0.222108,0.230262,0.315697,0.094602,0.252083,0.296389,0.088649,0.259145,0.236459,0.310080
0.590563,0.595653,0.053545,0.081487,0.441769,0.110020,-0.260255,0.155733,0.521302,0.523641,0.582931,0.479049,0.547355,0.409783,0.378602,0.325318,0.273008,0.372483,0.209413,0.308634,0.291455,0.476665,0.221716,0.461428,0.222108,0.000000,0.770291,0.172587,0.637443,0.360079,0.359595,0.455930,0.231047,0.388738,0.452113
0.568141,0.571085,0.124254,0.055004,0.400740,0.098432,-0.118677,0.126296,0.541670,0.551106,0.544978,0.519077,0.511256,0.478776,0.390809,0.373439,0.430983,0.471733,0.367411,0.367380,0.291235,0.489120,0.290791,0.446073,0.230262,0.770291,0.000000,0.217189,0.543966,0.268800,0.290418,0.442578,0.178190,0.409000,0.448726
0.169354,0.177644,0.172125,0.158452,0.138336,-0.079089,-0.145374,0.004194,0.240802,0.235360,0.151614,0.082964,0.048469,0.277954,0.255942,0.167579,0.335247,0.227717,0.160053,0.246098,0.400493,0.293255,0.392098,0.345662,0.315697,0.172587,0.217189,0.000000,0.188839,0.225385,0.190944,0.202996,0.348455,0.229776,0.251211
0.477113,0.582415,0.074094,0.107654,0.347625,-0.113814,-0.228799,0.122978,0.616078,0.516778,0.540673,0.524987,0.633460,0.343241,0.296704,0.237369,0.103843,0.233937,0.137585,0.294438,0.153432,0.312079,0.151162,0.302496,0.094602,0.637443,0.543966,0.188839,0.000000,0.426013,0.391491,0.640775,0.271784,0.377773,0.455022
0.467014,0.473845,-0.024568,-0.021884,0.229600,-0.003093,-0.251746,0.027124,0.273223,0.422800,0.525283,0.244524,0.342284,0.346618,0.284229,0.204812,0.004634,0.140873,-0.038232,0.130367,0.240235,0.265390,0.080060,0.276752,0.252083,0.360079,0.268800,0.225385,0.426013,0.000000,0.709448,0.369976,0.387254,0.107953,0.187491
0.435618,0.501868,0.053301,0.021112,0.181464,0.039629,-0.224081,0.012754,0.221243,0.428283,0.448162,0.273733,0.351774,0.419890,0.339606,0.428515,0.142283,0.208876,0.081216,0.252577,0.251983,0.246121,0.200217,0.297367,0.296389,0.359595,0.290418,0.190944,0.391491,0.709448,0.000000,0.558726,0.510200,0.045430,0.176327
0.307879,0.397631,0.098875,0.064014,0.224034,-0.077888,-0.139209,0.086489,0.387766,0.403663,0.391402,0.422810,0.480224,0.319954,0.228632,0.291067,0.164028,0.186899,0.174477,0.278170,0.074027,0.162136,0.085406,0.171085,0.088649,0.455930,0.442578,0.202996,0.640775,0.369976,0.558726,0.000000,0.387158,0.165300,0.280292
0.234238,0.259336,0.185856,0.225231,0.122291,0.048313,-0.156621,0.047960,0.282023,0.221062,0.265410,0.164575,0.200527,0.190195,0.142743,0.166949,0.152936,0.168156,0.084400,0.288256,0.193839,0.144406,0.152690,0.158534,0.259145,0.231047,0.178190,0.348455,0.271784,0.387254,0.510200,0.387158,0.000000,0.133166,0.242915
0.363093,0.369561,0.158944,0.239770,0.374764,0.176795,-0.039119,0.158208,0.457838,0.447630,0.487898,0.477769,0.241605,0.215854,0.371634,0.399887,0.346681,0.405555,0.204073,0.362037,0.253392,0.367343,0.206025,0.357801,0.236459,0.388738,0.409000,0.229776,0.377773,0.107953,0.045430,0.165300,0.133166,0.000000,0.878683
0.422891,0.458085,0.294520,0.394717,0.462257,0.172519,-0.017643,0.144061,0.486535,0.497106,0.522642,0.528130,0.311427,0.297496,0.438067,0.495385,0.390161,0.502210,0.302492,0.496063,0.286454,0.408304,0.258619,0.406763,0.310080,0.452113,0.448726,0.251211,0.455022,0.187491,0.176327,0.280292,0.242915,0.878683,0.000000
