0.000000,0.687400,0.213446,0.330777,0.110655,-0.163951,-0.043138,-0.253073,0.058457,0.193569,0.051563,0.093056,-0.108116,0.005193,0.020146,-0.091241,0.140149,0.096122,0.024975,0.187490,0.228946,0.526077,0.241616,0.505588,-0.024214,0.256172,0.225269,0.232085,0.338179,0.257893,0.390939,0.246598,0.276599,0.354100,0.385252
0.687400,0.000000,0.191495,0.272390,0.134983,-0.254012,-0.210706,-0.404553,0.034939,0.171737,0.202104,0.248620,-0.056764,0.013741,0.038717,-0.100016,0.201972,0.064709,0.126924,0.081395,0.187966,0.475646,0.274325,0.630654,0.027565,0.369331,0.416444,0.271311,0.345871,0.296095,0.427114,0.312963,0.392505,0.309732,0.273507
0.213446,0.191495,0.000000,0.743145,0.255955,-0.154263,0.036499,-0.291007,0.162284,0.193425,0.275420,0.152184,-0.046560,0.333711,0.288608,0.361780,0.439915,0.462801,0.349624,0.436897,0.546487,0.398990,0.423419,0.474293,0.357292,0.249190,0.198763,0.313634,0.156205,0.308665,0.289761,0.353512,0.256023,0.526004,0.328150
0.330777,0.272390,0.743145,0.000000,0.169505,-0.186805,0.042178,-0.314006,0.122770,0.211965,0.359210,0.146478,-0.086797,0.301396,0.221020,0.286481,0.380691,0.458860,0.254879,0.490478,0.520888,0.409813,0.332128,0.457585,0.269059,0.292807,0.262222,0.394059,0.241495,0.449788,0.429886,0.334775,0.348804,0.550600,0.457098
0.110655,0.134983,0.255955,0.169505,0.000000,-0.041870,-0.036814,-0.254794,-0.228333,0.016673,-0.135976,-0.046220,-0.060481,0.220531,-0.100990,0.206957,0.417707,0.288900,0.164120,0.251972,0.282970,0.384834,0.366261,0.302940,0.177921,0.114342,0.001660,-0.013894,0.163923,0.281978,0.281811,0.376199,0.182176,0.282684,0.179961
-0.163951,-0.254012,-0.154263,-0.186805,-0.041870,0.000000,0.228121,0.378635,-0.071942,-0.115488,-0.172263,-0.122186,-0.020889,-0.102782,-0.114008,-0.001849,-0.020729,-0.077314,0.001713,-0.080911,-0.268085,-0.152258,0.017172,-0.272171,-0.047495,-0.097389,-0.092708,-0.192833,-0.196415,-0.283221,-0.318198,-0.221497,-0.218170,-0.237617,-0.195991
-0.043138,-0.210706,0.036499,0.042178,-0.036814,0.228121,0.000000,0.207748,0.040568,-0.100212,0.040464,-0.012500,-0.008363,-0.187927,-0.047579,-0.003078,-0.067862,-0.062533,0.117134,-0.011785,-0.133443,-0.010729,0.091586,-0.039030,-0.035556,-0.041867,-0.003353,-0.087557,-0.124554,-0.114578,-0.081979,-0.155707,-0.177036,-0.115923,-0.073006
-0.253073,-0.404553,-0.291007,-0.314006,-0.254794,0.378635,0.207748,0.000000,-0.026648,-0.225316,-0.288083,-0.117814,0.148791,-0.165609,-0.211678,-0.179774,-0.380495,-0.262036,-0.153066,-0.203533,-0.335362,-0.258728,-0.191552,-0.452136,-0.109572,-0.228092,-0.207875,-0.217710,-0.257210,-0.363419,-0.318449,-0.260774,-0.284073,-0.353096,-0.249595
0.058457,0.034939,0.162284,0.122770,-0.228333,-0.071942,0.040568,-0.026648,0.000000,0.537092,0.385908,0.323798,0.025345,0.154808,0.631130,0.220936,0.048186,0.000792,0.048296,-0.115347,0.032745,0.026106,-0.084114,0.162089,0.019983,0.093281,0.174809,0.035005,-0.117701,-0.000139,0.018671,-0.038397,-0.025732,0.055416,0.049006
0.193569,0.171737,0.193425,0.211965,0.016673,-0.115488,-0.100212,-0.225316,0.537092,0.000000,0.284891,0.277021,-0.079949,0.084287,0.509465,0.155995,0.106450,-0.000915,-0.075047,0.022461,0.088412,0.074045,-0.147725,0.197648,-0.053609,-0.020505,0.053944,0.186814,0.339341,0.245444,0.225693,0.247812,0.078645,0.162094,0.219274
0.051563,0.202104,0.275420,0.359210,-0.135976,-0.172263,0.040464,-0.288083,0.385908,0.284891,0.000000,0.379002,0.104160,0.097372,0.351462,0.181370,0.045946,0.115621,0.110380,0.026670,0.167301,0.158169,0.086816,0.368316,0.079984,0.159112,0.378094,0.440874,0.181606,0.459057,0.426854,0.073156,0.297630,0.309831,0.261383
0.093056,0.248620,0.152184,0.146478,-0.046220,-0.122186,-0.012500,-0.117814,0.323798,0.277021,0.379002,0.000000,0.063389,0.084740,0.217744,0.065369,0.130596,-0.062008,0.120634,-0.205119,0.134674,0.136494,0.079063,0.319128,0.116625,0.308550,0.371353,0.283873,0.172501,0.208659,0.322856,0.274118,0.303365,0.093961,0.064120
-0.108116,-0.056764,-0.046560,-0.086797,-0.060481,-0.020889,-0.008363,0.148791,0.025345,-0.079949,0.104160,0.063389,0.000000,-0.025391,-0.098743,-0.103661,-0.182196,0.114566,0.040644,-0.099627,0.151053,0.063519,0.010583,-0.006187,0.171256,0.071895,0.070502,0.227712,0.124556,0.088296,0.120149,0.079297,0.236694,0.016588,0.003685
0.005193,0.013741,0.333711,0.301396,0.220531,-0.102782,-0.187927,-0.165609,0.154808,0.084287,0.097372,0.084740,-0.025391,0.000000,0.450930,0.555579,0.583678,0.216659,0.034668,0.148661,0.320022,0.099618,0.324801,0.142244,0.178885,-0.085068,-0.062466,-0.000992,-0.015655,0.273952,0.178858,0.025833,0.095133,0.144671,0.035700
0.020146,0.038717,0.288608,0.221020,-0.100990,-0.114008,-0.047579,-0.211678,0.631130,0.509465,0.351462,0.217744,-0.098743,0.450930,0.000000,0.435474,0.321476,0.120955,0.086342,0.045657,0.128831,0.054630,0.023576,0.186222,0.079584,-0.106560,0.011855,-0.028975,-0.139329,0.114218,0.030973,-0.078642,-0.039236,0.129964,0.078208
-0.091241,-0.100016,0.361780,0.286481,0.206957,-0.001849,-0.003078,-0.179774,0.220936,0.155995,0.181370,0.065369,-0.103661,0.555579,0.435474,0.000000,0.569169,0.292819,0.019016,0.240446,0.250881,-0.008002,0.228201,0.069565,0.171695,-0.061987,-0.118391,-0.062862,-0.100057,0.203074,0.102292,0.048301,-0.012967,0.255375,0.090017
0.140149,0.201972,0.439915,0.380691,0.417707,-0.020729,-0.067862,-0.380495,0.048186,0.106450,0.045946,0.130596,-0.182196,0.583678,0.321476,0.569169,0.000000,0.392753,0.287477,0.326833,0.384678,0.292738,0.577712,0.389951,0.193366,0.156839,0.078344,0.018371,0.060192,0.208804,0.207672,0.272653,0.143164,0.339129,0.203368
0.096122,0.064709,0.462801,0.458860,0.288900,-0.077314,-0.062533,-0.262036,0.000792,-0.000915,0.115621,-0.062008,0.114566,0.216659,0.120955,0.292819,0.392753,0.000000,0.507895,0.665380,0.448513,0.360276,0.333577,0.303727,0.328227,0.398118,0.280061,0.126961,0.008605,0.184451,0.094886,0.269364,0.176876,0.454225,0.291047
0.024975,0.126924,0.349624,0.254879,0.164120,0.001713,0.117134,-0.153066,0.048296,-0.075047,0.110380,0.120634,0.040644,0.034668,0.086342,0.019016,0.287477,0.507895,0.000000,0.335739,0.309625,0.360775,0.392108,0.386290,0.302213,0.405103,0.448953,0.142478,-0.067490,0.009863,-0.019912,0.274852,0.153358,0.228007,0.037023
0.187490,0.081395,0.436897,0.490478,0.251972,-0.080911,-0.011785,-0.203533,-0.115347,0.022461,0.026670,-0.205119,-0.099627,0.148661,0.045657,0.240446,0.326833,0.665380,0.335739,0.000000,0.319305,0.291178,0.234040,0.242350,0.099217,0.255486,0.159088,0.082789,0.103627,0.190366,0.141440,0.267442,0.033626,0.473594,0.375672
0.228946,0.187966,0.546487,0.520888,0.282970,-0.268085,-0.133443,-0.335362,0.032745,0.088412,0.167301,0.134674,0.151053,0.320022,0.128831,0.250881,0.384678,0.448513,0.309625,0.319305,0.000000,0.480815,0.369214,0.430368,0.574800,0.238920,0.124945,0.498305,0.258474,0.399713,0.364567,0.374136,0.533781,0.526561,0.341359
0.526077,0.475646,0.398990,0.409813,0.384834,-0.152258,-0.010729,-0.258728,0.026106,0.074045,0.158169,0.136494,0.063519,0.099618,0.054630,-0.008002,0.292738,0.360276,0.360775,0.291178,0.480815,0.000000,0.489550,0.764253,0.299530,0.362652,0.356154,0.354338,0.231848,0.377414,0.467231,0.321813,0.452030,0.402392,0.340394
0.241616,0.274325,0.423419,0.332128,0.366261,0.017172,0.091586,-0.191552,-0.084114,-0.147725,0.086816,0.079063,0.010583,0.324801,0.023576,0.228201,0.577712,0.333577,0.392108,0.234040,0.369214,0.489550,0.000000,0.492068,0.342804,0.269078,0.227766,0.205194,0.091292,0.208650,0.243903,0.217440,0.221557,0.300938,0.180521
0.505588,0.630654,0.474293,0.457585,0.302940,-0.272171,-0.039030,-0.452136,0.162089,0.197648,0.368316,0.319128,-0.006187,0.142244,0.186222,0.069565,0.389951,0.303727,0.386290,0.242350,0.430368,0.764253,0.492068,0.000000,0.245220,0.426196,0.498010,0.428919,0.279617,0.458834,0.538179,0.366301,0.504851,0.406939,0.301270
-0.024214,0.027565,0.357292,0.269059,0.177921,-0.047495,-0.035556,-0.109572,0.019983,-0.053609,0.079984,0.116625,0.171256,0.178885,0.079584,0.171695,0.193366,0.328227,0.302213,0.099217,0.574800,0.299530,0.342804,0.245220,0.000000,0.139204,0.090837,0.340360,0.041675,0.223732,0.173224,0.220657,0.373463,0.222505,0.073494
0.256172,0.369331,0.249190,0.292807,0.114342,-0.097389,-0.041867,-0.228092,0.093281,-0.020505,0.159112,0.308550,0.071895,-0.085068,-0.106560,-0.061987,0.156839,0.398118,0.405103,0.255486,0.238920,0.362652,0.269078,0.426196,0.139204,0.000000,0.721648,0.245239,0.044153,0.073987,0.158077,0.301074,0.305605,0.281402,0.153630
0.225269,0.416444,0.198763,0.262222,0.001660,-0.092708,-0.003353,-0.207875,0.174809,0.053944,0.378094,0.371353,0.070502,-0.062466,0.011855,-0.118391,0.078344,0.280061,0.448953,0.159088,0.124945,0.356154,0.227766,0.498010,0.090837,0.721648,0.000000,0.309618,0.051501,0.171377,0.192216,0.215206,0.270264,0.234838,0.126732
0.232085,0.271311,0.313634,0.394059,-0.013894,-0.192833,-0.087557,-0.217710,0.035005,0.186814,0.440874,0.283873,0.227712,-0.000992,-0.028975,-0.062862,0.018371,0.126961,0.142478,0.082789,0.498305,0.354338,0.205194,0.428919,0.340360,0.245239,0.309618,0.000000,0.442240,0.519849,0.503485,0.281936,0.602676,0.351869,0.285593
0.338179,0.345871,0.156205,0.241495,0.163923,-0.196415,-0.124554,-0.257210,-0.117701,0.339341,0.181606,0.172501,0.124556,-0.015655,-0.139329,-0.100057,0.060192,0.008605,-0.067490,0.103627,0.258474,0.231848,0.091292,0.279617,0.041675,0.044153,0.051501,0.442240,0.000000,0.489434,0.515942,0.545002,0.379699,0.273397,0.314734
0.257893,0.296095,0.308665,0.449788,0.281978,-0.283221,-0.114578,-0.363419,-0.000139,0.245444,0.459057,0.208659,0.088296,0.273952,0.114218,0.203074,0.208804,0.184451,0.009863,0.190366,0.399713,0.377414,0.208650,0.458834,0.223732,0.073987,0.171377,0.519849,0.489434,0.000000,0.742224,0.368289,0.508397,0.338366,0.296534
0.390939,0.427114,0.289761,0.429886,0.281811,-0.318198,-0.081979,-0.318449,0.018671,0.225693,0.426854,0.322856,0.120149,0.178858,0.030973,0.102292,0.207672,0.094886,-0.019912,0.141440,0.364567,0.467231,0.243903,0.538179,0.173224,0.158077,0.192216,0.503485,0.515942,0.742224,0.000000,0.436108,0.591597,0.357719,0.353918
0.246598,0.312963,0.353512,0.334775,0.376199,-0.221497,-0.155707,-0.260774,-0.038397,0.247812,0.073156,0.274118,0.079297,0.025833,-0.078642,0.048301,0.272653,0.269364,0.274852,0.267442,0.374136,0.321813,0.217440,0.366301,0.220657,0.301074,0.215206,0.281936,0.545002,0.368289,0.436108,0.000000,0.359250,0.354616,0.243277
0.276599,0.392505,0.256023,0.348804,0.182176,-0.218170,-0.177036,-0.284073,-0.025732,0.078645,0.297630,0.303365,0.236694,0.095133,-0.039236,-0.012967,0.143164,0.176876,0.153358,0.033626,0.533781,0.452030,0.221557,0.504851,0.373463,0.305605,0.270264,0.602676,0.379699,0.508397,0.591597,0.359250,0.000000,0.273480,0.183913
0.354100,0.309732,0.526004,0.550600,0.282684,-0.237617,-0.115923,-0.353096,0.055416,0.162094,0.309831,0.093961,0.016588,0.144671,0.129964,0.255375,0.339129,0.454225,0.228007,0.473594,0.526561,0.402392,0.300938,0.406939,0.222505,0.281402,0.234838,0.351869,0.273397,0.338366,0.357719,0.354616,0.273480,0.000000,0.780133
0.385252,0.273507,0.328150,0.457098,0.179961,-0.195991,-0.073006,-0.249595,0.049006,0.219274,0.261383,0.064120,0.003685,0.035700,0.078208,0.090017,0.203368,0.291047,0.037023,0.375672,0.341359,0.340394,0.180521,0.301270,0.073494,0.153630,0.126732,0.285593,0.314734,0.296534,0.353918,0.243277,0.183913,0.780133,0.000000
