1.0000,0.6359,0.2177,0.3081,-0.0546,0.2460,0.2116,0.0197,0.2971,0.3573,0.1927,0.4524,0.0523,0.2749,0.4486,-0.0371,-0.0043,0.0670,0.0334,0.0929,0.1514,0.6617,-0.0550,0.3922,0.1263,0.3360,0.3299,-0.0513,0.1866,0.1237,0.3007,0.0777,0.1557,0.3321,0.3238
0.6359,1.0000,0.2653,0.2588,-0.0046,0.1763,0.2602,0.2598,0.1197,0.2550,0.2991,0.4331,0.0441,0.2788,0.4162,0.1921,0.2138,0.1560,0.0792,0.2250,0.2208,0.4937,-0.0149,0.6536,0.1627,0.2268,0.3809,-0.1364,0.0620,0.2104,0.2611,0.1744,0.0583,0.1256,0.2230
0.2177,0.2653,1.0000,0.6926,-0.2136,0.0456,0.0522,0.1739,0.0883,0.1607,0.3331,0.0260,0.0407,0.3286,0.1759,0.2411,0.2658,0.3473,0.2100,0.3631,0.3693,0.2901,-0.3417,0.3129,0.3035,0.1903,0.1826,-0.3161,0.1153,0.2377,0.3629,0.2319,0.3096,0.2700,0.2920
0.3081,0.2588,0.6926,1.0000,-0.2569,0.1308,0.1719,0.0703,0.2493,0.3336,0.2819,0.0880,0.0289,0.4529,0.3314,0.2591,0.3196,0.4520,0.3210,0.4517,0.3865,0.4001,-0.3735,0.2085,0.4921,0.3732,0.2904,-0.4261,0.2981,0.1350,0.2412,0.2020,0.2945,0.4996,0.5024
-0.0546,-0.0046,-0.2136,-0.2569,1.0000,-0.1277,-0.0138,-0.0812,-0.1523,0.0260,-0.0036,0.2309,0.1527,-0.2779,-0.0032,-0.0643,-0.1187,-0.1575,-0.1532,-0.1928,-0.1168,-0.2012,0.1782,-0.1121,-0.1383,-0.1149,-0.0932,0.1329,-0.0770,-0.1093,-0.1879,-0.0528,-0.2547,-0.2137,-0.1458
0.2460,0.1763,0.0456,0.1308,-0.1277,1.0000,0.0606,-0.0394,0.1000,0.1967,0.1625,0.0787,-0.0461,0.2654,0.1823,-0.0252,0.0494,0.0269,-0.0728,0.0521,0.0629,0.2152,-0.0129,0.0907,-0.0330,0.2033,0.0543,-0.0121,0.2776,0.2715,0.1830,0.0781,0.0611,0.2061,0.1218
0.2116,0.2602,0.0522,0.1719,-0.0138,0.0606,1.0000,0.0723,0.2321,0.0151,0.2037,0.0679,-0.0182,0.1020,0.1735,0.2016,0.1265,0.2221,0.2749,0.2619,0.0826,0.2956,-0.1140,0.2826,0.1286,0.1098,0.2506,-0.2242,-0.0347,0.0750,0.1423,-0.1158,0.0142,0.1775,0.2347
0.0197,0.2598,0.1739,0.0703,-0.0812,-0.0394,0.0723,1.0000,-0.0620,0.0067,0.2606,-0.0004,-0.1440,0.1227,0.0671,0.4433,0.2793,0.0835,0.1030,0.2160,0.1683,0.1653,0.0805,0.3636,0.3042,-0.0708,-0.0282,-0.0935,0.0250,0.2433,0.2882,0.2992,0.2992,0.0575,0.1518
0.2971,0.1197,0.0883,0.2493,-0.1523,0.1000,0.2321,-0.0620,1.0000,0.0725,-0.1117,0.2900,0.3699,-0.0698,0.0227,-0.0971,-0.1438,0.3593,0.2520,0.2978,0.0178,0.2174,-0.2345,-0.0521,0.1340,0.5189,0.3684,-0.3764,0.0585,-0.2331,0.0663,-0.0165,0.1662,0.1102,0.0725
0.3573,0.2550,0.1607,0.3336,0.0260,0.1967,0.0151,0.0067,0.0725,1.0000,0.2822,0.3751,0.0519,0.3865,0.7146,-0.1780,0.0743,0.0273,0.0437,-0.0420,0.2335,0.4733,-0.0887,0.1667,0.2899,0.1410,-0.0080,0.0112,0.6391,0.2637,0.1747,0.3337,0.1565,0.4677,0.4298
0.1927,0.2991,0.3331,0.2819,-0.0036,0.1625,0.2037,0.2606,-0.1117,0.2822,1.0000,0.1759,-0.1474,0.5356,0.4276,0.3270,0.2967,0.0879,0.1340,0.1029,0.3582,0.3456,-0.1308,0.3521,0.1528,-0.0386,-0.1173,-0.1093,0.2150,0.4289,0.4880,0.1642,0.1845,0.2970,0.3034
0.4524,0.4331,0.0260,0.0880,0.2309,0.0787,0.0679,-0.0004,0.2900,0.3751,0.1759,1.0000,0.4092,-0.0337,0.3908,-0.0944,-0.0983,-0.0199,-0.0758,-0.0797,-0.0734,0.2006,0.0085,0.1178,-0.0016,0.2039,0.1404,0.0043,0.0384,-0.0530,0.1551,0.1086,0.0251,0.1653,0.2169
0.0523,0.0441,0.0407,0.0289,0.1527,-0.0461,-0.0182,-0.1440,0.3699,0.0519,-0.1474,0.4092,1.0000,-0.2862,-0.0557,-0.1847,-0.2677,-0.0396,-0.1649,-0.0746,-0.2919,-0.0726,-0.0050,-0.0870,-0.1464,0.2151,0.2826,0.0738,-0.0237,-0.1519,0.0092,0.1297,0.0127,-0.1288,-0.0976
0.2749,0.2788,0.3286,0.4529,-0.2779,0.2654,0.1020,0.1227,-0.0698,0.3865,0.5356,-0.0337,-0.2862,1.0000,0.5018,0.2827,0.4516,0.1802,0.2097,0.2199,0.4275,0.4963,-0.1823,0.3403,0.3567,0.1595,-0.0104,-0.1632,0.3900,0.2807,0.2363,0.1890,0.2005,0.4462,0.4276
0.4486,0.4162,0.1759,0.3314,-0.0032,0.1823,0.1735,0.0671,0.0227,0.7146,0.4276,0.3908,-0.0557,0.5018,1.0000,-0.0112,0.2106,0.1063,0.1036,0.0778,0.2821,0.5591,-0.1036,0.3449,0.2910,0.0785,0.0340,-0.0736,0.4438,0.2267,0.2005,0.2182,0.0867,0.4319,0.4327
-0.0371,0.1921,0.2411,0.2591,-0.0643,-0.0252,0.2016,0.4433,-0.0971,-0.1780,0.3270,-0.0944,-0.1847,0.2827,-0.0112,1.0000,0.5432,0.3389,0.3601,0.4758,0.2905,0.0427,-0.1049,0.2305,0.3900,0.1838,0.1737,-0.3383,-0.1329,0.1138,0.0953,0.0642,0.0382,0.0646,0.2272
-0.0043,0.2138,0.2658,0.3196,-0.1187,0.0494,0.1265,0.2793,-0.1438,0.0743,0.2967,-0.0983,-0.2677,0.4516,0.2106,0.5432,1.0000,0.3207,0.4313,0.3687,0.4954,0.2006,-0.0954,0.3559,0.4558,0.0391,-0.0045,-0.3249,0.0555,0.2186,0.1000,0.2361,0.0376,0.1169,0.1935
0.0670,0.1560,0.3473,0.4520,-0.1575,0.0269,0.2221,0.0835,0.3593,0.0273,0.0879,-0.0199,-0.0396,0.1802,0.1063,0.3389,0.3207,1.0000,0.7076,0.8066,0.3139,0.1752,-0.6907,0.1311,0.3781,0.3880,0.3604,-0.8751,0.0780,0.0702,0.0894,0.0407,0.0978,0.1946,0.2408
0.0334,0.0792,0.2100,0.3210,-0.1532,-0.0728,0.2749,0.1030,0.2520,0.0437,0.1340,-0.0758,-0.1649,0.2097,0.1036,0.3601,0.4313,0.7076,1.0000,0.6095,0.4289,0.1890,-0.5315,0.1540,0.4448,0.2262,0.2769,-0.7050,0.0355,0.0252,0.0338,-0.0471,0.0138,0.1816,0.2604
0.0929,0.2250,0.3631,0.4517,-0.1928,0.0521,0.2619,0.2160,0.2978,-0.0420,0.1029,-0.0797,-0.0746,0.2199,0.0778,0.4758,0.3687,0.8066,0.6095,1.0000,0.2355,0.1943,-0.5413,0.2347,0.3808,0.3298,0.3595,-0.7562,0.0272,0.1018,0.1200,0.0771,0.1392,0.2076,0.2938
0.1514,0.2208,0.3693,0.3865,-0.1168,0.0629,0.0826,0.1683,0.0178,0.2335,0.3582,-0.0734,-0.2919,0.4275,0.2821,0.2905,0.4954,0.3139,0.4289,0.2355,1.0000,0.3099,-0.2019,0.2340,0.4445,0.1138,-0.0261,-0.3638,0.1638,0.1629,0.1195,0.0979,0.0547,0.1674,0.1919
0.6617,0.4937,0.2901,0.4001,-0.2012,0.2152,0.2956,0.1653,0.2174,0.4733,0.3456,0.2006,-0.0726,0.4963,0.5591,0.0427,0.2006,0.1752,0.1890,0.1943,0.3099,1.0000,-0.1099,0.5990,0.3107,0.2392,0.2189,-0.1296,0.4677,0.3843,0.4275,0.3136,0.3755,0.4233,0.3829
-0.0550,-0.0149,-0.3417,-0.3735,0.1782,-0.0129,-0.1140,0.0805,-0.2345,-0.0887,-0.1308,0.0085,-0.0050,-0.1823,-0.1036,-0.1049,-0.0954,-0.6907,-0.5315,-0.5413,-0.2019,-0.1099,1.0000,0.0449,-0.0913,-0.2896,-0.2483,0.6712,-0.0916,-0.1187,-0.0667,0.0524,-0.0037,-0.2225,-0.2210
0.3922,0.6536,0.3129,0.2085,-0.1121,0.0907,0.2826,0.3636,-0.0521,0.1667,0.3521,0.1178,-0.0870,0.3403,0.3449,0.2305,0.3559,0.1311,0.1540,0.2347,0.2340,0.5990,0.0449,1.0000,0.1885,0.0321,0.2329,-0.0987,0.1201,0.3799,0.3994,0.3458,0.2256,0.1375,0.2100
0.1263,0.1627,0.3035,0.4921,-0.1383,-0.0330,0.1286,0.3042,0.1340,0.2899,0.1528,-0.0016,-0.1464,0.3567,0.2910,0.3900,0.4558,0.3781,0.4448,0.3808,0.4445,0.3107,-0.0913,0.1885,1.0000,0.2527,0.1326,-0.3390,0.2715,0.0422,0.0270,0.2297,0.3167,0.3386,0.3735
0.3360,0.2268,0.1903,0.3732,-0.1149,0.2033,0.1098,-0.0708,0.5189,0.1410,-0.0386,0.2039,0.2151,0.1595,0.0785,0.1838,0.0391,0.3880,0.2262,0.3298,0.1138,0.2392,-0.2896,0.0321,0.2527,1.0000,0.6142,-0.3843,0.1068,-0.2131,-0.0932,0.0743,0.0154,0.1776,0.1870
0.3299,0.3809,0.1826,0.2904,-0.0932,0.0543,0.2506,-0.0282,0.3684,-0.0080,-0.1173,0.1404,0.2826,-0.0104,0.0340,0.1737,-0.0045,0.3604,0.2769,0.3595,-0.0261,0.2189,-0.2483,0.2329,0.1326,0.6142,1.0000,-0.3219,-0.0803,-0.1364,-0.0209,-0.0608,-0.0540,0.0274,0.1022
-0.0513,-0.1364,-0.3161,-0.4261,0.1329,-0.0121,-0.2242,-0.0935,-0.3764,0.0112,-0.1093,0.0043,0.0738,-0.1632,-0.0736,-0.3383,-0.3249,-0.8751,-0.7050,-0.7562,-0.3638,-0.1296,0.6712,-0.0987,-0.3390,-0.3843,-0.3219,1.0000,-0.0058,-0.0076,-0.0522,0.0232,-0.0108,-0.1777,-0.2248
0.1866,0.0620,0.1153,0.2981,-0.0770,0.2776,-0.0347,0.0250,0.0585,0.6391,0.2150,0.0384,-0.0237,0.3900,0.4438,-0.1329,0.0555,0.0780,0.0355,0.0272,0.1638,0.4677,-0.0916,0.1201,0.2715,0.1068,-0.0803,-0.0058,1.0000,0.3760,0.2166,0.4404,0.3507,0.3941,0.3196
0.1237,0.2104,0.2377,0.1350,-0.1093,0.2715,0.0750,0.2433,-0.2331,0.2637,0.4289,-0.0530,-0.1519,0.2807,0.2267,0.1138,0.2186,0.0702,0.0252,0.1018,0.1629,0.3843,-0.1187,0.3799,0.0422,-0.2131,-0.1364,-0.0076,0.3760,1.0000,0.6417,0.3700,0.4257,0.2128,0.1678
0.3007,0.2611,0.3629,0.2412,-0.1879,0.1830,0.1423,0.2882,0.0663,0.1747,0.4880,0.1551,0.0092,0.2363,0.2005,0.0953,0.1000,0.0894,0.0338,0.1200,0.1195,0.4275,-0.0667,0.3994,0.0270,-0.0932,-0.0209,-0.0522,0.2166,0.6417,1.0000,0.3697,0.5738,0.3096,0.2416
0.0777,0.1744,0.2319,0.2020,-0.0528,0.0781,-0.1158,0.2992,-0.0165,0.3337,0.1642,0.1086,0.1297,0.1890,0.2182,0.0642,0.2361,0.0407,-0.0471,0.0771,0.0979,0.3136,0.0524,0.3458,0.2297,0.0743,-0.0608,0.0232,0.4404,0.3700,0.3697,1.0000,0.4293,0.1137,0.1147
0.1557,0.0583,0.3096,0.2945,-0.2547,0.0611,0.0142,0.2992,0.1662,0.1565,0.1845,0.0251,0.0127,0.2005,0.0867,0.0382,0.0376,0.0978,0.0138,0.1392,0.0547,0.3755,-0.0037,0.2256,0.3167,0.0154,-0.0540,-0.0108,0.3507,0.4257,0.5738,0.4293,1.0000,0.3376,0.2638
0.3321,0.1256,0.2700,0.4996,-0.2137,0.2061,0.1775,0.0575,0.1102,0.4677,0.2970,0.1653,-0.1288,0.4462,0.4319,0.0646,0.1169,0.1946,0.1816,0.2076,0.1674,0.4233,-0.2225,0.1375,0.3386,0.1776,0.0274,-0.1777,0.3941,0.2128,0.3096,0.1137,0.3376,1.0000,0.8373
0.3238,0.2230,0.2920,0.5024,-0.1458,0.1218,0.2347,0.1518,0.0725,0.4298,0.3034,0.2169,-0.0976,0.4276,0.4327,0.2272,0.1935,0.2408,0.2604,0.2938,0.1919,0.3829,-0.2210,0.2100,0.3735,0.1870,0.1022,-0.2248,0.3196,0.1678,0.2416,0.1147,0.2638,0.8373,1.0000
