1.0000,0.7357,0.2659,0.2307,0.2307,-0.0127,-0.0151,-0.1667,0.4009,0.4928,0.2681,0.5175,0.4594,0.0492,0.3353,0.1292,0.1638,0.2485,0.2131,0.2530,0.3126,0.6503,0.1835,0.4607,0.2312,0.4408,0.3517,0.3672,0.3561,0.3410,0.3962,0.3560,0.2948,0.3342,0.3789
0.7357,1.0000,0.3460,0.3105,0.1732,0.0200,0.0238,-0.0922,0.2720,0.4096,0.2723,0.4831,0.3962,0.2181,0.4410,0.2983,0.3652,0.3449,0.2588,0.3869,0.2532,0.5255,0.3067,0.6150,0.2365,0.4099,0.3534,0.3051,0.1936,0.1859,0.3198,0.2457,0.2661,0.3636,0.4344
0.2659,0.3460,1.0000,0.9001,0.5954,0.1980,-0.0273,-0.1036,0.0802,0.5482,0.2856,0.5672,0.1400,0.4202,0.5513,0.5090,0.4748,0.6331,0.6248,0.5270,0.5007,0.6076,0.3890,0.7319,0.5383,0.3056,0.3273,0.6617,0.3325,0.2904,0.4043,0.3807,0.5528,0.5740,0.6619
0.2307,0.3105,0.9001,1.0000,0.5949,0.1817,0.0264,-0.0906,0.0639,0.5217,0.2934,0.4970,0.1286,0.4082,0.5330,0.5022,0.4237,0.6157,0.5701,0.5220,0.4508,0.6093,0.3804,0.7004,0.5429,0.2813,0.3026,0.7005,0.3599,0.3565,0.4407,0.3933,0.5827,0.5248,0.6360
0.2307,0.1732,0.5954,0.5949,1.0000,0.0851,-0.0562,-0.0481,0.2607,0.5004,0.3737,0.4740,0.1036,0.2975,0.4221,0.3647,0.3583,0.4087,0.4838,0.3353,0.4185,0.5544,0.2425,0.4765,0.4469,0.2655,0.2600,0.6230,0.5015,0.4387,0.5422,0.5127,0.5808,0.3240,0.4222
-0.0127,0.0200,0.1980,0.1817,0.0851,1.0000,-0.1107,0.1000,-0.1122,-0.0861,-0.0196,0.0841,0.0546,-0.0289,-0.0131,0.0959,0.2351,0.3517,0.3461,0.2690,0.1831,0.1664,0.1686,0.2089,0.2844,0.2727,0.2181,0.0554,-0.0247,-0.1464,-0.0645,0.0113,0.0229,0.0854,0.1220
-0.0151,0.0238,-0.0273,0.0264,-0.0562,-0.1107,1.0000,-0.1784,-0.1265,-0.1523,-0.0390,-0.0093,0.0255,-0.2057,-0.0926,-0.1118,-0.2123,-0.2989,-0.3445,-0.2746,-0.1532,-0.1034,-0.1441,-0.0337,-0.1268,-0.3606,-0.3425,-0.1062,-0.1754,-0.1041,-0.1189,-0.1681,-0.1180,-0.3374,-0.2820
-0.1667,-0.0922,-0.1036,-0.0906,-0.0481,0.1000,-0.1784,1.0000,-0.1847,-0.2063,0.0017,-0.2266,-0.1042,0.0301,-0.1611,0.1692,0.1555,0.0871,0.0273,0.1716,-0.1861,-0.1837,0.0567,-0.1185,-0.0639,0.0018,0.0658,-0.1882,-0.2158,-0.2015,-0.1605,-0.2032,-0.1543,0.0977,0.1195
0.4009,0.2720,0.0802,0.0639,0.2607,-0.1122,-0.1265,-0.1847,1.0000,0.5914,0.2580,0.4691,0.4049,-0.0380,0.3235,-0.2255,-0.1080,-0.0257,0.0598,-0.1117,0.3877,0.3797,-0.1999,0.1563,0.1277,0.4642,0.3747,0.3136,0.4909,0.4187,0.3440,0.4204,0.1705,0.0573,0.0578
0.4928,0.4096,0.5482,0.5217,0.5004,-0.0861,-0.1523,-0.2063,0.5914,1.0000,0.3903,0.7376,0.3139,0.2226,0.5931,0.0925,0.1270,0.3293,0.3865,0.2012,0.5601,0.6326,0.0391,0.5087,0.3737,0.4305,0.4050,0.6255,0.5659,0.5542,0.5165,0.5141,0.4472,0.3716,0.4242
0.2681,0.2723,0.2856,0.2934,0.3737,-0.0196,-0.0390,0.0017,0.2580,0.3903,1.0000,0.3003,0.2282,-0.0365,0.2787,0.2727,0.1440,0.2546,0.2312,0.3057,0.2588,0.3394,0.1369,0.3266,0.1356,0.2423,0.2064,0.3524,0.1831,0.4433,0.4052,0.1301,0.2885,0.4121,0.4141
0.5175,0.4831,0.5672,0.4970,0.4740,0.0841,-0.0093,-0.2266,0.4691,0.7376,0.3003,1.0000,0.3441,0.0955,0.4483,0.0547,0.1379,0.3707,0.4283,0.2387,0.5525,0.6273,0.0765,0.5916,0.4005,0.4815,0.4484,0.5443,0.3903,0.3415,0.3529,0.4077,0.3785,0.3304,0.3791
0.4594,0.3962,0.1400,0.1286,0.1036,0.0546,0.0255,-0.1042,0.4049,0.3139,0.2282,0.3441,1.0000,-0.1608,0.1218,-0.0028,0.0897,0.2174,0.1960,0.1837,0.2875,0.4161,0.0322,0.3487,0.1137,0.4439,0.3546,0.2379,0.1858,0.2023,0.2361,0.2253,0.1257,0.2199,0.2135
0.0492,0.2181,0.4202,0.4082,0.2975,-0.0289,-0.2057,0.0301,-0.0380,0.2226,-0.0365,0.0955,-0.1608,1.0000,0.5942,0.6564,0.6163,0.3362,0.3236,0.3245,0.2461,0.3093,0.4281,0.3995,0.3704,0.0600,0.0718,0.3925,0.3610,0.2027,0.4582,0.4330,0.4637,0.2519,0.3342
0.3353,0.4410,0.5513,0.5330,0.4221,-0.0131,-0.0926,-0.1611,0.3235,0.5931,0.2787,0.4483,0.1218,0.5942,1.0000,0.3930,0.4208,0.3675,0.3356,0.2821,0.4610,0.5766,0.3545,0.5667,0.3588,0.2253,0.1959,0.5481,0.4799,0.4533,0.5131,0.4443,0.4610,0.3561,0.4249
0.1292,0.2983,0.5090,0.5022,0.3647,0.0959,-0.1118,0.1692,-0.2255,0.0925,0.2727,0.0547,-0.0028,0.6564,0.3930,1.0000,0.7858,0.4993,0.4370,0.5982,0.2193,0.3489,0.5507,0.4871,0.3617,0.1113,0.0866,0.3955,0.1677,0.1393,0.4094,0.2633,0.4625,0.5344,0.6093
0.1638,0.3652,0.4748,0.4237,0.3583,0.2351,-0.2123,0.1555,-0.1080,0.1270,0.1440,0.1379,0.0897,0.6163,0.4208,0.7858,1.0000,0.5373,0.4856,0.5864,0.2827,0.3977,0.6148,0.5261,0.3816,0.1962,0.1287,0.2935,0.1214,0.0068,0.2880,0.2329,0.3639,0.4591,0.5436
0.2485,0.3449,0.6331,0.6157,0.4087,0.3517,-0.2989,0.0871,-0.0257,0.3293,0.2546,0.3707,0.2174,0.3362,0.3675,0.4993,0.5373,1.0000,0.8420,0.8641,0.4469,0.5109,0.4794,0.5842,0.5834,0.3577,0.3326,0.4812,0.2419,0.1705,0.3328,0.2887,0.4381,0.6101,0.6432
0.2131,0.2588,0.6248,0.5701,0.4838,0.3461,-0.3445,0.0273,0.0598,0.3865,0.2312,0.4283,0.1960,0.3236,0.3356,0.4370,0.4856,0.8420,1.0000,0.7281,0.5994,0.5125,0.3051,0.5415,0.6144,0.4517,0.4273,0.5324,0.3397,0.1953,0.3625,0.3925,0.4888,0.5601,0.5899
0.2530,0.3869,0.5270,0.5220,0.3353,0.2690,-0.2746,0.1716,-0.1117,0.2012,0.3057,0.2387,0.1837,0.3245,0.2821,0.5982,0.5864,0.8641,0.7281,1.0000,0.3118,0.4416,0.5420,0.5329,0.5194,0.2847,0.2774,0.4178,0.1779,0.1600,0.3462,0.2293,0.4095,0.6586,0.6818
0.3126,0.2532,0.5007,0.4508,0.4185,0.1831,-0.1532,-0.1861,0.3877,0.5601,0.2588,0.5525,0.2875,0.2461,0.4610,0.2193,0.2827,0.4469,0.5994,0.3118,1.0000,0.6264,0.0282,0.4976,0.5664,0.4364,0.3771,0.5743,0.4369,0.3233,0.4261,0.5079,0.4844,0.3706,0.4164
0.6503,0.5255,0.6076,0.6093,0.5544,0.1664,-0.1034,-0.1837,0.3797,0.6326,0.3394,0.6273,0.4161,0.3093,0.5766,0.3489,0.3977,0.5109,0.5125,0.4416,0.6264,1.0000,0.3787,0.7655,0.5509,0.4682,0.3854,0.6819,0.5237,0.5063,0.5902,0.5405,0.5315,0.4571,0.5509
0.1835,0.3067,0.3890,0.3804,0.2425,0.1686,-0.1441,0.0567,-0.1999,0.0391,0.1369,0.0765,0.0322,0.4281,0.3545,0.5507,0.6148,0.4794,0.3051,0.5420,0.0282,0.3787,1.0000,0.4739,0.2538,0.0186,-0.0330,0.2689,0.0693,0.0933,0.2540,0.0847,0.2830,0.3429,0.4153
0.4607,0.6150,0.7319,0.7004,0.4765,0.2089,-0.0337,-0.1185,0.1563,0.5087,0.3266,0.5916,0.3487,0.3995,0.5667,0.4871,0.5261,0.5842,0.5415,0.5329,0.4976,0.7655,0.4739,1.0000,0.5083,0.3991,0.3743,0.5542,0.2495,0.2693,0.4130,0.3421,0.4514,0.5095,0.6005
0.2312,0.2365,0.5383,0.5429,0.4469,0.2844,-0.1268,-0.0639,0.1277,0.3737,0.1356,0.4005,0.1137,0.3704,0.3588,0.3617,0.3816,0.5834,0.6144,0.5194,0.5664,0.5509,0.2538,0.5083,1.0000,0.2932,0.3197,0.5924,0.4094,0.2823,0.4912,0.4862,0.5975,0.3467,0.4376
0.4408,0.4099,0.3056,0.2813,0.2655,0.2727,-0.3606,0.0018,0.4642,0.4305,0.2423,0.4815,0.4439,0.0600,0.2253,0.1113,0.1962,0.3577,0.4517,0.2847,0.4364,0.4682,0.0186,0.3991,0.2932,1.0000,0.8550,0.3910,0.2839,0.1707,0.2544,0.3627,0.3181,0.3993,0.4169
0.3517,0.3534,0.3273,0.3026,0.2600,0.2181,-0.3425,0.0658,0.3747,0.4050,0.2064,0.4484,0.3546,0.0718,0.1959,0.0866,0.1287,0.3326,0.4273,0.2774,0.3771,0.3854,-0.0330,0.3743,0.3197,0.8550,1.0000,0.3641,0.2329,0.1685,0.2427,0.3070,0.3160,0.4333,0.4587
0.3672,0.3051,0.6617,0.7005,0.6230,0.0554,-0.1062,-0.1882,0.3136,0.6255,0.3524,0.5443,0.2379,0.3925,0.5481,0.3955,0.2935,0.4812,0.5324,0.4178,0.5743,0.6819,0.2689,0.5542,0.5924,0.3910,0.3641,1.0000,0.7040,0.6784,0.7432,0.6829,0.7729,0.4371,0.5306
0.3561,0.1936,0.3325,0.3599,0.5015,-0.0247,-0.1754,-0.2158,0.4909,0.5659,0.1831,0.3903,0.1858,0.3610,0.4799,0.1677,0.1214,0.2419,0.3397,0.1779,0.4369,0.5237,0.0693,0.2495,0.4094,0.2839,0.2329,0.7040,1.0000,0.7478,0.7784,0.8443,0.6333,0.2217,0.2675
0.3410,0.1859,0.2904,0.3565,0.4387,-0.1464,-0.1041,-0.2015,0.4187,0.5542,0.4433,0.3415,0.2023,0.2027,0.4533,0.1393,0.0068,0.1705,0.1953,0.1600,0.3233,0.5063,0.0933,0.2693,0.2823,0.1707,0.1685,0.6784,0.7478,1.0000,0.7688,0.6055,0.4988,0.2475,0.2746
0.3962,0.3198,0.4043,0.4407,0.5422,-0.0645,-0.1189,-0.1605,0.3440,0.5165,0.4052,0.3529,0.2361,0.4582,0.5131,0.4094,0.2880,0.3328,0.3625,0.3462,0.4261,0.5902,0.2540,0.4130,0.4912,0.2544,0.2427,0.7432,0.7784,0.7688,1.0000,0.8004,0.7582,0.3448,0.4081
0.3560,0.2457,0.3807,0.3933,0.5127,0.0113,-0.1681,-0.2032,0.4204,0.5141,0.1301,0.4077,0.2253,0.4330,0.4443,0.2633,0.2329,0.2887,0.3925,0.2293,0.5079,0.5405,0.0847,0.3421,0.4862,0.3627,0.3070,0.6829,0.8443,0.6055,0.8004,1.0000,0.7422,0.2383,0.2825
0.2948,0.2661,0.5528,0.5827,0.5808,0.0229,-0.1180,-0.1543,0.1705,0.4472,0.2885,0.3785,0.1257,0.4637,0.4610,0.4625,0.3639,0.4381,0.4888,0.4095,0.4844,0.5315,0.2830,0.4514,0.5975,0.3181,0.3160,0.7729,0.6333,0.4988,0.7582,0.7422,1.0000,0.4067,0.4896
0.3342,0.3636,0.5740,0.5248,0.3240,0.0854,-0.3374,0.0977,0.0573,0.3716,0.4121,0.3304,0.2199,0.2519,0.3561,0.5344,0.4591,0.6101,0.5601,0.6586,0.3706,0.4571,0.3429,0.5095,0.3467,0.3993,0.4333,0.4371,0.2217,0.2475,0.3448,0.2383,0.4067,1.0000,0.8902
0.3789,0.4344,0.6619,0.6360,0.4222,0.1220,-0.2820,0.1195,0.0578,0.4242,0.4141,0.3791,0.2135,0.3342,0.4249,0.6093,0.5436,0.6432,0.5899,0.6818,0.4164,0.5509,0.4153,0.6005,0.4376,0.4169,0.4587,0.5306,0.2675,0.2746,0.4081,0.2825,0.4896,0.8902,1.0000
