1.0000,0.8522,0.1832,0.2095,0.0011,-0.0944,0.1245,-0.0325,-0.0633,0.2070,0.1476,0.3330,0.1814,0.1807,0.1302,0.1989,0.1730,0.3706,0.3552,0.4128,0.1951,0.6782,0.2057,0.6161,0.0674,0.6952,0.6666,0.2685,0.2303,0.1763,0.0990,0.2287,0.2703,0.3906,0.3587
0.8522,1.0000,0.1824,0.1977,0.0599,-0.0431,0.0894,0.0199,0.0284,0.2758,0.2653,0.3881,0.1498,0.2207,0.1903,0.2638,0.2955,0.3339,0.3555,0.3834,0.2421,0.6602,0.2625,0.6861,0.0681,0.6722,0.6711,0.3526,0.2736,0.1996,0.1852,0.2878,0.3170,0.4295,0.4117
0.1832,0.1824,1.0000,0.9281,0.3798,0.1471,0.4024,-0.0992,0.3478,0.5432,0.4190,0.4419,0.2866,0.2902,0.2660,0.1606,0.4960,0.5636,0.5416,0.4226,0.6829,0.6090,0.4770,0.5921,0.5818,0.3596,0.3082,0.4629,0.4574,0.2676,0.5494,0.5908,0.5531,0.3422,0.4117
0.2095,0.1977,0.9281,1.0000,0.3647,0.1703,0.3936,-0.0972,0.3626,0.5939,0.4684,0.4779,0.2928,0.3285,0.3325,0.2212,0.5401,0.6005,0.5946,0.4681,0.6911,0.6552,0.5516,0.6044,0.5590,0.4064,0.3454,0.4586,0.5039,0.3173,0.5568,0.5979,0.5277,0.3705,0.4431
0.0011,0.0599,0.3798,0.3647,1.0000,0.2622,0.4975,-0.0041,0.0996,0.2769,0.3597,0.2682,0.0887,0.2239,0.1229,0.2554,0.2651,0.1096,0.0676,0.0503,0.4657,0.3347,0.2311,0.3188,0.3094,0.1061,0.1186,0.2405,0.1255,0.1494,0.2708,0.1692,0.3083,0.3321,0.3665
-0.0944,-0.0431,0.1471,0.1703,0.2622,1.0000,0.2203,0.1724,0.1456,0.3093,0.2539,0.2485,-0.1053,0.1877,0.1519,0.0812,0.3055,0.0224,0.1019,-0.0668,0.1315,0.0164,0.1668,0.0268,0.0144,0.0893,0.1457,0.0796,0.1881,0.0144,0.1019,0.1884,0.1136,0.0889,0.1224
0.1245,0.0894,0.4024,0.3936,0.4975,0.2203,1.0000,0.0049,0.1980,0.3344,0.2366,0.3135,0.1981,0.2061,0.1666,0.0886,0.2835,0.0813,0.1526,-0.0161,0.3131,0.4084,0.1970,0.3331,0.3149,0.1458,0.1204,0.1319,0.2359,0.1024,0.2885,0.3012,0.1796,0.1137,0.1484
-0.0325,0.0199,-0.0992,-0.0972,-0.0041,0.1724,0.0049,1.0000,0.0746,0.0468,0.0305,0.0249,0.0052,0.0680,0.0190,-0.0809,0.1121,-0.2599,-0.1550,-0.2099,-0.2261,-0.1244,0.0171,-0.1453,-0.2406,0.0599,0.0689,-0.0329,0.0254,-0.0947,-0.0689,-0.0094,-0.1603,-0.0518,-0.0851
-0.0633,0.0284,0.3478,0.3626,0.0996,0.1456,0.1980,0.0746,1.0000,0.6319,0.4600,0.3625,0.4362,0.3733,0.5148,0.0758,0.4235,0.0251,0.1198,-0.0859,0.1793,0.2063,0.3441,0.2151,0.2583,0.1200,0.1267,0.1982,0.5622,0.2330,0.5496,0.5267,0.1317,-0.1240,-0.0356
0.2070,0.2758,0.5432,0.5939,0.2769,0.3093,0.3344,0.0468,0.6319,1.0000,0.5986,0.6536,0.3727,0.4961,0.6093,0.3386,0.6628,0.3763,0.4305,0.2639,0.3805,0.5224,0.4075,0.4477,0.2903,0.3879,0.3794,0.3548,0.6559,0.3389,0.5833,0.6620,0.3242,0.1915,0.2691
0.1476,0.2653,0.4190,0.4684,0.3597,0.2539,0.2366,0.0305,0.4600,0.5986,1.0000,0.5450,0.3142,0.4090,0.3952,0.4203,0.5015,0.2932,0.2777,0.3117,0.4500,0.4352,0.3991,0.4626,0.1692,0.2879,0.2786,0.4057,0.4819,0.6153,0.6970,0.4298,0.3581,0.5547,0.6371
0.3330,0.3881,0.4419,0.4779,0.2682,0.2485,0.3135,0.0249,0.3625,0.6536,0.5450,1.0000,0.3759,0.2713,0.3935,0.2508,0.4607,0.3504,0.3292,0.2843,0.3539,0.5033,0.3457,0.4982,0.2396,0.3982,0.3762,0.3273,0.4861,0.3885,0.5021,0.5141,0.3041,0.3167,0.4002
0.1814,0.1498,0.2866,0.2928,0.0887,-0.1053,0.1981,0.0052,0.4362,0.3727,0.3142,0.3759,1.0000,0.1911,0.1383,-0.0428,0.0789,0.1269,0.1513,0.1057,0.1807,0.2691,0.1208,0.2679,0.0943,0.2305,0.2153,0.2595,0.3945,0.2995,0.3615,0.4534,0.1964,0.1015,0.1551
0.1807,0.2207,0.2902,0.3285,0.2239,0.1877,0.2061,0.0680,0.3733,0.4961,0.4090,0.2713,0.1911,1.0000,0.5852,0.5713,0.5818,0.2707,0.3247,0.3123,0.2779,0.4472,0.5217,0.3201,0.2635,0.3405,0.3440,0.3860,0.4789,0.2399,0.3322,0.3897,0.2819,0.2070,0.2332
0.1302,0.1903,0.2660,0.3325,0.1229,0.1519,0.1666,0.0190,0.5148,0.6093,0.3952,0.3935,0.1383,0.5852,1.0000,0.4226,0.6209,0.2876,0.3526,0.2361,0.1103,0.3695,0.4441,0.2365,0.2423,0.2652,0.2745,0.1742,0.5325,0.2574,0.3131,0.3767,0.0101,-0.0505,0.0150
0.1989,0.2638,0.1606,0.2212,0.2554,0.0812,0.0886,-0.0809,0.0758,0.3386,0.4203,0.2508,-0.0428,0.5713,0.4226,1.0000,0.5642,0.4537,0.3799,0.5011,0.3110,0.4196,0.4363,0.3089,0.1732,0.2753,0.2561,0.2413,0.2113,0.2721,0.2115,0.1125,0.1203,0.3861,0.4263
0.1730,0.2955,0.4960,0.5401,0.2651,0.3055,0.2835,0.1121,0.4235,0.6628,0.5015,0.4607,0.0789,0.5818,0.6209,0.5642,1.0000,0.4446,0.5461,0.3558,0.4480,0.5465,0.6860,0.4807,0.4084,0.4451,0.4571,0.4474,0.4883,0.2339,0.4253,0.4910,0.3517,0.2918,0.3419
0.3706,0.3339,0.5636,0.6005,0.1096,0.0224,0.0813,-0.2599,0.0251,0.3763,0.2932,0.3504,0.1269,0.2707,0.2876,0.4537,0.4446,1.0000,0.8242,0.8674,0.5902,0.6288,0.4758,0.5180,0.4661,0.4829,0.4245,0.3459,0.3319,0.2726,0.2432,0.3227,0.3623,0.4358,0.4741
0.3552,0.3555,0.5416,0.5946,0.0676,0.1019,0.1526,-0.1550,0.1198,0.4305,0.2777,0.3292,0.1513,0.3247,0.3526,0.3799,0.5461,0.8242,1.0000,0.7302,0.5712,0.6339,0.5281,0.5237,0.4725,0.5664,0.5405,0.4048,0.4106,0.2554,0.2358,0.3881,0.3877,0.3631,0.4146
0.4128,0.3834,0.4226,0.4681,0.0503,-0.0668,-0.0161,-0.2099,-0.0859,0.2639,0.3117,0.2843,0.1057,0.3123,0.2361,0.5011,0.3558,0.8674,0.7302,1.0000,0.5322,0.5984,0.3902,0.4792,0.3364,0.4950,0.4472,0.3945,0.2963,0.3577,0.2255,0.2580,0.3662,0.5509,0.5644
0.1951,0.2421,0.6829,0.6911,0.4657,0.1315,0.3131,-0.2261,0.1793,0.3805,0.4500,0.3539,0.1807,0.2779,0.1103,0.3110,0.4480,0.5902,0.5712,0.5322,1.0000,0.6534,0.5375,0.6756,0.6768,0.3749,0.3560,0.6000,0.3166,0.3822,0.5016,0.4175,0.7051,0.6353,0.6688
0.6782,0.6602,0.6090,0.6552,0.3347,0.0164,0.4084,-0.1244,0.2063,0.5224,0.4352,0.5033,0.2691,0.4472,0.3695,0.4196,0.5465,0.6288,0.6339,0.5984,0.6534,1.0000,0.5995,0.8587,0.4863,0.6937,0.6325,0.5209,0.4428,0.3628,0.4301,0.4709,0.5304,0.5380,0.5578
0.2057,0.2625,0.4770,0.5516,0.2311,0.1668,0.1970,0.0171,0.3441,0.4075,0.3991,0.3457,0.1208,0.5217,0.4441,0.4363,0.6860,0.4758,0.5281,0.3902,0.5375,0.5995,1.0000,0.5401,0.5233,0.4482,0.4258,0.4520,0.4165,0.2603,0.3711,0.3918,0.3806,0.3197,0.3570
0.6161,0.6861,0.5921,0.6044,0.3188,0.0268,0.3331,-0.1453,0.2151,0.4477,0.4626,0.4982,0.2679,0.3201,0.2365,0.3089,0.4807,0.5180,0.5237,0.4792,0.6756,0.8587,0.5401,1.0000,0.4654,0.6044,0.5784,0.5636,0.3758,0.3679,0.4983,0.5124,0.6126,0.5822,0.6115
0.0674,0.0681,0.5818,0.5590,0.3094,0.0144,0.3149,-0.2406,0.2583,0.2903,0.1692,0.2396,0.0943,0.2635,0.2423,0.1732,0.4084,0.4661,0.4725,0.3364,0.6768,0.4863,0.5233,0.4654,1.0000,0.2419,0.2140,0.3817,0.2324,0.1427,0.2989,0.3041,0.4620,0.1999,0.2470
0.6952,0.6722,0.3596,0.4064,0.1061,0.0893,0.1458,0.0599,0.1200,0.3879,0.2879,0.3982,0.2305,0.3405,0.2652,0.2753,0.4451,0.4829,0.5664,0.4950,0.3749,0.6937,0.4482,0.6044,0.2419,1.0000,0.9150,0.3882,0.4172,0.1302,0.1651,0.3968,0.3409,0.4464,0.4114
0.6666,0.6711,0.3082,0.3454,0.1186,0.1457,0.1204,0.0689,0.1267,0.3794,0.2786,0.3762,0.2153,0.3440,0.2745,0.2561,0.4571,0.4245,0.5405,0.4472,0.3560,0.6325,0.4258,0.5784,0.2140,0.9150,1.0000,0.4311,0.4319,0.1048,0.1582,0.4326,0.3658,0.4310,0.3960
0.2685,0.3526,0.4629,0.4586,0.2405,0.0796,0.1319,-0.0329,0.1982,0.3548,0.4057,0.3273,0.2595,0.3860,0.1742,0.2413,0.4474,0.3459,0.4048,0.3945,0.6000,0.5209,0.4520,0.5636,0.3817,0.3882,0.4311,1.0000,0.4678,0.4068,0.5051,0.5307,0.6925,0.4908,0.5190
0.2303,0.2736,0.4574,0.5039,0.1255,0.1881,0.2359,0.0254,0.5622,0.6559,0.4819,0.4861,0.3945,0.4789,0.5325,0.2113,0.4883,0.3319,0.4106,0.2963,0.3166,0.4428,0.4165,0.3758,0.2324,0.4172,0.4319,0.4678,1.0000,0.4871,0.6304,0.7882,0.4159,0.1774,0.2475
0.1763,0.1996,0.2676,0.3173,0.1494,0.0144,0.1024,-0.0947,0.2330,0.3389,0.6153,0.3885,0.2995,0.2399,0.2574,0.2721,0.2339,0.2726,0.2554,0.3577,0.3822,0.3628,0.2603,0.3679,0.1427,0.1302,0.1048,0.4068,0.4871,1.0000,0.6675,0.3412,0.4074,0.4897,0.5549
0.0990,0.1852,0.5494,0.5568,0.2708,0.1019,0.2885,-0.0689,0.5496,0.5833,0.6970,0.5021,0.3615,0.3322,0.3131,0.2115,0.4253,0.2432,0.2358,0.2255,0.5016,0.4301,0.3711,0.4983,0.2989,0.1651,0.1582,0.5051,0.6304,0.6675,1.0000,0.6851,0.5514,0.3901,0.4780
0.2287,0.2878,0.5908,0.5979,0.1692,0.1884,0.3012,-0.0094,0.5267,0.6620,0.4298,0.5141,0.4534,0.3897,0.3767,0.1125,0.4910,0.3227,0.3881,0.2580,0.4175,0.4709,0.3918,0.5124,0.3041,0.3968,0.4326,0.5307,0.7882,0.3412,0.6851,1.0000,0.5293,0.2031,0.2716
0.2703,0.3170,0.5531,0.5277,0.3083,0.1136,0.1796,-0.1603,0.1317,0.3242,0.3581,0.3041,0.1964,0.2819,0.0101,0.1203,0.3517,0.3623,0.3877,0.3662,0.7051,0.5304,0.3806,0.6126,0.4620,0.3409,0.3658,0.6925,0.4159,0.4074,0.5514,0.5293,1.0000,0.5653,0.5891
0.3906,0.4295,0.3422,0.3705,0.3321,0.0889,0.1137,-0.0518,-0.1240,0.1915,0.5547,0.3167,0.1015,0.2070,-0.0505,0.3861,0.2918,0.4358,0.3631,0.5509,0.6353,0.5380,0.3197,0.5822,0.1999,0.4464,0.4310,0.4908,0.1774,0.4897,0.3901,0.2031,0.5653,1.0000,0.9145
0.3587,0.4117,0.4117,0.4431,0.3665,0.1224,0.1484,-0.0851,-0.0356,0.2691,0.6371,0.4002,0.1551,0.2332,0.0150,0.4263,0.3419,0.4741,0.4146,0.5644,0.6688,0.5578,0.3570,0.6115,0.2470,0.4114,0.3960,0.5190,0.2475,0.5549,0.4780,0.2716,0.5891,0.9145,1.0000
