0.000000,0.734980,0.063053,0.016526,-0.245288,-0.061923,-0.108581,0.004271,0.220726,0.105225,0.209094,0.007693,0.253203,-0.160544,-0.003929,-0.190962,-0.134123,0.306008,0.054712,0.249624,0.257755,0.641327,-0.155131,0.517170,0.100870,0.439231,0.374654,0.286676,0.116289,0.322779,0.095395,-0.021687,0.199150,0.316048,0.236624
0.734980,0.000000,0.110484,0.071776,-0.189570,-0.052285,-0.194298,0.024679,0.231000,0.198821,0.290303,0.014953,0.181017,-0.194943,-0.056472,-0.202826,-0.123336,0.300230,0.041549,0.219770,0.207292,0.538651,-0.181026,0.567854,0.032566,0.420128,0.398522,0.277606,0.161058,0.359146,0.135226,0.032850,0.152704,0.375925,0.352353
0.063053,0.110484,0.000000,0.746421,0.127391,0.066689,0.212420,0.018977,0.081496,0.301731,0.215332,0.260120,-0.074393,0.112016,0.014905,0.170888,0.291248,0.202952,0.104694,0.135443,0.026094,0.210494,0.133204,0.211619,0.018624,0.337711,0.391170,0.072059,0.188658,-0.031366,0.138967,0.321265,0.044275,0.289574,0.400240
0.016526,0.071776,0.746421,0.000000,0.174720,0.216128,0.204661,0.070846,-0.077736,0.267124,0.106130,0.210362,-0.221793,0.226554,0.072990,0.338321,0.445902,0.159234,0.149566,0.094043,-0.035617,0.174662,0.163850,0.195487,0.064250,0.236764,0.347188,-0.126823,0.205220,-0.174599,0.000403,0.262152,-0.067764,0.139396,0.307655
-0.245288,-0.189570,0.127391,0.174720,0.000000,-0.168699,0.091931,-0.018281,0.034045,0.083534,0.099414,0.255534,-0.021489,-0.011808,-0.099931,0.108828,0.053578,-0.018466,0.072433,0.068856,-0.015561,-0.072494,0.109595,-0.012480,-0.017990,-0.134516,-0.035742,-0.014226,0.113019,0.009260,0.192849,0.301814,0.024418,0.085653,0.139668
-0.061923,-0.052285,0.066689,0.216128,-0.168699,0.000000,0.176827,0.114247,-0.156341,-0.069625,-0.080313,-0.016402,-0.111629,0.095302,0.021087,0.176591,0.206691,-0.066393,0.037040,-0.045439,0.072078,-0.074988,0.099301,-0.092376,0.111588,0.098457,0.141510,-0.214856,-0.073919,-0.246662,-0.212437,-0.100753,-0.152901,-0.105138,-0.032193
-0.108581,-0.194298,0.212420,0.204661,0.091931,0.176827,0.000000,0.171177,0.010311,-0.049413,0.127898,0.074416,0.082143,0.156052,-0.030919,0.123180,0.138189,-0.071256,-0.038831,-0.083412,0.035303,0.011402,0.216314,-0.028219,-0.015909,0.192108,0.163301,0.040950,0.133476,-0.111573,0.090893,0.143988,0.040739,-0.059218,-0.007132
0.004271,0.024679,0.018977,0.070846,-0.018281,0.114247,0.171177,0.000000,-0.057367,-0.097634,-0.192891,-0.024337,-0.125654,0.187420,0.020021,0.108485,0.203731,0.009030,0.063306,-0.063456,0.020386,-0.082188,0.145584,-0.150954,-0.052595,0.041965,0.025218,-0.129639,-0.028428,-0.218681,-0.209580,0.064343,-0.126093,-0.119300,-0.028533
0.220726,0.231000,0.081496,-0.077736,0.034045,-0.156341,0.010311,-0.057367,0.000000,0.430742,0.528301,0.412012,0.386921,0.148623,0.227184,-0.131296,-0.211584,0.114333,-0.025529,0.023970,0.210350,0.319327,-0.154145,0.198277,0.039742,0.343418,0.304950,0.470289,0.249036,0.271039,0.310793,0.047054,0.270789,0.153832,0.088497
0.105225,0.198821,0.301731,0.267124,0.083534,-0.069625,-0.049413,-0.097634,0.430742,0.000000,0.569709,0.435319,-0.000614,0.220534,0.268225,0.176955,0.076812,0.211812,0.055474,0.134276,-0.020868,0.229488,0.004046,0.210015,-0.027728,0.218055,0.246651,0.163727,0.246721,0.140437,0.169403,0.001417,-0.053505,0.253092,0.317255
0.209094,0.290303,0.215332,0.106130,0.099414,-0.080313,0.127898,-0.192891,0.528301,0.569709,0.000000,0.395060,0.399396,0.052437,0.224247,0.025398,-0.218297,0.181411,-0.093966,0.156238,0.118594,0.272575,-0.172904,0.333375,0.052666,0.306230,0.337207,0.405224,0.334660,0.406880,0.521457,0.125643,0.233603,0.294662,0.300645
0.007693,0.014953,0.260120,0.210362,0.255534,-0.016402,0.074416,-0.024337,0.412012,0.435319,0.395060,0.000000,0.214803,0.105131,0.044512,0.036946,-0.038863,0.063419,-0.000569,0.073924,0.138357,0.142571,-0.029732,0.092528,0.144561,0.232662,0.285999,0.246465,0.140505,0.035374,0.328310,0.280831,0.218555,0.125564,0.162162
0.253203,0.181017,-0.074393,-0.221793,-0.021489,-0.111629,0.082143,-0.125654,0.386921,-0.000614,0.399396,0.214803,0.000000,-0.306201,-0.148060,-0.473324,-0.569203,-0.079407,-0.197984,0.074376,0.275691,0.281889,-0.386471,0.364076,0.207145,0.379456,0.359123,0.568151,0.074500,0.321779,0.501397,0.209016,0.541412,0.250655,0.159746
-0.160544,-0.194943,0.112016,0.226554,-0.011808,0.095302,0.156052,0.187420,0.148623,0.220534,0.052437,0.105131,-0.306201,0.000000,0.596292,0.712960,0.597826,0.083209,0.237502,-0.053753,-0.214432,-0.052181,0.406494,-0.246887,-0.089780,-0.063886,-0.077281,-0.343276,0.201342,-0.357947,-0.212252,-0.016384,-0.341287,-0.412303,-0.325200
-0.003929,-0.056472,0.014905,0.072990,-0.099931,0.021087,-0.030919,0.020021,0.227184,0.268225,0.224247,0.044512,-0.148060,0.596292,0.000000,0.459848,0.303203,0.227598,0.183240,0.095024,-0.132218,0.011457,0.215772,-0.157657,-0.078674,-0.075088,-0.078334,-0.173799,0.254056,-0.060610,-0.091802,-0.202147,-0.224842,-0.232078,-0.197535
-0.190962,-0.202826,0.170888,0.338321,0.108828,0.176591,0.123180,0.108485,-0.131296,0.176955,0.025398,0.036946,-0.473324,0.712960,0.459848,0.000000,0.753366,0.171046,0.329265,0.057448,-0.304960,-0.170137,0.455216,-0.276014,-0.079919,-0.116776,-0.052422,-0.595565,0.113356,-0.428895,-0.277741,-0.024233,-0.507129,-0.420142,-0.283951
-0.134123,-0.123336,0.291248,0.445902,0.053578,0.206691,0.138189,0.203731,-0.211584,0.076812,-0.218297,-0.038863,-0.569203,0.597826,0.303203,0.753366,0.000000,0.125340,0.333042,-0.042704,-0.231572,-0.083520,0.541073,-0.221470,-0.064263,0.023864,0.068584,-0.590115,0.042554,-0.539571,-0.483472,-0.002501,-0.541371,-0.317280,-0.188550
0.306008,0.300230,0.202952,0.159234,-0.018466,-0.066393,-0.071256,0.009030,0.114333,0.211812,0.181411,0.063419,-0.079407,0.083209,0.227598,0.171046,0.125340,0.000000,0.575847,0.683844,0.199194,0.275855,0.220009,0.225768,-0.076839,0.136206,0.064716,0.051860,0.173364,0.259716,0.113203,0.001098,0.079572,0.216573,0.266197
0.054712,0.041549,0.104694,0.149566,0.072433,0.037040,-0.038831,0.063306,-0.025529,0.055474,-0.093966,-0.000569,-0.197984,0.237502,0.183240,0.329265,0.333042,0.575847,0.000000,0.397506,0.078659,0.093474,0.371300,0.028373,-0.005661,-0.028049,-0.017232,-0.223528,0.073139,-0.159955,-0.131558,0.051364,-0.072951,-0.156018,-0.068373
0.249624,0.219770,0.135443,0.094043,0.068856,-0.045439,-0.083412,-0.063456,0.023970,0.134276,0.156238,0.073924,0.074376,-0.053753,0.095024,0.057448,-0.042704,0.683844,0.397506,0.000000,0.264355,0.215923,0.112746,0.230534,0.011971,0.046061,0.004442,0.107758,0.090752,0.333792,0.289092,0.050092,0.179679,0.242479,0.288029
0.257755,0.207292,0.026094,-0.035617,-0.015561,0.072078,0.035303,0.020386,0.210350,-0.020868,0.118594,0.138357,0.275691,-0.214432,-0.132218,-0.304960,-0.231572,0.199194,0.078659,0.264355,0.000000,0.314244,-0.120418,0.266684,0.400306,0.186150,0.137397,0.402774,0.040619,0.402716,0.251645,0.000544,0.440341,0.387621,0.325863
0.641327,0.538651,0.210494,0.174662,-0.072494,-0.074988,0.011402,-0.082188,0.319327,0.229488,0.272575,0.142571,0.281889,-0.052181,0.011457,-0.170137,-0.083520,0.275855,0.093474,0.215923,0.314244,0.000000,-0.101109,0.729308,0.204629,0.530807,0.487914,0.390993,0.165252,0.262991,0.167666,0.050643,0.288574,0.351437,0.288190
-0.155131,-0.181026,0.133204,0.163850,0.109595,0.099301,0.216314,0.145584,-0.154145,0.004046,-0.172904,-0.029732,-0.386471,0.406494,0.215772,0.455216,0.541073,0.220009,0.371300,0.112746,-0.120418,-0.101109,0.000000,-0.189464,-0.128042,-0.108767,-0.107998,-0.342009,0.002585,-0.328377,-0.238824,0.037654,-0.290803,-0.266441,-0.185264
0.517170,0.567854,0.211619,0.195487,-0.012480,-0.092376,-0.028219,-0.150954,0.198277,0.210015,0.333375,0.092528,0.364076,-0.246887,-0.157657,-0.276014,-0.221470,0.225768,0.028373,0.230534,0.266684,0.729308,-0.189464,0.000000,0.202792,0.432282,0.456688,0.437416,0.226770,0.346161,0.327434,0.198111,0.366065,0.420003,0.415445
0.100870,0.032566,0.018624,0.064250,-0.017990,0.111588,-0.015909,-0.052595,0.039742,-0.027728,0.052666,0.144561,0.207145,-0.089780,-0.078674,-0.079919,-0.064263,-0.076839,-0.005661,0.011971,0.400306,0.204629,-0.128042,0.202792,0.000000,0.079415,0.122425,0.088577,-0.030610,0.108989,0.191240,0.068627,0.247635,0.106858,0.114446
0.439231,0.420128,0.337711,0.236764,-0.134516,0.098457,0.192108,0.041965,0.343418,0.218055,0.306230,0.232662,0.379456,-0.063886,-0.075088,-0.116776,0.023864,0.136206,-0.028049,0.046061,0.186150,0.530807,-0.108767,0.432282,0.079415,0.000000,0.808803,0.376474,0.033914,-0.012528,0.078318,0.139113,0.213353,0.319821,0.290565
0.374654,0.398522,0.391170,0.347188,-0.035742,0.141510,0.163301,0.025218,0.304950,0.246651,0.337207,0.285999,0.359123,-0.077281,-0.078334,-0.052422,0.068584,0.064716,-0.017232,0.004442,0.137397,0.487914,-0.107998,0.456688,0.122425,0.808803,0.000000,0.319471,0.106083,-0.097957,0.079985,0.205782,0.171166,0.293681,0.333192
0.286676,0.277606,0.072059,-0.126823,-0.014226,-0.214856,0.040950,-0.129639,0.470289,0.163727,0.405224,0.246465,0.568151,-0.343276,-0.173799,-0.595565,-0.590115,0.051860,-0.223528,0.107758,0.402774,0.390993,-0.342009,0.437416,0.088577,0.376474,0.319471,0.000000,0.164748,0.546048,0.543402,0.162781,0.622603,0.550296,0.455699
0.116289,0.161058,0.188658,0.205220,0.113019,-0.073919,0.133476,-0.028428,0.249036,0.246721,0.334660,0.140505,0.074500,0.201342,0.254056,0.113356,0.042554,0.173364,0.073139,0.090752,0.040619,0.165252,0.002585,0.226770,-0.030610,0.033914,0.106083,0.164748,0.000000,0.236589,0.276035,0.332839,0.104127,0.167583,0.179127
0.322779,0.359146,-0.031366,-0.174599,0.009260,-0.246662,-0.111573,-0.218681,0.271039,0.140437,0.406880,0.035374,0.321779,-0.357947,-0.060610,-0.428895,-0.539571,0.259716,-0.159955,0.333792,0.402716,0.262991,-0.328377,0.346161,0.108989,-0.012528,-0.097957,0.546048,0.236589,0.000000,0.620314,0.011551,0.458229,0.601071,0.495555
0.095395,0.135226,0.138967,0.000403,0.192849,-0.212437,0.090893,-0.209580,0.310793,0.169403,0.521457,0.328310,0.501397,-0.212252,-0.091802,-0.277741,-0.483472,0.113203,-0.131558,0.289092,0.251645,0.167666,-0.238824,0.327434,0.191240,0.078318,0.079985,0.543402,0.276035,0.620314,0.000000,0.438398,0.607023,0.412598,0.376489
-0.021687,0.032850,0.321265,0.262152,0.301814,-0.100753,0.143988,0.064343,0.047054,0.001417,0.125643,0.280831,0.209016,-0.016384,-0.202147,-0.024233,-0.002501,0.001098,0.051364,0.050092,0.000544,0.050643,0.037654,0.198111,0.068627,0.139113,0.205782,0.162781,0.332839,0.011551,0.438398,0.000000,0.343105,0.121786,0.192975
0.199150,0.152704,0.044275,-0.067764,0.024418,-0.152901,0.040739,-0.126093,0.270789,-0.053505,0.233603,0.218555,0.541412,-0.341287,-0.224842,-0.507129,-0.541371,0.079572,-0.072951,0.179679,0.440341,0.288574,-0.290803,0.366065,0.247635,0.213353,0.171166,0.622603,0.104127,0.458229,0.607023,0.343105,0.000000,0.381332,0.311871
0.316048,0.375925,0.289574,0.139396,0.085653,-0.105138,-0.059218,-0.119300,0.153832,0.253092,0.294662,0.125564,0.250655,-0.412303,-0.232078,-0.420142,-0.317280,0.216573,-0.156018,0.242479,0.387621,0.351437,-0.266441,0.420003,0.106858,0.319821,0.293681,0.550296,0.167583,0.601071,0.412598,0.121786,0.381332,0.000000,0.836736
0.236624,0.352353,0.400240,0.307655,0.139668,-0.032193,-0.007132,-0.028533,0.088497,0.317255,0.300645,0.162162,0.159746,-0.325200,-0.197535,-0.283951,-0.188550,0.266197,-0.068373,0.288029,0.325863,0.288190,-0.185264,0.415445,0.114446,0.290565,0.333192,0.455699,0.179127,0.495555,0.376489,0.192975,0.311871,0.836736,0.000000
