0.000000,0.817875,0.343518,0.240218,0.422977,-0.067637,-0.214604,0.001965,0.174776,0.291939,0.304501,0.369254,0.164556,0.000163,0.184150,0.227013,0.221649,0.358134,0.342534,0.366145,0.162002,0.421509,0.153474,0.459486,0.162628,0.522294,0.501846,0.243939,0.247491,0.316833,0.302005,0.375434,0.248175,0.492016,0.504450
0.817875,0.000000,0.334926,0.239043,0.443011,-0.108116,-0.156809,0.005879,0.213785,0.346029,0.297700,0.443386,0.232761,0.042350,0.244004,0.208161,0.254632,0.287202,0.320942,0.295303,0.228101,0.420059,0.168573,0.529361,0.205930,0.527478,0.535171,0.287274,0.308711,0.335509,0.308581,0.453210,0.308541,0.488627,0.496264
0.343518,0.334926,0.000000,0.829935,0.694780,-0.069947,-0.172763,-0.062283,-0.020717,0.379365,0.421893,0.309590,-0.137163,0.312130,0.321212,0.418663,0.427636,0.587028,0.484087,0.458571,0.582628,0.610858,0.365096,0.642843,0.321441,0.450116,0.476652,0.647615,0.362513,0.438658,0.484213,0.426320,0.493490,0.676796,0.630714
0.240218,0.239043,0.829935,0.000000,0.584658,-0.008199,-0.072675,-0.081809,0.027120,0.329187,0.369077,0.199781,-0.234977,0.326584,0.294413,0.375991,0.371800,0.598183,0.442432,0.495007,0.463771,0.548775,0.265329,0.535808,0.190876,0.471750,0.458222,0.611261,0.355975,0.373430,0.362307,0.316041,0.465453,0.622512,0.643902
0.422977,0.443011,0.694780,0.584658,0.000000,-0.062485,-0.245040,-0.040506,0.079343,0.362095,0.410791,0.376591,-0.083978,0.301781,0.274542,0.388174,0.411815,0.518179,0.485900,0.447092,0.415691,0.615982,0.378719,0.699403,0.337783,0.383305,0.457103,0.530822,0.433225,0.369496,0.430147,0.498676,0.399320,0.598512,0.547798
-0.067637,-0.108116,-0.069947,-0.008199,-0.062485,0.000000,0.190740,0.203812,-0.180384,-0.375111,-0.198639,-0.261147,-0.295253,0.014831,0.052656,-0.002412,0.054711,-0.044467,0.033214,-0.041343,0.010034,-0.171582,0.208998,-0.183024,0.056613,-0.156955,-0.133901,-0.081023,-0.179681,-0.156018,-0.111321,-0.036854,-0.095174,-0.196723,-0.165680
-0.214604,-0.156809,-0.172763,-0.072675,-0.245040,0.190740,0.000000,0.006276,0.045495,-0.262520,-0.151783,-0.123214,0.061075,-0.233811,-0.256654,-0.289573,-0.145699,-0.286697,-0.281700,-0.261218,-0.039010,-0.124663,-0.118067,-0.137974,-0.030175,-0.128876,-0.140733,-0.145800,-0.190366,-0.144754,-0.187697,-0.187054,-0.105113,-0.260333,-0.233554
0.001965,0.005879,-0.062283,-0.081809,-0.040506,0.203812,0.006276,0.000000,-0.127115,-0.165956,-0.057699,0.055659,-0.102522,-0.007734,-0.035196,0.093220,-0.047107,-0.080577,-0.013379,-0.037764,0.236707,-0.013817,0.309334,-0.074869,0.084339,-0.303910,-0.175685,0.035197,-0.050016,-0.035866,-0.095812,-0.052523,-0.074910,-0.124061,-0.046041
0.174776,0.213785,-0.020717,0.027120,0.079343,-0.180384,0.045495,-0.127115,0.000000,0.527138,0.377809,0.480520,0.592552,-0.265390,-0.149021,-0.320791,-0.213502,-0.218534,-0.201328,-0.240654,-0.032656,0.244776,-0.159824,0.193690,-0.084764,0.288421,0.337891,0.049001,0.315013,0.273665,0.053733,0.100022,0.066693,0.027495,0.105530
0.291939,0.346029,0.379365,0.329187,0.362095,-0.375111,-0.262520,-0.165956,0.527138,0.000000,0.640631,0.678983,0.386972,0.231032,0.266123,0.260685,0.241502,0.134834,0.042148,0.091701,0.161892,0.403159,0.024875,0.388813,0.035314,0.303497,0.310022,0.233579,0.396964,0.207725,0.222652,0.260393,0.137321,0.487131,0.473342
0.304501,0.297700,0.421893,0.369077,0.410791,-0.198639,-0.151783,-0.057699,0.377809,0.640631,0.000000,0.626097,0.349629,-0.001035,0.064284,0.257288,0.097984,0.176686,0.119731,0.211048,0.248679,0.440007,0.111389,0.415740,-0.053362,0.287072,0.310132,0.234276,0.401086,0.404104,0.466065,0.302435,0.229916,0.520660,0.497801
0.369254,0.443386,0.309590,0.199781,0.376591,-0.261147,-0.123214,0.055659,0.480520,0.678983,0.626097,0.000000,0.520775,-0.021814,0.005445,0.097336,0.062031,0.004565,-0.024183,0.026364,0.252659,0.476337,0.120098,0.486566,0.125857,0.248125,0.327553,0.148687,0.274222,0.241083,0.245435,0.303639,0.152522,0.404118,0.369369
0.164556,0.232761,-0.137163,-0.234977,-0.083978,-0.295253,0.061075,-0.102522,0.592552,0.386972,0.349629,0.520775,0.000000,-0.472241,-0.384923,-0.388830,-0.318707,-0.292705,-0.197456,-0.244536,-0.005528,0.095491,-0.105209,0.126566,-0.024038,0.088959,0.126102,-0.230507,0.078450,0.076880,0.079516,0.064383,-0.007215,-0.001393,-0.024253
0.000163,0.042350,0.312130,0.326584,0.301781,0.014831,-0.233811,-0.007734,-0.265390,0.231032,-0.001035,-0.021814,-0.472241,0.000000,0.755198,0.715790,0.496975,0.325523,0.222544,0.301323,0.150314,0.060744,0.135876,0.086008,0.200316,-0.046841,-0.060926,0.430298,0.201674,0.004360,0.153715,0.243749,0.191311,0.269541,0.240765
0.184150,0.244004,0.321212,0.294413,0.274542,0.052656,-0.256654,-0.035196,-0.149021,0.266123,0.064284,0.005445,-0.384923,0.755198,0.000000,0.611758,0.522758,0.289419,0.283581,0.230187,0.135460,0.141675,0.173592,0.143264,0.117071,0.056673,0.055181,0.414089,0.202358,0.135764,0.152616,0.225960,0.150861,0.275213,0.257202
0.227013,0.208161,0.418663,0.375991,0.388174,-0.002412,-0.289573,0.093220,-0.320791,0.260685,0.257288,0.097336,-0.388830,0.715790,0.611758,0.000000,0.647127,0.478309,0.363445,0.459773,0.248233,0.291455,0.297636,0.254984,0.241179,0.146322,0.090708,0.358182,0.169940,0.102359,0.255317,0.240472,0.152119,0.460153,0.408426
0.221649,0.254632,0.427636,0.371800,0.411815,0.054711,-0.145699,-0.047107,-0.213502,0.241502,0.097984,0.062031,-0.318707,0.496975,0.522758,0.647127,0.000000,0.473736,0.418758,0.337514,0.146906,0.397832,0.473130,0.357155,0.321058,0.247801,0.265331,0.227198,0.016053,0.022922,0.049373,0.144247,0.021944,0.404070,0.364748
0.358134,0.287202,0.587028,0.598183,0.518179,-0.044467,-0.286697,-0.080577,-0.218534,0.134834,0.176686,0.004565,-0.292705,0.325523,0.289419,0.478309,0.473736,0.000000,0.720366,0.785980,0.360228,0.486045,0.463139,0.494835,0.254221,0.482229,0.450044,0.424021,0.398823,0.388161,0.446347,0.370788,0.315174,0.626732,0.595423
0.342534,0.320942,0.484087,0.442432,0.485900,0.033214,-0.281700,-0.013379,-0.201328,0.042148,0.119731,-0.024183,-0.197456,0.222544,0.283581,0.363445,0.418758,0.720366,0.000000,0.585036,0.396045,0.469946,0.501126,0.526736,0.343784,0.428886,0.463138,0.407649,0.391910,0.393392,0.430808,0.440647,0.430918,0.456506,0.438720
0.366145,0.295303,0.458571,0.495007,0.447092,-0.041343,-0.261218,-0.037764,-0.240654,0.091701,0.211048,0.026364,-0.244536,0.301323,0.230187,0.459773,0.337514,0.785980,0.585036,0.000000,0.245642,0.361509,0.273912,0.372686,0.147386,0.331241,0.263086,0.277649,0.277231,0.281787,0.394792,0.290713,0.232529,0.593991,0.608840
0.162002,0.228101,0.582628,0.463771,0.415691,0.010034,-0.039010,0.236707,-0.032656,0.161892,0.248679,0.252659,-0.005528,0.150314,0.135460,0.248233,0.146906,0.360228,0.396045,0.245642,0.000000,0.505008,0.528197,0.545241,0.541738,0.181940,0.230194,0.583046,0.346031,0.460343,0.485742,0.373613,0.521950,0.375095,0.328381
0.421509,0.420059,0.610858,0.548775,0.615982,-0.171582,-0.124663,-0.013817,0.244776,0.403159,0.440007,0.476337,0.095491,0.060744,0.141675,0.291455,0.397832,0.486045,0.469946,0.361509,0.505008,0.000000,0.491655,0.867864,0.443012,0.575820,0.622415,0.455899,0.389309,0.535278,0.432716,0.323627,0.336485,0.543627,0.532201
0.153474,0.168573,0.365096,0.265329,0.378719,0.208998,-0.118067,0.309334,-0.159824,0.024875,0.111389,0.120098,-0.105209,0.135876,0.173592,0.297636,0.473130,0.463139,0.501126,0.273912,0.528197,0.491655,0.000000,0.476708,0.489828,0.125089,0.228831,0.251603,0.162546,0.275684,0.289354,0.239599,0.124466,0.331611,0.273583
0.459486,0.529361,0.642843,0.535808,0.699403,-0.183024,-0.137974,-0.074869,0.193690,0.388813,0.415740,0.486566,0.126566,0.086008,0.143264,0.254984,0.357155,0.494835,0.526736,0.372686,0.545241,0.867864,0.476708,0.000000,0.458795,0.590498,0.646669,0.505173,0.477979,0.564518,0.558528,0.509104,0.466096,0.590253,0.554768
0.162628,0.205930,0.321441,0.190876,0.337783,0.056613,-0.030175,0.084339,-0.084764,0.035314,-0.053362,0.125857,-0.024038,0.200316,0.117071,0.241179,0.321058,0.254221,0.343784,0.147386,0.541738,0.443012,0.489828,0.458795,0.000000,0.185066,0.231783,0.310538,0.090494,0.126988,0.213169,0.221292,0.248006,0.189775,0.122986
0.522294,0.527478,0.450116,0.471750,0.383305,-0.156955,-0.128876,-0.303910,0.288421,0.303497,0.287072,0.248125,0.088959,-0.046841,0.056673,0.146322,0.247801,0.482229,0.428886,0.331241,0.181940,0.575820,0.125089,0.590498,0.185066,0.000000,0.871916,0.345026,0.410686,0.450505,0.350355,0.383802,0.358457,0.512033,0.547836
0.501846,0.535171,0.476652,0.458222,0.457103,-0.133901,-0.140733,-0.175685,0.337891,0.310022,0.310132,0.327553,0.126102,-0.060926,0.055181,0.090708,0.265331,0.450044,0.463138,0.263086,0.230194,0.622415,0.228831,0.646669,0.231783,0.871916,0.000000,0.367412,0.438141,0.509323,0.358124,0.424051,0.369967,0.470287,0.498589
0.243939,0.287274,0.647615,0.611261,0.530822,-0.081023,-0.145800,0.035197,0.049001,0.233579,0.234276,0.148687,-0.230507,0.430298,0.414089,0.358182,0.227198,0.424021,0.407649,0.277649,0.583046,0.455899,0.251603,0.505173,0.310538,0.345026,0.367412,0.000000,0.544953,0.616264,0.565639,0.537138,0.660907,0.519178,0.498606
0.247491,0.308711,0.362513,0.355975,0.433225,-0.179681,-0.190366,-0.050016,0.315013,0.396964,0.401086,0.274222,0.078450,0.201674,0.202358,0.169940,0.016053,0.398823,0.391910,0.277231,0.346031,0.389309,0.162546,0.477979,0.090494,0.410686,0.438141,0.544953,0.000000,0.599388,0.557544,0.683602,0.492687,0.476213,0.479610
0.316833,0.335509,0.438658,0.373430,0.369496,-0.156018,-0.144754,-0.035866,0.273665,0.207725,0.404104,0.241083,0.076880,0.004360,0.135764,0.102359,0.022922,0.388161,0.393392,0.281787,0.460343,0.535278,0.275684,0.564518,0.126988,0.450505,0.509323,0.616264,0.599388,0.000000,0.711635,0.488969,0.557782,0.453646,0.442152
0.302005,0.308581,0.484213,0.362307,0.430147,-0.111321,-0.187697,-0.095812,0.053733,0.222652,0.466065,0.245435,0.079516,0.153715,0.152616,0.255317,0.049373,0.446347,0.430808,0.394792,0.485742,0.432716,0.289354,0.558528,0.213169,0.350355,0.358124,0.565639,0.557544,0.711635,0.000000,0.666911,0.628229,0.546530,0.499442
0.375434,0.453210,0.426320,0.316041,0.498676,-0.036854,-0.187054,-0.052523,0.100022,0.260393,0.302435,0.303639,0.064383,0.243749,0.225960,0.240472,0.144247,0.370788,0.440647,0.290713,0.373613,0.323627,0.239599,0.509104,0.221292,0.383802,0.424051,0.537138,0.683602,0.488969,0.666911,0.000000,0.591108,0.503668,0.463689
0.248175,0.308541,0.493490,0.465453,0.399320,-0.095174,-0.105113,-0.074910,0.066693,0.137321,0.229916,0.152522,-0.007215,0.191311,0.150861,0.152119,0.021944,0.315174,0.430918,0.232529,0.521950,0.336485,0.124466,0.466096,0.248006,0.358457,0.369967,0.660907,0.492687,0.557782,0.628229,0.591108,0.000000,0.413371,0.424978
0.492016,0.488627,0.676796,0.622512,0.598512,-0.196723,-0.260333,-0.124061,0.027495,0.487131,0.520660,0.404118,-0.001393,0.269541,0.275213,0.460153,0.404070,0.626732,0.456506,0.593991,0.375095,0.543627,0.331611,0.590253,0.189775,0.512033,0.470287,0.519178,0.476213,0.453646,0.546530,0.503668,0.413371,0.000000,0.879150
0.504450,0.496264,0.630714,0.643902,0.547798,-0.165680,-0.233554,-0.046041,0.105530,0.473342,0.497801,0.369369,-0.024253,0.240765,0.257202,0.408426,0.364748,0.595423,0.438720,0.608840,0.328381,0.532201,0.273583,0.554768,0.122986,0.547836,0.498589,0.498606,0.479610,0.442152,0.499442,0.463689,0.424978,0.879150,0.000000
