1.0000,0.8805,0.3026,0.2741,0.2925,0.1937,-0.3400,0.0539,0.1780,0.2620,0.4059,0.4040,0.2584,-0.1412,0.3961,-0.0289,0.0816,0.2517,0.2731,0.2368,0.2065,0.6418,0.0460,0.5831,0.1019,0.3143,0.3896,0.2129,0.0816,0.3792,0.2652,0.1991,0.2072,0.2235,0.2195
0.8805,1.0000,0.3850,0.3583,0.3870,0.2081,-0.3292,0.1177,0.2134,0.3358,0.4638,0.4825,0.3477,-0.0601,0.4280,0.0635,0.1828,0.2859,0.3243,0.2979,0.2509,0.6790,0.1387,0.6966,0.1142,0.4043,0.5143,0.2582,0.1590,0.4095,0.3631,0.3278,0.2784,0.2913,0.2999
0.3026,0.3850,1.0000,0.8689,0.5457,0.3817,-0.4495,0.1523,0.1292,0.2323,0.4988,0.2537,0.1958,0.1720,0.4721,0.2904,0.3666,0.5044,0.4485,0.4691,0.3305,0.4578,0.2262,0.4314,0.3191,0.1494,0.1821,0.1736,0.0868,0.3485,0.3875,0.2040,0.4230,0.3494,0.3741
0.2741,0.3583,0.8689,1.0000,0.5435,0.3489,-0.3443,0.1462,0.2343,0.2818,0.4641,0.2625,0.2293,0.1803,0.4509,0.2645,0.3024,0.5247,0.4956,0.4416,0.3078,0.4724,0.2810,0.4313,0.2892,0.2079,0.2413,0.2132,0.1552,0.3712,0.3522,0.1816,0.4055,0.3230,0.3297
0.2925,0.3870,0.5457,0.5435,1.0000,0.3482,-0.1370,0.2532,0.2424,0.3577,0.6114,0.5088,0.4301,0.1912,0.3363,0.3793,0.3665,0.2905,0.2469,0.3182,0.3168,0.6186,0.2574,0.5990,0.1758,0.4737,0.4677,0.2916,0.3810,0.4900,0.5201,0.4628,0.5733,0.5174,0.5247
0.1937,0.2081,0.3817,0.3489,0.3482,1.0000,-0.1916,0.3488,0.1071,0.1495,0.3010,0.2506,0.1486,0.1455,0.2445,0.2525,0.3168,0.2438,0.2617,0.1938,0.2165,0.2828,0.1835,0.2848,0.2283,0.2973,0.2050,-0.0382,0.0860,0.1644,0.1765,0.1717,0.1143,0.1917,0.1689
-0.3400,-0.3292,-0.4495,-0.3443,-0.1370,-0.1916,1.0000,-0.0921,-0.0899,-0.0677,-0.2103,-0.1140,-0.0004,0.1355,-0.3082,0.0392,-0.0332,-0.3181,-0.2958,-0.3137,-0.1082,-0.1454,0.1376,-0.0843,-0.0546,0.0785,0.0228,0.0083,0.1061,-0.2125,-0.1515,0.0597,0.0794,0.0215,-0.0163
0.0539,0.1177,0.1523,0.1462,0.2532,0.3488,-0.0921,1.0000,0.1145,0.0851,0.1730,0.2538,0.1700,-0.0262,-0.0430,0.0330,0.0791,0.1367,0.1672,0.1306,0.1873,0.2220,0.1332,0.2560,0.2134,0.2948,0.2454,0.0429,0.0897,0.0875,0.0865,0.2239,0.1637,0.2380,0.2461
0.1780,0.2134,0.1292,0.2343,0.2424,0.1071,-0.0899,0.1145,1.0000,0.6673,0.2536,0.4581,0.3553,0.0723,0.2707,-0.1028,-0.0758,-0.0548,0.0586,-0.1386,0.0534,0.2024,0.0687,0.1792,-0.0382,0.4517,0.4547,0.1371,0.5274,0.2531,0.1478,0.2979,0.0555,0.0569,0.1554
0.2620,0.3358,0.2323,0.2818,0.3577,0.1495,-0.0677,0.0851,0.6673,1.0000,0.3104,0.5856,0.2483,0.1513,0.3313,0.0059,0.1201,0.0331,0.0926,-0.0197,0.1852,0.3878,0.1218,0.3731,0.0595,0.4881,0.4985,0.1944,0.4389,0.2530,0.2029,0.3341,0.1364,0.2073,0.2689
0.4059,0.4638,0.4988,0.4641,0.6114,0.3010,-0.2103,0.1730,0.2536,0.3104,1.0000,0.4744,0.3967,0.2451,0.3557,0.3524,0.2278,0.2316,0.2203,0.1832,0.2305,0.5018,0.2199,0.4720,0.2352,0.3076,0.3431,0.1980,0.1397,0.5346,0.5849,0.3019,0.4332,0.2785,0.2894
0.4040,0.4825,0.2537,0.2625,0.5088,0.2506,-0.1140,0.2538,0.4581,0.5856,0.4744,1.0000,0.4285,0.0659,0.2441,0.0833,0.1626,0.0627,0.1556,0.0313,0.2310,0.4627,0.1850,0.5005,0.0974,0.6123,0.6019,0.1729,0.2853,0.2591,0.2587,0.4672,0.2938,0.3327,0.3620
0.2584,0.3477,0.1958,0.2293,0.4301,0.1486,-0.0004,0.1700,0.3553,0.2483,0.3967,0.4285,1.0000,0.0528,0.1263,0.1574,0.0496,-0.0416,0.0380,0.0296,0.0326,0.3506,0.0650,0.3416,-0.0080,0.4051,0.4252,0.1594,0.2799,0.2831,0.4416,0.5129,0.3698,0.1457,0.1565
-0.1412,-0.0601,0.1720,0.1803,0.1912,0.1455,0.1355,-0.0262,0.0723,0.1513,0.2451,0.0659,0.0528,1.0000,0.3997,0.7273,0.6510,0.1395,0.1648,0.2348,0.1953,0.1549,0.4678,0.1788,0.1517,0.0394,0.0787,0.2118,0.1272,0.0492,0.2660,0.1831,0.2589,0.2514,0.2315
0.3961,0.4280,0.4721,0.4509,0.3363,0.2445,-0.3082,-0.0430,0.2707,0.3313,0.3557,0.2441,0.1263,0.3997,1.0000,0.3717,0.4662,0.2871,0.2604,0.2985,0.2202,0.3829,0.3072,0.3278,0.1570,0.1048,0.1299,0.2581,0.2056,0.3071,0.3294,0.1992,0.2965,0.2502,0.2568
-0.0289,0.0635,0.2904,0.2645,0.3793,0.2525,0.0392,0.0330,-0.1028,0.0059,0.3524,0.0833,0.1574,0.7273,0.3717,1.0000,0.7601,0.2103,0.2180,0.3612,0.1813,0.2609,0.4171,0.3013,0.1635,0.0939,0.0908,0.2385,0.1861,0.2478,0.4656,0.2934,0.3826,0.3271,0.2881
0.0816,0.1828,0.3666,0.3024,0.3665,0.3168,-0.0332,0.0791,-0.0758,0.1201,0.2278,0.1626,0.0496,0.6510,0.4662,0.7601,1.0000,0.3189,0.3143,0.4418,0.3071,0.3407,0.4929,0.3753,0.2176,0.1931,0.2010,0.2385,0.1806,0.1425,0.3067,0.3130,0.3623,0.4296,0.4331
0.2517,0.2859,0.5044,0.5247,0.2905,0.2438,-0.3181,0.1367,-0.0548,0.0331,0.2316,0.0627,-0.0416,0.1395,0.2871,0.2103,0.3189,1.0000,0.7885,0.8417,0.5062,0.5206,0.3909,0.4947,0.5170,0.1086,0.1398,0.2879,-0.0631,0.0879,0.0478,-0.0249,0.3055,0.3849,0.3533
0.2731,0.3243,0.4485,0.4956,0.2469,0.2617,-0.2958,0.1672,0.0586,0.0926,0.2203,0.1556,0.0380,0.1648,0.2604,0.2180,0.3143,0.7885,1.0000,0.6883,0.5221,0.4940,0.5052,0.5096,0.6014,0.2462,0.2932,0.2885,0.0155,0.0344,0.0657,0.0960,0.2587,0.3464,0.3178
0.2368,0.2979,0.4691,0.4416,0.3182,0.1938,-0.3137,0.1306,-0.1386,-0.0197,0.1832,0.0313,0.0296,0.2348,0.2985,0.3612,0.4418,0.8417,0.6883,1.0000,0.4998,0.5113,0.3879,0.4955,0.3885,0.0651,0.1093,0.3904,0.0272,0.1602,0.2117,0.1361,0.3961,0.4740,0.4347
0.2065,0.2509,0.3305,0.3078,0.3168,0.2165,-0.1082,0.1873,0.0534,0.1852,0.2305,0.2310,0.0326,0.1953,0.2202,0.1813,0.3071,0.5062,0.5221,0.4998,1.0000,0.5118,0.4777,0.4779,0.5911,0.2167,0.1889,0.4702,0.1294,0.2494,0.1447,0.1539,0.3439,0.5118,0.4858
0.6418,0.6790,0.4578,0.4724,0.6186,0.2828,-0.1454,0.2220,0.2024,0.3878,0.5018,0.4627,0.3506,0.1549,0.3829,0.2609,0.3407,0.5206,0.4940,0.5113,0.5118,1.0000,0.3290,0.8670,0.3613,0.5061,0.5351,0.4538,0.2801,0.4166,0.3592,0.3612,0.5348,0.5516,0.5183
0.0460,0.1387,0.2262,0.2810,0.2574,0.1835,0.1376,0.1332,0.0687,0.1218,0.2199,0.1850,0.0650,0.4678,0.3072,0.4171,0.4929,0.3909,0.5052,0.3879,0.4777,0.3290,1.0000,0.3990,0.4732,0.2866,0.2618,0.5082,0.2343,0.1475,0.2468,0.3262,0.3957,0.4134,0.3939
0.5831,0.6966,0.4314,0.4313,0.5990,0.2848,-0.0843,0.2560,0.1792,0.3731,0.4720,0.5005,0.3416,0.1788,0.3278,0.3013,0.3753,0.4947,0.5096,0.4955,0.4779,0.8670,0.3990,1.0000,0.3838,0.5272,0.5963,0.4356,0.3032,0.3738,0.4250,0.4773,0.5557,0.5256,0.5071
0.1019,0.1142,0.3191,0.2892,0.1758,0.2283,-0.0546,0.2134,-0.0382,0.0595,0.2352,0.0974,-0.0080,0.1517,0.1570,0.1635,0.2176,0.5170,0.6014,0.3885,0.5911,0.3613,0.4732,0.3838,1.0000,0.0833,0.0527,0.2327,-0.0916,0.0276,0.0801,0.0621,0.2845,0.2691,0.2604
0.3143,0.4043,0.1494,0.2079,0.4737,0.2973,0.0785,0.2948,0.4517,0.4881,0.3076,0.6123,0.4051,0.0394,0.1048,0.0939,0.1931,0.1086,0.2462,0.0651,0.2167,0.5061,0.2866,0.5272,0.0833,1.0000,0.8731,0.2004,0.5113,0.1905,0.1676,0.5329,0.2810,0.4443,0.4557
0.3896,0.5143,0.1821,0.2413,0.4677,0.2050,0.0228,0.2454,0.4547,0.4985,0.3431,0.6019,0.4252,0.0787,0.1299,0.0908,0.2010,0.1398,0.2932,0.1093,0.1889,0.5351,0.2618,0.5963,0.0527,0.8731,1.0000,0.1992,0.4446,0.1839,0.2009,0.5219,0.2561,0.3785,0.3982
0.2129,0.2582,0.1736,0.2132,0.2916,-0.0382,0.0083,0.0429,0.1371,0.1944,0.1980,0.1729,0.1594,0.2118,0.2581,0.2385,0.2385,0.2879,0.2885,0.3904,0.4702,0.4538,0.5082,0.4356,0.2327,0.2004,0.1992,1.0000,0.4896,0.4896,0.4162,0.3881,0.5705,0.4784,0.4340
0.0816,0.1590,0.0868,0.1552,0.3810,0.0860,0.1061,0.0897,0.5274,0.4389,0.1397,0.2853,0.2799,0.1272,0.2056,0.1861,0.1806,-0.0631,0.0155,0.0272,0.1294,0.2801,0.2343,0.3032,-0.0916,0.5113,0.4446,0.4896,1.0000,0.5098,0.3821,0.6236,0.3491,0.4084,0.4421
0.3792,0.4095,0.3485,0.3712,0.4900,0.1644,-0.2125,0.0875,0.2531,0.2530,0.5346,0.2591,0.2831,0.0492,0.3071,0.2478,0.1425,0.0879,0.0344,0.1602,0.2494,0.4166,0.1475,0.3738,0.0276,0.1905,0.1839,0.4896,0.5098,1.0000,0.7049,0.4114,0.4423,0.3234,0.3119
0.2652,0.3631,0.3875,0.3522,0.5201,0.1765,-0.1515,0.0865,0.1478,0.2029,0.5849,0.2587,0.4416,0.2660,0.3294,0.4656,0.3067,0.0478,0.0657,0.2117,0.1447,0.3592,0.2468,0.4250,0.0801,0.1676,0.2009,0.4162,0.3821,0.7049,1.0000,0.6292,0.6030,0.2598,0.2676
0.1991,0.3278,0.2040,0.1816,0.4628,0.1717,0.0597,0.2239,0.2979,0.3341,0.3019,0.4672,0.5129,0.1831,0.1992,0.2934,0.3130,-0.0249,0.0960,0.1361,0.1539,0.3612,0.3262,0.4773,0.0621,0.5329,0.5219,0.3881,0.6236,0.4114,0.6292,1.0000,0.5408,0.4310,0.4456
0.2072,0.2784,0.4230,0.4055,0.5733,0.1143,0.0794,0.1637,0.0555,0.1364,0.4332,0.2938,0.3698,0.2589,0.2965,0.3826,0.3623,0.3055,0.2587,0.3961,0.3439,0.5348,0.3957,0.5557,0.2845,0.2810,0.2561,0.5705,0.3491,0.4423,0.6030,0.5408,1.0000,0.5128,0.4955
0.2235,0.2913,0.3494,0.3230,0.5174,0.1917,0.0215,0.2380,0.0569,0.2073,0.2785,0.3327,0.1457,0.2514,0.2502,0.3271,0.4296,0.3849,0.3464,0.4740,0.5118,0.5516,0.4134,0.5256,0.2691,0.4443,0.3785,0.4784,0.4084,0.3234,0.2598,0.4310,0.5128,1.0000,0.8962
0.2195,0.2999,0.3741,0.3297,0.5247,0.1689,-0.0163,0.2461,0.1554,0.2689,0.2894,0.3620,0.1565,0.2315,0.2568,0.2881,0.4331,0.3533,0.3178,0.4347,0.4858,0.5183,0.3939,0.5071,0.2604,0.4557,0.3982,0.4340,0.4421,0.3119,0.2676,0.4456,0.4955,0.8962,1.0000
