1.0000,0.7951,0.4213,0.4225,0.1000,0.1129,0.0201,-0.0491,0.3451,0.5472,0.5083,0.4566,0.3083,0.2762,0.4594,0.2791,0.3065,0.3644,0.2350,0.3772,0.2334,0.5043,0.2402,0.5592,0.2206,0.5764,0.4784,0.3324,0.2035,0.2903,0.3097,0.1375,0.0799,0.3822,0.3967
0.7951,1.0000,0.5315,0.4955,0.0596,0.1419,0.0549,0.0497,0.4343,0.6253,0.5137,0.5507,0.1213,0.3770,0.6028,0.4246,0.5138,0.4409,0.2834,0.4487,0.1873,0.4241,0.3264,0.6177,0.2382,0.5745,0.5681,0.2199,0.2371,0.1996,0.3894,0.2941,0.1262,0.3993,0.4159
0.4213,0.5315,1.0000,0.9031,0.3730,0.0222,0.3193,-0.1325,0.1012,0.6654,0.6601,0.5650,-0.1013,0.3719,0.6246,0.3864,0.4601,0.6477,0.5021,0.6120,0.5866,0.5565,0.3672,0.6972,0.5015,0.3788,0.3824,0.3962,0.2557,0.2313,0.4641,0.3925,0.3243,0.6603,0.6454
0.4225,0.4955,0.9031,1.0000,0.4131,-0.0162,0.3399,-0.1082,0.0899,0.6790,0.6904,0.5600,-0.0948,0.3450,0.5662,0.3613,0.4010,0.6617,0.4939,0.6540,0.5712,0.5775,0.3394,0.6825,0.4730,0.3659,0.3694,0.4103,0.2677,0.2586,0.4234,0.3273,0.3014,0.6883,0.6792
0.1000,0.0596,0.3730,0.4131,1.0000,-0.2284,0.4857,-0.1699,0.0291,0.3012,0.3062,0.1695,-0.0403,0.1950,0.1542,0.1265,0.0153,0.2552,0.1390,0.2771,0.3253,0.4026,0.1666,0.3869,0.1241,0.1598,0.1109,0.2200,0.1442,0.1370,0.1458,0.0915,0.1011,0.3718,0.3315
0.1129,0.1419,0.0222,-0.0162,-0.2284,1.0000,-0.1416,0.2369,-0.0073,-0.0201,0.0070,-0.0442,-0.0845,-0.0406,0.0573,0.1092,0.2335,0.1462,0.1376,0.1638,-0.1477,0.0526,0.3927,0.0281,-0.0773,0.0375,0.0273,-0.2825,-0.3384,-0.1670,-0.1191,-0.1724,-0.2419,-0.0018,-0.0506
0.0201,0.0549,0.3193,0.3399,0.4857,-0.1416,1.0000,0.0163,-0.0138,0.2822,0.2842,0.3013,-0.0101,0.1149,0.1590,0.0370,-0.0065,0.0322,-0.0998,0.0899,0.1160,0.2649,0.0375,0.3214,0.0247,0.0019,-0.0386,0.1248,0.0213,0.0327,0.1294,0.0300,-0.0038,0.1474,0.1454
-0.0491,0.0497,-0.1325,-0.1082,-0.1699,0.2369,0.0163,1.0000,0.0034,-0.0461,-0.0856,0.0041,-0.0956,-0.0843,-0.1062,-0.0217,0.0389,-0.0555,-0.0477,-0.0432,-0.3119,-0.2370,0.0767,-0.1463,-0.2871,0.1841,0.2235,-0.2546,-0.0900,-0.2478,-0.1914,-0.0629,-0.1310,-0.0807,-0.0560
0.3451,0.4343,0.1012,0.0899,0.0291,-0.0073,-0.0138,0.0034,1.0000,0.3029,0.1698,0.1882,0.3140,0.1751,0.2286,0.1717,0.3023,0.1880,0.1136,0.1597,0.0500,0.1352,0.1290,0.2504,0.1294,0.3869,0.3607,0.0808,0.3489,0.1770,0.2047,0.2476,0.0695,0.0741,0.1479
0.5472,0.6253,0.6654,0.6790,0.3012,-0.0201,0.2822,-0.0461,0.3029,1.0000,0.7153,0.7490,0.0213,0.3299,0.6523,0.3093,0.4065,0.4473,0.3082,0.4309,0.3894,0.5360,0.2496,0.6398,0.2949,0.4286,0.3952,0.2917,0.2879,0.2039,0.3314,0.2677,0.1423,0.6085,0.6048
0.5083,0.5137,0.6601,0.6904,0.3062,0.0070,0.2842,-0.0856,0.1698,0.7153,1.0000,0.6994,0.0562,0.4464,0.5701,0.3659,0.2809,0.5028,0.2715,0.5266,0.4556,0.5601,0.2067,0.6005,0.3302,0.2889,0.2352,0.4727,0.1651,0.4371,0.4355,0.0901,0.2157,0.7187,0.7348
0.4566,0.5507,0.5650,0.5600,0.1695,-0.0442,0.3013,0.0041,0.1882,0.7490,0.6994,1.0000,0.0403,0.3550,0.6046,0.2661,0.3073,0.3679,0.2097,0.3626,0.3353,0.4183,0.1658,0.5703,0.2448,0.3216,0.3118,0.2812,0.0875,0.0913,0.2139,0.0744,0.0343,0.5496,0.5704
0.3083,0.1213,-0.1013,-0.0948,-0.0403,-0.0845,-0.0101,-0.0956,0.3140,0.0213,0.0562,0.0403,1.0000,0.1187,-0.0055,-0.0554,-0.1471,-0.0514,-0.0421,0.0201,-0.0210,0.1083,-0.0448,0.0975,-0.0284,0.1348,0.1109,0.2552,0.0548,0.1388,0.0935,-0.0866,0.0363,-0.0720,-0.0379
0.2762,0.3770,0.3719,0.3450,0.1950,-0.0406,0.1149,-0.0843,0.1751,0.3299,0.4464,0.3550,0.1187,1.0000,0.5925,0.7479,0.5345,0.4720,0.2292,0.5254,0.2801,0.2688,0.2633,0.3122,0.3463,0.1107,0.1254,0.2146,0.0406,0.1436,0.3513,0.0840,0.0237,0.3470,0.3489
0.4594,0.6028,0.6246,0.5662,0.1542,0.0573,0.1590,-0.1062,0.2286,0.6523,0.5701,0.6046,-0.0055,0.5925,1.0000,0.6277,0.6824,0.5033,0.3477,0.5269,0.4359,0.5303,0.4222,0.6281,0.4545,0.1973,0.2254,0.2736,0.1497,0.1495,0.4586,0.2893,0.1536,0.4325,0.4290
0.2791,0.4246,0.3864,0.3613,0.1265,0.1092,0.0370,-0.0217,0.1717,0.3093,0.3659,0.2661,-0.0554,0.7479,0.6277,1.0000,0.7079,0.5216,0.2979,0.5935,0.2217,0.2368,0.3399,0.3178,0.3282,0.1575,0.1825,0.0275,0.0108,0.0753,0.3537,0.0959,-0.0025,0.3375,0.3532
0.3065,0.5138,0.4601,0.4010,0.0153,0.2335,-0.0065,0.0389,0.3023,0.4065,0.2809,0.3073,-0.1471,0.5345,0.6824,0.7079,1.0000,0.4443,0.3055,0.4517,0.2755,0.2984,0.5677,0.4328,0.3798,0.2609,0.3234,0.0296,0.0649,-0.0827,0.3024,0.2685,0.0518,0.3034,0.2906
0.3644,0.4409,0.6477,0.6617,0.2552,0.1462,0.0322,-0.0555,0.1880,0.4473,0.5028,0.3679,-0.0514,0.4720,0.5033,0.5216,0.4443,1.0000,0.7805,0.8434,0.5197,0.4154,0.3123,0.4896,0.4944,0.3891,0.3756,0.1950,0.1455,0.1503,0.2598,0.1976,0.1387,0.5209,0.5529
0.2350,0.2834,0.5021,0.4939,0.1390,0.1376,-0.0998,-0.0477,0.1136,0.3082,0.2715,0.2097,-0.0421,0.2292,0.3477,0.2979,0.3055,0.7805,1.0000,0.6134,0.4342,0.2429,0.2016,0.3202,0.4516,0.3789,0.3825,0.1093,0.1285,0.0220,0.1491,0.2693,0.1477,0.3023,0.3105
0.3772,0.4487,0.6120,0.6540,0.2771,0.1638,0.0899,-0.0432,0.1597,0.4309,0.5266,0.3626,0.0201,0.5254,0.5269,0.5935,0.4517,0.8434,0.6134,1.0000,0.4195,0.4377,0.3722,0.4874,0.3968,0.2903,0.2873,0.2102,0.1418,0.2409,0.3662,0.1697,0.1488,0.5553,0.5882
0.2334,0.1873,0.5866,0.5712,0.3253,-0.1477,0.1160,-0.3119,0.0500,0.3894,0.4556,0.3353,-0.0210,0.2801,0.4359,0.2217,0.2755,0.5197,0.4342,0.4195,1.0000,0.5814,0.2672,0.5789,0.6909,0.1755,0.1433,0.5524,0.2735,0.2937,0.3187,0.2663,0.4102,0.5478,0.5276
0.5043,0.4241,0.5565,0.5775,0.4026,0.0526,0.2649,-0.2370,0.1352,0.5360,0.5601,0.4183,0.1083,0.2688,0.5303,0.2368,0.2984,0.4154,0.2429,0.4377,0.5814,1.0000,0.4859,0.8209,0.4863,0.2423,0.1664,0.4680,0.1450,0.2816,0.3309,0.1114,0.1957,0.5005,0.4895
0.2402,0.3264,0.3672,0.3394,0.1666,0.3927,0.0375,0.0767,0.1290,0.2496,0.2067,0.1658,-0.0448,0.2633,0.4222,0.3399,0.5677,0.3123,0.2016,0.3722,0.2672,0.4859,1.0000,0.4908,0.2337,0.1391,0.1347,0.1907,-0.0280,0.0149,0.2288,0.0927,0.0940,0.3147,0.2853
0.5592,0.6177,0.6972,0.6825,0.3869,0.0281,0.3214,-0.1463,0.2504,0.6398,0.6005,0.5703,0.0975,0.3122,0.6281,0.3178,0.4328,0.4896,0.3202,0.4874,0.5789,0.8209,0.4908,1.0000,0.5182,0.4223,0.3905,0.4041,0.1712,0.1735,0.3657,0.2115,0.2127,0.5568,0.5587
0.2206,0.2382,0.5015,0.4730,0.1241,-0.0773,0.0247,-0.2871,0.1294,0.2949,0.3302,0.2448,-0.0284,0.3463,0.4545,0.3282,0.3798,0.4944,0.4516,0.3968,0.6909,0.4863,0.2337,0.5182,1.0000,0.1493,0.1299,0.3741,0.2629,0.1966,0.3674,0.2990,0.3212,0.3352,0.3443
0.5764,0.5745,0.3788,0.3659,0.1598,0.0375,0.0019,0.1841,0.3869,0.4286,0.2889,0.3216,0.1348,0.1107,0.1973,0.1575,0.2609,0.3891,0.3789,0.2903,0.1755,0.2423,0.1391,0.4223,0.1493,1.0000,0.8699,0.1259,0.2720,0.0502,0.1067,0.2149,0.1027,0.3979,0.4134
0.4784,0.5681,0.3824,0.3694,0.1109,0.0273,-0.0386,0.2235,0.3607,0.3952,0.2352,0.3118,0.1109,0.1254,0.2254,0.1825,0.3234,0.3756,0.3825,0.2873,0.1433,0.1664,0.1347,0.3905,0.1299,0.8699,1.0000,0.0648,0.2384,-0.0411,0.0878,0.2683,0.1234,0.3650,0.3801
0.3324,0.2199,0.3962,0.4103,0.2200,-0.2825,0.1248,-0.2546,0.0808,0.2917,0.4727,0.2812,0.2552,0.2146,0.2736,0.0275,0.0296,0.1950,0.1093,0.2102,0.5524,0.4680,0.1907,0.4041,0.3741,0.1259,0.0648,1.0000,0.3476,0.4988,0.4806,0.2787,0.5576,0.4470,0.4278
0.2035,0.2371,0.2557,0.2677,0.1442,-0.3384,0.0213,-0.0900,0.3489,0.2879,0.1651,0.0875,0.0548,0.0406,0.1497,0.0108,0.0649,0.1455,0.1285,0.1418,0.2735,0.1450,-0.0280,0.1712,0.2629,0.2720,0.2384,0.3476,1.0000,0.6014,0.5648,0.6683,0.5408,0.2743,0.2801
0.2903,0.1996,0.2313,0.2586,0.1370,-0.1670,0.0327,-0.2478,0.1770,0.2039,0.4371,0.0913,0.1388,0.1436,0.1495,0.0753,-0.0827,0.1503,0.0220,0.2409,0.2937,0.2816,0.0149,0.1735,0.1966,0.0502,-0.0411,0.4988,0.6014,1.0000,0.6810,0.3818,0.5356,0.4275,0.4295
0.3097,0.3894,0.4641,0.4234,0.1458,-0.1191,0.1294,-0.1914,0.2047,0.3314,0.4355,0.2139,0.0935,0.3513,0.4586,0.3537,0.3024,0.2598,0.1491,0.3662,0.3187,0.3309,0.2288,0.3657,0.3674,0.1067,0.0878,0.4806,0.5648,0.6810,1.0000,0.6430,0.6259,0.3950,0.3812
0.1375,0.2941,0.3925,0.3273,0.0915,-0.1724,0.0300,-0.0629,0.2476,0.2677,0.0901,0.0744,-0.0866,0.0840,0.2893,0.0959,0.2685,0.1976,0.2693,0.1697,0.2663,0.1114,0.0927,0.2115,0.2990,0.2149,0.2683,0.2787,0.6683,0.3818,0.6430,1.0000,0.5827,0.2310,0.1876
0.0799,0.1262,0.3243,0.3014,0.1011,-0.2419,-0.0038,-0.1310,0.0695,0.1423,0.2157,0.0343,0.0363,0.0237,0.1536,-0.0025,0.0518,0.1387,0.1477,0.1488,0.4102,0.1957,0.0940,0.2127,0.3212,0.1027,0.1234,0.5576,0.5408,0.5356,0.6259,0.5827,1.0000,0.3345,0.3564
0.3822,0.3993,0.6603,0.6883,0.3718,-0.0018,0.1474,-0.0807,0.0741,0.6085,0.7187,0.5496,-0.0720,0.3470,0.4325,0.3375,0.3034,0.5209,0.3023,0.5553,0.5478,0.5005,0.3147,0.5568,0.3352,0.3979,0.3650,0.4470,0.2743,0.4275,0.3950,0.2310,0.3345,1.0000,0.9026
0.3967,0.4159,0.6454,0.6792,0.3315,-0.0506,0.1454,-0.0560,0.1479,0.6048,0.7348,0.5704,-0.0379,0.3489,0.4290,0.3532,0.2906,0.5529,0.3105,0.5882,0.5276,0.4895,0.2853,0.5587,0.3443,0.4134,0.3801,0.4278,0.2801,0.4295,0.3812,0.1876,0.3564,0.9026,1.0000
