0.000000,0.705224,0.125816,0.141314,-0.121419,-0.065817,-0.311935,-0.079281,0.310951,0.164470,0.406042,0.174218,0.221972,-0.227300,-0.101883,0.017072,-0.108105,0.122730,0.020206,0.135424,0.175594,0.448684,-0.120853,0.366497,-0.001622,0.341084,0.273431,0.183431,0.228783,0.360757,0.266955,-0.026349,0.060330,0.315274,0.272672
0.705224,0.000000,0.183368,0.178146,-0.244116,0.012796,-0.378476,-0.031677,0.377706,0.184357,0.416099,0.265446,0.323192,-0.235266,0.011042,0.005841,-0.005814,0.218297,0.126980,0.199111,0.264519,0.421714,-0.081861,0.434896,-0.008430,0.367287,0.334228,0.152123,0.233750,0.364962,0.265170,-0.038637,0.060694,0.317220,0.262714
0.125816,0.183368,0.000000,0.755129,0.164894,0.125975,0.092802,0.061664,0.081647,0.079964,0.231196,0.150952,0.074757,0.039935,0.101514,0.276262,0.242661,0.307836,0.175798,0.251285,0.435552,0.339651,0.119173,0.352947,0.291946,0.264603,0.286009,0.373329,0.149580,0.167802,0.158728,0.273085,0.380183,0.328287,0.373843
0.141314,0.178146,0.755129,0.000000,0.179679,0.139636,0.106243,0.033376,0.149409,0.102376,0.278265,0.084075,0.063521,0.050418,0.073204,0.373570,0.306192,0.339415,0.183100,0.365479,0.367450,0.362269,0.020534,0.323675,0.370083,0.255682,0.247509,0.299712,0.157462,0.180844,0.118215,0.174734,0.303952,0.365182,0.434125
-0.121419,-0.244116,0.164894,0.179679,0.000000,-0.167162,0.294498,-0.126049,-0.082191,-0.040275,-0.084885,-0.026489,-0.051118,-0.007720,-0.132925,0.037992,0.057067,-0.005522,0.081506,-0.050397,0.099735,0.053119,0.166207,-0.025986,0.106773,-0.045972,0.018259,0.120292,0.078454,-0.155404,-0.160418,0.111850,0.140321,-0.037191,0.000825
-0.065817,0.012796,0.125975,0.139636,-0.167162,0.000000,0.112274,0.345939,0.082156,-0.017766,0.008330,-0.044809,-0.002453,0.212075,0.116911,0.187142,0.288490,-0.021379,-0.148671,0.064473,0.048918,-0.162679,-0.217827,-0.153222,-0.033309,0.194070,0.166733,0.033202,0.037504,-0.021096,-0.050494,-0.158982,-0.072443,-0.007336,0.019312
-0.311935,-0.378476,0.092802,0.106243,0.294498,0.112274,0.000000,0.162082,-0.104622,-0.055310,-0.039955,-0.057879,-0.047339,0.224455,0.009591,0.082081,0.046063,-0.186053,-0.221675,-0.240909,-0.096615,-0.208608,-0.091813,-0.234663,-0.131844,-0.018991,0.021204,-0.013022,-0.003793,-0.138945,-0.082672,0.107268,-0.014126,-0.158635,-0.089371
-0.079281,-0.031677,0.061664,0.033376,-0.126049,0.345939,0.162082,0.000000,0.020313,-0.078275,-0.070305,-0.118459,-0.045906,0.131795,0.113719,0.153282,0.099614,-0.040698,-0.086491,-0.032336,0.011199,-0.131651,-0.100982,-0.165046,-0.071779,0.106515,0.080527,-0.064715,0.050965,-0.060832,-0.034859,-0.078902,-0.037028,-0.112548,-0.124014
0.310951,0.377706,0.081647,0.149409,-0.082191,0.082156,-0.104622,0.020313,0.000000,0.534475,0.448987,0.222658,0.426937,-0.042112,-0.184495,0.049851,-0.122392,0.045270,-0.087693,0.117560,0.184262,0.205458,-0.165322,0.187605,-0.058113,0.444054,0.400163,0.192633,0.604951,0.266192,0.236134,0.037004,-0.012269,0.013607,0.038761
0.164470,0.184357,0.079964,0.102376,-0.040275,-0.017766,-0.055310,-0.078275,0.534475,0.000000,0.451115,0.286672,0.223669,0.044826,-0.052219,0.107675,-0.046199,0.032703,-0.078935,0.070062,0.162108,0.230773,-0.094534,0.177351,-0.060493,0.182565,0.197475,0.030330,0.489562,0.228146,0.135948,0.055259,-0.040524,0.087387,0.116742
0.406042,0.416099,0.231196,0.278265,-0.084885,0.008330,-0.039955,-0.070305,0.448987,0.451115,0.000000,0.207198,0.386338,-0.112890,-0.169353,0.183214,-0.109057,0.227821,0.008090,0.266604,0.152558,0.380459,-0.089986,0.315716,-0.134471,0.392889,0.361827,0.238483,0.425191,0.541583,0.428028,0.030540,0.020093,0.494723,0.489208
0.174218,0.265446,0.150952,0.084075,-0.026489,-0.044809,-0.057879,-0.118459,0.222658,0.286672,0.207198,0.000000,0.300403,-0.183035,-0.036114,0.040980,-0.059273,0.019007,0.014396,0.033139,0.296681,0.115158,-0.106424,0.211947,-0.005824,0.124459,0.196631,0.199040,0.231403,0.101202,0.243944,0.232077,0.090534,0.218955,0.163851
0.221972,0.323192,0.074757,0.063521,-0.051118,-0.002453,-0.047339,-0.045906,0.426937,0.223669,0.386338,0.300403,0.000000,-0.242560,-0.145720,0.005768,-0.186986,0.234367,0.091766,0.213886,0.207726,0.152657,-0.093405,0.206262,-0.038015,0.397093,0.437431,0.325896,0.416067,0.215977,0.433347,0.278989,0.170024,0.095447,0.165720
-0.227300,-0.235266,0.039935,0.050418,-0.007720,0.212075,0.224455,0.131795,-0.042112,0.044826,-0.112890,-0.183035,-0.242560,0.000000,0.411569,0.348325,0.376840,0.030192,-0.109909,0.019873,-0.018831,-0.081291,0.016883,-0.140130,0.098845,-0.101563,-0.108547,-0.028725,-0.085638,-0.191950,-0.096867,-0.019618,0.003258,-0.128568,-0.107429
-0.101883,0.011042,0.101514,0.073204,-0.132925,0.116911,0.009591,0.113719,-0.184495,-0.052219,-0.169353,-0.036114,-0.145720,0.411569,0.000000,0.284124,0.386558,0.184767,0.119359,0.121939,0.091110,-0.064481,0.033124,-0.040013,0.142782,-0.104556,-0.052414,0.016997,-0.187925,-0.077378,0.015224,0.007874,0.078278,0.001083,-0.028176
0.017072,0.005841,0.276262,0.373570,0.037992,0.187142,0.082081,0.153282,0.049851,0.107675,0.183214,0.040980,0.005768,0.348325,0.284124,0.000000,0.372336,0.383690,0.237761,0.331945,0.138845,0.168760,0.037755,0.106061,0.181169,0.238187,0.229050,0.039654,0.029177,0.027323,0.143506,0.110130,0.114684,0.370559,0.371653
-0.108105,-0.005814,0.242661,0.306192,0.057067,0.288490,0.046063,0.099614,-0.122392,-0.046199,-0.109057,-0.059273,-0.186986,0.376840,0.386558,0.372336,0.000000,0.254760,0.142245,0.225178,0.060782,0.093046,0.207511,0.043502,0.281519,0.074849,0.050111,0.019917,-0.141726,-0.092307,-0.167981,-0.049188,-0.005936,0.047925,-0.008106
0.122730,0.218297,0.307836,0.339415,-0.005522,-0.021379,-0.186053,-0.040698,0.045270,0.032703,0.227821,0.019007,0.234367,0.030192,0.184767,0.383690,0.254760,0.000000,0.676278,0.675087,0.351098,0.432427,0.352404,0.442734,0.324109,0.423616,0.431997,0.233394,0.148588,0.103343,0.137221,0.089820,0.100624,0.387367,0.415058
0.020206,0.126980,0.175798,0.183100,0.081506,-0.148671,-0.221675,-0.086491,-0.087693,-0.078935,0.008090,0.014396,0.091766,-0.109909,0.119359,0.237761,0.142245,0.676278,0.000000,0.437063,0.245102,0.319757,0.433232,0.367629,0.268074,0.230376,0.269285,0.079808,0.025737,0.016244,0.010643,0.104194,0.102366,0.248134,0.199815
0.135424,0.199111,0.251285,0.365479,-0.050397,0.064473,-0.240909,-0.032336,0.117560,0.070062,0.266604,0.033139,0.213886,0.019873,0.121939,0.331945,0.225178,0.675087,0.437063,0.000000,0.240592,0.182482,0.084903,0.181108,0.259775,0.254287,0.276676,0.218691,0.097226,0.101851,0.157365,0.078091,0.113450,0.334990,0.404065
0.175594,0.264519,0.435552,0.367450,0.099735,0.048918,-0.096615,0.011199,0.184262,0.162108,0.152558,0.296681,0.207726,-0.018831,0.091110,0.138845,0.060782,0.351098,0.245102,0.240592,0.000000,0.317199,0.076032,0.388409,0.330553,0.286070,0.337876,0.402525,0.313353,0.165338,0.195492,0.252358,0.313641,0.316126,0.327735
0.448684,0.421714,0.339651,0.362269,0.053119,-0.162679,-0.208608,-0.131651,0.205458,0.230773,0.380459,0.115158,0.152657,-0.081291,-0.064481,0.168760,0.093046,0.432427,0.319757,0.182482,0.317199,0.000000,0.294467,0.756307,0.337276,0.417829,0.328963,0.188270,0.245399,0.293915,0.185315,0.037292,0.125406,0.392581,0.369571
-0.120853,-0.081861,0.119173,0.020534,0.166207,-0.217827,-0.091813,-0.100982,-0.165322,-0.094534,-0.089986,-0.106424,-0.093405,0.016883,0.033124,0.037755,0.207511,0.352404,0.433232,0.084903,0.076032,0.294467,0.000000,0.368337,0.165243,-0.011534,-0.032197,0.091159,-0.048041,-0.048535,-0.053693,0.039320,0.076719,0.019604,-0.015781
0.366497,0.434896,0.352947,0.323675,-0.025986,-0.153222,-0.234663,-0.165046,0.187605,0.177351,0.315716,0.211947,0.206262,-0.140130,-0.040013,0.106061,0.043502,0.442734,0.367629,0.181108,0.388409,0.756307,0.368337,0.000000,0.332696,0.384588,0.337622,0.226566,0.232264,0.223387,0.177332,0.086780,0.172487,0.355935,0.342421
-0.001622,-0.008430,0.291946,0.370083,0.106773,-0.033309,-0.131844,-0.071779,-0.058113,-0.060493,-0.134471,-0.005824,-0.038015,0.098845,0.142782,0.181169,0.281519,0.324109,0.268074,0.259775,0.330553,0.337276,0.165243,0.332696,0.000000,0.101087,0.095924,0.159169,-0.075323,-0.044052,-0.018172,0.196195,0.284126,0.049453,0.094455
0.341084,0.367287,0.264603,0.255682,-0.045972,0.194070,-0.018991,0.106515,0.444054,0.182565,0.392889,0.124459,0.397093,-0.101563,-0.104556,0.238187,0.074849,0.423616,0.230376,0.254287,0.286070,0.417829,-0.011534,0.384588,0.101087,0.000000,0.765821,0.330034,0.446485,0.246020,0.182012,0.128682,0.071921,0.230696,0.269025
0.273431,0.334228,0.286009,0.247509,0.018259,0.166733,0.021204,0.080527,0.400163,0.197475,0.361827,0.196631,0.437431,-0.108547,-0.052414,0.229050,0.050111,0.431997,0.269285,0.276676,0.337876,0.328963,-0.032197,0.337622,0.095924,0.765821,0.000000,0.304291,0.440848,0.237747,0.224596,0.221343,0.067112,0.227710,0.244803
0.183431,0.152123,0.373329,0.299712,0.120292,0.033202,-0.013022,-0.064715,0.192633,0.030330,0.238483,0.199040,0.325896,-0.028725,0.016997,0.039654,0.019917,0.233394,0.079808,0.218691,0.402525,0.188270,0.091159,0.226566,0.159169,0.330034,0.304291,0.000000,0.277090,0.224159,0.381231,0.299980,0.362904,0.194912,0.275923
0.228783,0.233750,0.149580,0.157462,0.078454,0.037504,-0.003793,0.050965,0.604951,0.489562,0.425191,0.231403,0.416067,-0.085638,-0.187925,0.029177,-0.141726,0.148588,0.025737,0.097226,0.313353,0.245399,-0.048041,0.232264,-0.075323,0.446485,0.440848,0.277090,0.000000,0.424892,0.331478,0.249295,0.093710,0.130739,0.176625
0.360757,0.364962,0.167802,0.180844,-0.155404,-0.021096,-0.138945,-0.060832,0.266192,0.228146,0.541583,0.101202,0.215977,-0.191950,-0.077378,0.027323,-0.092307,0.103343,0.016244,0.101851,0.165338,0.293915,-0.048535,0.223387,-0.044052,0.246020,0.237747,0.224159,0.424892,0.000000,0.488137,0.118806,0.205575,0.328894,0.317457
0.266955,0.265170,0.158728,0.118215,-0.160418,-0.050494,-0.082672,-0.034859,0.236134,0.135948,0.428028,0.243944,0.433347,-0.096867,0.015224,0.143506,-0.167981,0.137221,0.010643,0.157365,0.195492,0.185315,-0.053693,0.177332,-0.018172,0.182012,0.224596,0.381231,0.331478,0.488137,0.000000,0.464613,0.369747,0.229572,0.279437
-0.026349,-0.038637,0.273085,0.174734,0.111850,-0.158982,0.107268,-0.078902,0.037004,0.055259,0.030540,0.232077,0.278989,-0.019618,0.007874,0.110130,-0.049188,0.089820,0.104194,0.078091,0.252358,0.037292,0.039320,0.086780,0.196195,0.128682,0.221343,0.299980,0.249295,0.118806,0.464613,0.000000,0.449118,-0.001019,0.068991
0.060330,0.060694,0.380183,0.303952,0.140321,-0.072443,-0.014126,-0.037028,-0.012269,-0.040524,0.020093,0.090534,0.170024,0.003258,0.078278,0.114684,-0.005936,0.100624,0.102366,0.113450,0.313641,0.125406,0.076719,0.172487,0.284126,0.071921,0.067112,0.362904,0.093710,0.205575,0.369747,0.449118,0.000000,0.087858,0.205997
0.315274,0.317220,0.328287,0.365182,-0.037191,-0.007336,-0.158635,-0.112548,0.013607,0.087387,0.494723,0.218955,0.095447,-0.128568,0.001083,0.370559,0.047925,0.387367,0.248134,0.334990,0.316126,0.392581,0.019604,0.355935,0.049453,0.230696,0.227710,0.194912,0.130739,0.328894,0.229572,-0.001019,0.087858,0.000000,0.811944
0.272672,0.262714,0.373843,0.434125,0.000825,0.019312,-0.089371,-0.124014,0.038761,0.116742,0.489208,0.163851,0.165720,-0.107429,-0.028176,0.371653,-0.008106,0.415058,0.199815,0.404065,0.327735,0.369571,-0.015781,0.342421,0.094455,0.269025,0.244803,0.275923,0.176625,0.317457,0.279437,0.068991,0.205997,0.811944,0.000000
