0.000000,0.698298,0.157519,0.261303,-0.036300,0.180880,0.225368,-0.008525,0.250469,0.128261,0.106687,0.114325,0.367699,-0.105708,0.000366,-0.313613,-0.254230,0.188950,-0.001766,0.120963,0.377485,0.668750,-0.018327,0.514824,0.101365,0.524901,0.489953,0.197078,0.335530,0.365352,0.280115,0.003603,0.340485,0.528814,0.494848
0.698298,0.000000,0.277826,0.339788,-0.052631,0.157325,0.218466,0.154826,0.147588,0.117650,0.258685,0.149429,0.330518,0.156932,0.226338,0.023744,0.038057,0.153123,-0.029568,0.164414,0.188748,0.493377,0.184015,0.621758,0.121533,0.439483,0.456710,0.239358,0.153326,0.237973,0.399637,0.142856,0.408792,0.280214,0.310336
0.157519,0.277826,0.000000,0.651607,0.141859,0.124685,0.019842,0.185668,-0.125721,-0.098355,-0.106011,-0.042046,-0.124550,0.214746,0.114529,0.170468,0.319039,0.306737,0.116538,0.217532,0.515843,0.297790,0.211110,0.462149,0.357583,0.059278,0.081790,0.389824,0.120590,0.132189,0.278590,0.278132,0.493125,0.232463,0.240431
0.261303,0.339788,0.651607,0.000000,0.471446,0.379893,0.141280,0.089305,0.325622,0.302583,0.245208,0.108396,0.189103,0.407448,0.491044,0.086238,0.279824,0.380518,-0.009696,0.234148,0.501064,0.469127,0.426180,0.417011,0.398734,0.346154,0.357243,0.667132,0.378794,0.395506,0.346130,0.324444,0.563721,0.291121,0.369358
-0.036300,-0.052631,0.141859,0.471446,0.000000,0.228955,-0.046406,0.060745,0.443098,0.433636,0.211897,0.143432,0.121493,0.275754,0.427960,-0.044811,0.076489,0.227279,-0.070681,0.049516,0.326792,0.245566,0.342517,0.007546,0.385463,0.181511,0.170464,0.498296,0.289951,0.295967,0.100820,0.144695,0.274806,0.054999,0.098330
0.180880,0.157325,0.124685,0.379893,0.228955,0.000000,0.028148,-0.052838,0.402754,0.265615,0.226641,0.043515,0.242102,0.329069,0.393995,0.083543,0.133290,0.207950,-0.078490,0.234533,0.066512,0.179455,0.289633,0.206929,0.103463,0.181685,0.170298,0.429929,0.407784,0.350613,0.314841,0.332692,0.337400,0.074065,0.166920
0.225368,0.218466,0.019842,0.141280,-0.046406,0.028148,0.000000,0.004249,0.018441,-0.088103,0.082824,-0.129687,0.002220,0.005272,-0.045194,-0.025810,-0.090730,0.113590,0.007310,0.027774,-0.001794,0.125307,-0.026466,0.144985,-0.179980,0.292617,0.254924,0.039596,0.084779,0.028927,-0.008738,-0.039029,0.035402,0.204247,0.124963
-0.008525,0.154826,0.185668,0.089305,0.060745,-0.052838,0.004249,0.000000,-0.018404,-0.052503,0.138326,-0.106672,-0.006960,0.211991,0.121903,0.201203,0.006451,-0.095197,-0.136926,-0.035106,-0.045296,0.008851,-0.015428,0.117343,0.123707,-0.015788,-0.038440,0.122266,0.055545,0.143706,0.251333,0.210874,0.161698,-0.045175,-0.026038
0.250469,0.147588,-0.125721,0.325622,0.443098,0.402754,0.018441,-0.018404,0.000000,0.718460,0.402021,0.410122,0.588397,0.111709,0.424827,-0.346940,-0.213241,0.164115,-0.219723,0.042688,0.117145,0.274268,0.259796,0.018881,0.253209,0.494243,0.516610,0.477044,0.556777,0.500689,0.208537,0.192185,0.238543,0.156460,0.262658
0.128261,0.117650,-0.098355,0.302583,0.433636,0.265615,-0.088103,-0.052503,0.718460,0.000000,0.441940,0.736072,0.418952,-0.043708,0.453326,-0.335410,-0.078775,0.082814,-0.208551,-0.058533,0.067355,0.087913,0.277555,-0.063360,0.248157,0.345857,0.364199,0.293038,0.377695,0.416325,0.189529,0.125155,0.099810,0.198602,0.309985
0.106687,0.258685,-0.106011,0.245208,0.211897,0.226641,0.082824,0.138326,0.402021,0.441940,0.000000,0.313280,0.396507,0.373247,0.548184,0.280221,0.212534,0.206896,-0.027659,0.255102,-0.133514,0.036158,0.347555,0.093984,0.100684,0.345606,0.311361,0.164714,0.346116,0.453209,0.358367,0.094318,0.061332,0.084146,0.201075
0.114325,0.149429,-0.042046,0.108396,0.143432,0.043515,-0.129687,-0.106672,0.410122,0.736072,0.313280,0.000000,0.345866,-0.289446,0.157260,-0.390637,-0.077727,0.023548,-0.097323,-0.098785,0.039563,-0.009654,0.100679,-0.030591,0.181661,0.243580,0.267653,-0.065817,0.095466,0.133472,0.093986,0.002234,-0.046401,0.247363,0.300613
0.367699,0.330518,-0.124550,0.189103,0.121493,0.242102,0.002220,-0.006960,0.588397,0.418952,0.396507,0.345866,0.000000,0.098540,0.264650,-0.294728,-0.302681,0.215966,0.032789,0.138416,0.103598,0.406703,0.104759,0.307081,0.191002,0.520623,0.585751,0.156765,0.289131,0.307267,0.259694,0.043852,0.159312,0.058327,0.121514
-0.105708,0.156932,0.214746,0.407448,0.275754,0.329069,0.005272,0.211991,0.111709,-0.043708,0.373247,-0.289446,0.098540,0.000000,0.697185,0.662452,0.523563,0.153485,0.057431,0.250012,-0.013602,0.148795,0.474079,0.276722,0.159302,0.015787,0.030966,0.487970,0.198642,0.194688,0.279421,0.273524,0.327538,-0.303436,-0.205937
0.000366,0.226338,0.114529,0.491044,0.427960,0.393995,-0.045194,0.121903,0.424827,0.453326,0.548184,0.157260,0.264650,0.697185,0.000000,0.404487,0.421820,0.139608,-0.115001,0.182220,0.009877,0.148498,0.556800,0.184980,0.279092,0.147075,0.173100,0.571251,0.290454,0.406548,0.380342,0.325616,0.371710,-0.147626,0.034141
-0.313613,0.023744,0.170468,0.086238,-0.044811,0.083543,-0.025810,0.201203,-0.346940,-0.335410,0.280221,-0.390637,-0.294728,0.662452,0.404487,0.000000,0.661674,0.012296,0.110493,0.224578,-0.215848,-0.198036,0.315837,0.120349,-0.006703,-0.279152,-0.301283,0.111162,-0.086163,-0.029957,0.222328,0.252651,0.145386,-0.374948,-0.296142
-0.254230,0.038057,0.319039,0.279824,0.076489,0.133290,-0.090730,0.006451,-0.213241,-0.078775,0.212534,-0.077727,-0.302681,0.523563,0.421820,0.661674,0.000000,0.123108,0.172940,0.191315,0.001660,-0.135335,0.524839,0.119773,0.115058,-0.230389,-0.203459,0.246262,-0.004618,-0.060643,0.095162,0.181262,0.194523,-0.138745,-0.057366
0.188950,0.153123,0.306737,0.380518,0.227279,0.207950,0.113590,-0.095197,0.164115,0.082814,0.206896,0.023548,0.215966,0.153485,0.139608,0.012296,0.123108,0.000000,0.491014,0.693540,0.239960,0.300064,0.229165,0.300137,0.058970,0.276082,0.264158,0.215373,0.214284,0.227416,0.109099,-0.038865,0.169364,0.309077,0.312097
-0.001766,-0.029568,0.116538,-0.009696,-0.070681,-0.078490,0.007310,-0.136926,-0.219723,-0.208551,-0.027659,-0.097323,0.032789,0.057431,-0.115001,0.110493,0.172940,0.491014,0.000000,0.318916,0.072722,0.115619,-0.057103,0.171324,-0.065825,-0.058296,-0.031406,-0.075346,-0.151197,-0.068120,-0.061371,-0.210534,-0.017512,0.022715,-0.018506
0.120963,0.164414,0.217532,0.234148,0.049516,0.234533,0.027774,-0.035106,0.042688,-0.058533,0.255102,-0.098785,0.138416,0.250012,0.182220,0.224578,0.191315,0.693540,0.318916,0.000000,0.053653,0.186413,0.221754,0.249447,-0.044832,0.071319,0.040701,0.155617,0.254789,0.244414,0.293037,0.201427,0.199177,0.201986,0.243436
0.377485,0.188748,0.515843,0.501064,0.326792,0.066512,-0.001794,-0.045296,0.117145,0.067355,-0.133514,0.039563,0.103598,-0.013602,0.009877,-0.215848,0.001660,0.239960,0.072722,0.053653,0.000000,0.585971,0.131315,0.394458,0.530924,0.238169,0.248431,0.322243,0.234213,0.220861,0.089326,0.007234,0.382286,0.369246,0.270176
0.668750,0.493377,0.297790,0.469127,0.245566,0.179455,0.125307,0.008851,0.274268,0.087913,0.036158,-0.009654,0.406703,0.148795,0.148498,-0.198036,-0.135335,0.300064,0.115619,0.186413,0.585971,0.000000,0.171867,0.675200,0.358077,0.428097,0.443243,0.397208,0.308138,0.343886,0.280065,0.057548,0.433540,0.347706,0.324697
-0.018327,0.184015,0.211110,0.426180,0.342517,0.289633,-0.026466,-0.015428,0.259796,0.277555,0.347555,0.100679,0.104759,0.474079,0.556800,0.315837,0.524839,0.229165,-0.057103,0.221754,0.131315,0.171867,0.000000,0.278433,0.213602,0.088739,0.143534,0.469447,0.354588,0.258134,0.286843,0.352322,0.357955,0.012854,0.119681
0.514824,0.621758,0.462149,0.417011,0.007546,0.206929,0.144985,0.117343,0.018881,-0.063360,0.093984,-0.030591,0.307081,0.276722,0.184980,0.120349,0.119773,0.300137,0.171324,0.249447,0.394458,0.675200,0.278433,0.000000,0.354715,0.278023,0.319134,0.263823,0.134390,0.151894,0.384515,0.173044,0.462258,0.179238,0.198610
0.101365,0.121533,0.357583,0.398734,0.385463,0.103463,-0.179980,0.123707,0.253209,0.248157,0.100684,0.181661,0.191002,0.159302,0.279092,-0.006703,0.115058,0.058970,-0.065825,-0.044832,0.530924,0.358077,0.213602,0.354715,0.000000,0.121480,0.173641,0.379874,0.140215,0.231620,0.296001,0.215249,0.478284,-0.032069,0.011068
0.524901,0.439483,0.059278,0.346154,0.181511,0.181685,0.292617,-0.015788,0.494243,0.345857,0.345606,0.243580,0.520623,0.015787,0.147075,-0.279152,-0.230389,0.276082,-0.058296,0.071319,0.238169,0.428097,0.088739,0.278023,0.121480,0.000000,0.858563,0.162393,0.306128,0.179260,-0.005544,-0.091357,0.137658,0.353697,0.323667
0.489953,0.456710,0.081790,0.357243,0.170464,0.170298,0.254924,-0.038440,0.516610,0.364199,0.311361,0.267653,0.585751,0.030966,0.173100,-0.301283,-0.203459,0.264158,-0.031406,0.040701,0.248431,0.443243,0.143534,0.319134,0.173641,0.858563,0.000000,0.231931,0.280853,0.176483,-0.002591,-0.114747,0.168110,0.262383,0.279246
0.197078,0.239358,0.389824,0.667132,0.498296,0.429929,0.039596,0.122266,0.477044,0.293038,0.164714,-0.065817,0.156765,0.487970,0.571251,0.111162,0.246262,0.215373,-0.075346,0.155617,0.322243,0.397208,0.469447,0.263823,0.379874,0.162393,0.231931,0.000000,0.475964,0.563070,0.432603,0.418103,0.681824,0.064987,0.196814
0.335530,0.153326,0.120590,0.378794,0.289951,0.407784,0.084779,0.055545,0.556777,0.377695,0.346116,0.095466,0.289131,0.198642,0.290454,-0.086163,-0.004618,0.214284,-0.151197,0.254789,0.234213,0.308138,0.354588,0.134390,0.140215,0.306128,0.280853,0.475964,0.000000,0.651787,0.438550,0.451230,0.425622,0.409345,0.461417
0.365352,0.237973,0.132189,0.395506,0.295967,0.350613,0.028927,0.143706,0.500689,0.416325,0.453209,0.133472,0.307267,0.194688,0.406548,-0.029957,-0.060643,0.227416,-0.068120,0.244414,0.220861,0.343886,0.258134,0.151894,0.231620,0.179260,0.176483,0.563070,0.651787,0.000000,0.657220,0.375065,0.454888,0.305457,0.374393
0.280115,0.399637,0.278590,0.346130,0.100820,0.314841,-0.008738,0.251333,0.208537,0.189529,0.358367,0.093986,0.259694,0.279421,0.380342,0.222328,0.095162,0.109099,-0.061371,0.293037,0.089326,0.280065,0.286843,0.384515,0.296001,-0.005544,-0.002591,0.432603,0.438550,0.657220,0.000000,0.699608,0.643772,0.159635,0.227509
0.003603,0.142856,0.278132,0.324444,0.144695,0.332692,-0.039029,0.210874,0.192185,0.125155,0.094318,0.002234,0.043852,0.273524,0.325616,0.252651,0.181262,-0.038865,-0.210534,0.201427,0.007234,0.057548,0.352322,0.173044,0.215249,-0.091357,-0.114747,0.418103,0.451230,0.375065,0.699608,0.000000,0.638381,0.044432,0.092259
0.340485,0.408792,0.493125,0.563721,0.274806,0.337400,0.035402,0.161698,0.238543,0.099810,0.061332,-0.046401,0.159312,0.327538,0.371710,0.145386,0.194523,0.169364,-0.017512,0.199177,0.382286,0.433540,0.357955,0.462258,0.478284,0.137658,0.168110,0.681824,0.425622,0.454888,0.643772,0.638381,0.000000,0.183755,0.236620
0.528814,0.280214,0.232463,0.291121,0.054999,0.074065,0.204247,-0.045175,0.156460,0.198602,0.084146,0.247363,0.058327,-0.303436,-0.147626,-0.374948,-0.138745,0.309077,0.022715,0.201986,0.369246,0.347706,0.012854,0.179238,-0.032069,0.353697,0.262383,0.064987,0.409345,0.305457,0.159635,0.044432,0.183755,0.000000,0.831257
0.494848,0.310336,0.240431,0.369358,0.098330,0.166920,0.124963,-0.026038,0.262658,0.309985,0.201075,0.300613,0.121514,-0.205937,0.034141,-0.296142,-0.057366,0.312097,-0.018506,0.243436,0.270176,0.324697,0.119681,0.198610,0.011068,0.323667,0.279246,0.196814,0.461417,0.374393,0.227509,0.092259,0.236620,0.831257,0.000000
