0.000000,0.820162,-0.135158,-0.056336,0.095078,-0.072180,-0.157605,0.026451,0.344883,0.195487,0.405516,0.347003,0.144750,-0.189993,0.152148,-0.193586,0.051475,0.153675,0.034365,0.173786,-0.077099,0.165029,0.034475,0.172966,-0.065501,0.347675,0.297385,0.149083,0.177620,0.467023,0.317759,0.197812,0.203990,0.092766,0.087797
0.820162,0.000000,-0.137600,-0.076583,0.067946,-0.085645,-0.057912,0.038182,0.362089,0.244121,0.341576,0.351449,0.089873,-0.089399,0.197535,-0.141438,0.094788,0.091164,0.003633,0.148310,-0.138174,0.026517,-0.002353,0.083587,-0.110730,0.254231,0.232900,0.111550,0.226993,0.464487,0.389772,0.300369,0.155116,0.060073,0.069961
-0.135158,-0.137600,0.000000,0.813203,0.371011,0.164684,0.164453,-0.032295,-0.216268,0.075803,0.022971,0.016547,-0.085127,0.266051,0.145261,0.318268,0.249694,0.273675,0.223660,0.368418,0.268833,0.217324,0.122831,0.217863,0.148509,-0.000407,0.040219,0.300435,-0.034626,-0.173875,-0.028374,0.165199,0.260026,0.395360,0.434921
-0.056336,-0.076583,0.813203,0.000000,0.422408,0.220924,0.152339,-0.010784,-0.146600,0.119714,0.075254,0.063474,-0.111572,0.283899,0.209557,0.323537,0.233397,0.297435,0.236710,0.419866,0.280406,0.280634,0.127107,0.282517,0.190314,0.082944,0.075504,0.255104,-0.019354,-0.143509,-0.085839,0.112706,0.198534,0.437166,0.478594
0.095078,0.067946,0.371011,0.422408,0.000000,0.051314,0.051706,-0.051881,0.079649,0.194374,0.278775,0.163866,-0.067301,0.106700,0.150402,0.157450,0.081524,0.205849,0.164619,0.285161,0.352199,0.615387,0.348739,0.579134,0.319579,0.303243,0.253594,0.358048,0.117104,0.051673,0.047494,0.156227,0.277385,0.214857,0.214987
-0.072180,-0.085645,0.164684,0.220924,0.051314,0.000000,-0.074669,0.426226,-0.095059,0.055192,0.049418,0.041056,-0.241346,0.065690,-0.115263,0.204288,0.206121,-0.026741,-0.119904,0.034759,0.074017,-0.000232,0.021455,0.011497,0.015965,0.216733,0.165454,-0.082930,-0.076515,-0.181810,-0.303734,-0.110756,-0.133605,0.266389,0.246636
-0.157605,-0.057912,0.164453,0.152339,0.051706,-0.074669,0.000000,-0.248258,-0.008639,-0.096018,-0.090217,-0.125013,0.004906,0.050492,-0.034942,-0.034121,-0.240436,0.058038,0.161147,0.036214,0.177253,-0.001127,0.049125,0.033211,0.172738,-0.245303,-0.224367,0.121763,-0.079889,-0.039325,0.110406,-0.107753,0.221622,-0.102633,-0.064545
0.026451,0.038182,-0.032295,-0.010784,-0.051881,0.426226,-0.248258,0.000000,-0.155506,-0.227514,-0.088256,-0.069961,0.025611,-0.024356,-0.100562,0.087441,0.153586,-0.184144,-0.187185,-0.112292,-0.057671,-0.018274,-0.075194,-0.021408,-0.063107,0.289247,0.402186,-0.102559,-0.120140,-0.130609,-0.178140,0.102070,-0.156716,0.037718,0.062175
0.344883,0.362089,-0.216268,-0.146600,0.079649,-0.095059,-0.008639,-0.155506,0.000000,0.452874,0.436000,0.443893,-0.057886,0.049316,0.132961,-0.265603,-0.157683,-0.058703,-0.127755,-0.027579,0.235685,0.142872,0.184569,0.155241,0.223490,0.073658,0.031841,0.318533,0.372601,0.571382,0.517501,0.116988,0.279950,-0.074362,-0.102318
0.195487,0.244121,0.075803,0.119714,0.194374,0.055192,-0.096018,-0.227514,0.452874,0.000000,0.441159,0.581721,-0.050952,0.198463,0.465640,0.074626,0.071390,0.061405,-0.001918,0.179263,0.142679,0.126823,0.294302,0.151303,0.116399,0.045851,-0.034108,0.181368,0.416956,0.260234,0.274503,0.148494,0.134873,0.185858,0.166653
0.405516,0.341576,0.022971,0.075254,0.278775,0.049418,-0.090217,-0.088256,0.436000,0.441159,0.000000,0.571038,0.169695,-0.015168,0.107583,-0.067256,-0.058134,0.122081,-0.003718,0.190272,0.198258,0.223137,0.160934,0.194877,0.128243,0.206988,0.075741,0.243724,0.179566,0.558510,0.374917,0.117565,0.291148,0.112062,0.056708
0.347003,0.351449,0.016547,0.063474,0.163866,0.041056,-0.125013,-0.069961,0.443893,0.581721,0.571038,0.000000,0.173161,-0.001555,0.396199,-0.058285,-0.068428,0.148340,0.039378,0.212493,0.209050,0.187823,0.276544,0.204072,0.150456,0.170511,-0.008485,0.246962,0.216483,0.450636,0.439205,0.190707,0.245260,0.136653,0.094463
0.144750,0.089873,-0.085127,-0.111572,-0.067301,-0.241346,0.004906,0.025611,-0.057886,-0.050952,0.169695,0.173161,0.000000,-0.095015,-0.049656,-0.176903,-0.147205,0.101598,0.143269,-0.011944,-0.012542,-0.027894,0.010667,-0.022786,-0.011459,0.184232,0.109357,0.050780,0.153076,0.157627,0.155667,0.150371,0.169233,-0.090829,-0.099964
-0.189993,-0.089399,0.266051,0.283899,0.106700,0.065690,0.050492,-0.024356,0.049316,0.198463,-0.015168,-0.001555,-0.095015,0.000000,0.239733,0.579164,0.311179,0.069071,0.111901,0.150216,0.143474,-0.009781,0.042545,0.008426,0.152990,0.041262,0.051636,0.068561,0.314071,-0.128799,0.116478,0.351420,0.023647,0.188525,0.296769
0.152148,0.197535,0.145261,0.209557,0.150402,-0.115263,-0.034942,-0.100562,0.132961,0.465640,0.107583,0.396199,-0.049656,0.239733,0.000000,0.293080,0.228156,0.132154,0.171911,0.229494,0.150864,0.304233,0.433964,0.381693,0.266801,-0.013083,-0.104598,0.176884,0.124178,0.034517,0.173089,0.236100,0.066090,0.196021,0.222864
-0.193586,-0.141438,0.318268,0.323537,0.157450,0.204288,-0.034121,0.087441,-0.265603,0.074626,-0.067256,-0.058285,-0.176903,0.579164,0.293080,0.000000,0.447146,0.211883,0.176772,0.290960,0.059610,0.041960,0.116019,0.090136,0.124111,0.087214,0.111984,-0.056925,0.031178,-0.347372,-0.228502,0.258631,-0.190116,0.324084,0.425819
0.051475,0.094788,0.249694,0.233397,0.081524,0.206121,-0.240436,0.153586,-0.157683,0.071390,-0.058134,-0.068428,-0.147205,0.311179,0.228156,0.447146,0.000000,0.120082,0.066841,0.174155,-0.068098,0.058662,0.051258,0.091020,-0.059091,0.245822,0.263428,0.048318,0.230963,-0.176992,-0.080999,0.335957,-0.079148,0.273974,0.338342
0.153675,0.091164,0.273675,0.297435,0.205849,-0.026741,0.058038,-0.184144,-0.058703,0.061405,0.122081,0.148340,0.101598,0.069071,0.132154,0.211883,0.120082,0.000000,0.763507,0.766536,0.294700,0.137926,0.352268,0.144144,0.292722,0.067971,-0.010651,0.229573,-0.013619,-0.008705,0.016849,0.124688,0.177067,0.282464,0.346904
0.034365,0.003633,0.223660,0.236710,0.164619,-0.119904,0.161147,-0.187185,-0.127755,-0.001918,-0.003718,0.039378,0.143269,0.111901,0.171911,0.176772,0.066841,0.763507,0.000000,0.594905,0.275363,0.089783,0.329977,0.103463,0.285973,-0.093484,-0.087111,0.200211,0.020327,-0.092586,0.001749,0.155602,0.158228,0.171512,0.245460
0.173786,0.148310,0.368418,0.419866,0.285161,0.034759,0.036214,-0.112292,-0.027579,0.179263,0.190272,0.212493,-0.011944,0.150216,0.229494,0.290960,0.174155,0.766536,0.594905,0.000000,0.304003,0.200394,0.310833,0.196161,0.273808,0.124346,0.002937,0.246176,0.019683,-0.030381,0.042096,0.139845,0.234865,0.350163,0.441514
-0.077099,-0.138174,0.268833,0.280406,0.352199,0.074017,0.177253,-0.057671,0.235685,0.142679,0.198258,0.209050,-0.012542,0.143474,0.150864,0.059610,-0.068098,0.294700,0.275363,0.304003,0.000000,0.546133,0.604158,0.527259,0.768070,-0.028966,-0.051854,0.606879,0.068306,0.122527,0.250300,-0.016253,0.418847,0.118249,0.147423
0.165029,0.026517,0.217324,0.280634,0.615387,-0.000232,-0.001127,-0.018274,0.142872,0.126823,0.223137,0.187823,-0.027894,-0.009781,0.304233,0.041960,0.058662,0.137926,0.089783,0.200394,0.546133,0.000000,0.545229,0.887916,0.573299,0.259815,0.194938,0.491220,0.073933,0.106376,0.139305,0.037045,0.353503,0.127701,0.147097
0.034475,-0.002353,0.122831,0.127107,0.348739,0.021455,0.049125,-0.075194,0.184569,0.294302,0.160934,0.276544,0.010667,0.042545,0.433964,0.116019,0.051258,0.352268,0.329977,0.310833,0.604158,0.545229,0.000000,0.571412,0.630555,0.032737,-0.057432,0.545941,0.087159,0.102127,0.206320,0.081855,0.314066,0.104768,0.132778
0.172966,0.083587,0.217863,0.282517,0.579134,0.011497,0.033211,-0.021408,0.155241,0.151303,0.194877,0.204072,-0.022786,0.008426,0.381693,0.090136,0.091020,0.144144,0.103463,0.196161,0.527259,0.887916,0.571412,0.000000,0.587071,0.273065,0.193519,0.475738,0.089734,0.078118,0.134172,0.093719,0.334569,0.144445,0.160693
-0.065501,-0.110730,0.148509,0.190314,0.319579,0.015965,0.172738,-0.063107,0.223490,0.116399,0.128243,0.150456,-0.011459,0.152990,0.266801,0.124111,-0.059091,0.292722,0.285973,0.273808,0.768070,0.573299,0.630555,0.587071,0.000000,-0.084582,-0.139210,0.440471,0.001688,0.031681,0.171656,0.001241,0.284618,0.075540,0.111591
0.347675,0.254231,-0.000407,0.082944,0.303243,0.216733,-0.245303,0.289247,0.073658,0.045851,0.206988,0.170511,0.184232,0.041262,-0.013083,0.087214,0.245822,0.067971,-0.093484,0.124346,-0.028966,0.259815,0.032737,0.273065,-0.084582,0.000000,0.754278,0.120433,0.301472,0.103247,0.023656,0.213122,0.132825,0.208397,0.183909
0.297385,0.232900,0.040219,0.075504,0.253594,0.165454,-0.224367,0.402186,0.031841,-0.034108,0.075741,-0.008485,0.109357,0.051636,-0.104598,0.111984,0.263428,-0.010651,-0.087111,0.002937,-0.051854,0.194938,-0.057432,0.193519,-0.139210,0.754278,0.000000,0.119148,0.328632,0.071455,-0.004333,0.277059,0.129406,0.159105,0.180302
0.149083,0.111550,0.300435,0.255104,0.358048,-0.082930,0.121763,-0.102559,0.318533,0.181368,0.243724,0.246962,0.050780,0.068561,0.176884,-0.056925,0.048318,0.229573,0.200211,0.246176,0.606879,0.491220,0.545941,0.475738,0.440471,0.120433,0.119148,0.000000,0.300554,0.384931,0.486701,0.244293,0.675354,0.125483,0.164737
0.177620,0.226993,-0.034626,-0.019354,0.117104,-0.076515,-0.079889,-0.120140,0.372601,0.416956,0.179566,0.216483,0.153076,0.314071,0.124178,0.031178,0.230963,-0.013619,0.020327,0.019683,0.068306,0.073933,0.087159,0.089734,0.001688,0.301472,0.328632,0.300554,0.000000,0.263847,0.393927,0.521417,0.311156,0.071477,0.090999
0.467023,0.464487,-0.173875,-0.143509,0.051673,-0.181810,-0.039325,-0.130609,0.571382,0.260234,0.558510,0.450636,0.157627,-0.128799,0.034517,-0.347372,-0.176992,-0.008705,-0.092586,-0.030381,0.122527,0.106376,0.102127,0.078118,0.031681,0.103247,0.071455,0.384931,0.263847,0.000000,0.696221,0.135619,0.388155,-0.099500,-0.125322
0.317759,0.389772,-0.028374,-0.085839,0.047494,-0.303734,0.110406,-0.178140,0.517501,0.274503,0.374917,0.439205,0.155667,0.116478,0.173089,-0.228502,-0.080999,0.016849,0.001749,0.042096,0.250300,0.139305,0.206320,0.134172,0.171656,0.023656,-0.004333,0.486701,0.393927,0.696221,0.000000,0.339514,0.548355,-0.097485,-0.083290
0.197812,0.300369,0.165199,0.112706,0.156227,-0.110756,-0.107753,0.102070,0.116988,0.148494,0.117565,0.190707,0.150371,0.351420,0.236100,0.258631,0.335957,0.124688,0.155602,0.139845,-0.016253,0.037045,0.081855,0.093719,0.001241,0.213122,0.277059,0.244293,0.521417,0.135619,0.339514,0.000000,0.241041,0.159267,0.196053
0.203990,0.155116,0.260026,0.198534,0.277385,-0.133605,0.221622,-0.156716,0.279950,0.134873,0.291148,0.245260,0.169233,0.023647,0.066090,-0.190116,-0.079148,0.177067,0.158228,0.234865,0.418847,0.353503,0.314066,0.334569,0.284618,0.132825,0.129406,0.675354,0.311156,0.388155,0.548355,0.241041,0.000000,0.101262,0.142818
0.092766,0.060073,0.395360,0.437166,0.214857,0.266389,-0.102633,0.037718,-0.074362,0.185858,0.112062,0.136653,-0.090829,0.188525,0.196021,0.324084,0.273974,0.282464,0.171512,0.350163,0.118249,0.127701,0.104768,0.144445,0.075540,0.208397,0.159105,0.125483,0.071477,-0.099500,-0.097485,0.159267,0.101262,0.000000,0.850040
0.087797,0.069961,0.434921,0.478594,0.214987,0.246636,-0.064545,0.062175,-0.102318,0.166653,0.056708,0.094463,-0.099964,0.296769,0.222864,0.425819,0.338342,0.346904,0.245460,0.441514,0.147423,0.147097,0.132778,0.160693,0.111591,0.183909,0.180302,0.164737,0.090999,-0.125322,-0.083290,0.196053,0.142818,0.850040,0.000000
