0.000000,0.496473,0.034140,-0.051702,-0.128380,-0.249533,0.049417,0.081066,-0.054579,0.220390,0.025388,0.216352,-0.064343,-0.087865,-0.091157,-0.078033,-0.072635,-0.097090,0.214474,-0.060490,0.032805,0.541045,0.034002,0.378451,0.179873,0.247709,0.188684,0.176518,-0.083883,0.160142,0.004019,-0.047262,0.120019,0.205278,0.127732
0.496473,0.000000,0.129092,0.132312,-0.214073,0.018305,-0.024351,-0.088260,0.026486,0.130909,-0.220377,-0.023786,-0.392485,0.226499,0.090534,0.229263,0.170784,0.092949,0.325820,0.062582,0.122081,0.392537,0.151672,0.561153,0.287067,0.254336,0.331208,-0.162213,0.034904,-0.123794,-0.308560,-0.212258,-0.065274,-0.143099,-0.286618
0.034140,0.129092,0.000000,0.556905,-0.220667,0.084218,-0.062417,-0.104214,-0.183037,0.145760,0.013203,0.226134,0.082300,0.064021,-0.144555,-0.012269,0.040690,0.118537,0.109441,0.026530,0.097602,0.025858,0.073893,0.320888,0.145046,0.205619,0.215204,-0.008211,0.014527,-0.100341,0.074903,0.238715,0.034478,0.096911,0.018098
-0.051702,0.132312,0.556905,0.000000,-0.081824,0.023558,-0.038749,-0.210878,-0.011960,0.094799,0.054179,0.034774,0.080678,0.240497,0.077884,0.215517,0.330749,0.376368,0.273059,0.212975,0.018169,0.004226,0.265710,0.227523,0.094884,0.185836,0.168091,-0.072222,0.110910,-0.037237,0.047318,0.180879,-0.085564,-0.012888,-0.084877
-0.128380,-0.214073,-0.220667,-0.081824,0.000000,0.005011,-0.022212,0.001143,0.060841,-0.058686,0.111034,-0.204152,0.122555,-0.039235,0.090702,-0.085974,0.288923,0.151205,0.079530,0.115366,-0.020555,0.096746,0.203728,-0.113558,-0.218713,0.101436,0.067153,0.090054,0.075975,0.103310,-0.067946,-0.035975,-0.087883,0.159852,0.176747
-0.249533,0.018305,0.084218,0.023558,0.005011,0.000000,-0.020577,-0.050513,-0.135412,-0.056643,-0.248489,-0.180957,-0.166401,-0.037668,-0.060607,-0.054051,0.067346,0.114626,-0.049520,-0.076472,0.126296,-0.192118,0.002868,0.015129,-0.002669,0.083807,0.182515,-0.225608,-0.107921,-0.304769,-0.274229,-0.118342,-0.097229,-0.256447,-0.347805
0.049417,-0.024351,-0.062417,-0.038749,-0.022212,-0.020577,0.000000,-0.016898,0.066298,-0.050687,0.031943,-0.057396,-0.059597,0.018129,0.168853,0.058777,0.070515,0.058180,-0.022268,0.045629,0.235416,0.063501,0.100216,-0.035110,0.046930,-0.131543,-0.143946,0.150223,0.040319,0.172101,0.118635,-0.055408,-0.017672,-0.048570,-0.044311
0.081066,-0.088260,-0.104214,-0.210878,0.001143,-0.050513,-0.016898,0.000000,0.151750,0.233635,-0.001629,0.148170,0.230120,-0.289260,-0.190323,-0.249244,-0.278591,-0.354453,-0.140669,-0.332889,-0.313468,-0.108908,-0.276983,-0.236278,-0.228932,0.101491,-0.006519,0.084089,-0.217544,-0.020261,-0.046339,0.050135,-0.041673,0.154627,0.143648
-0.054579,0.026486,-0.183037,-0.011960,0.060841,-0.135412,0.066298,0.151750,0.000000,0.233010,0.089550,-0.068186,-0.054941,0.254911,0.475280,0.270867,0.210594,0.011809,-0.021813,0.074182,-0.115415,0.018566,0.097289,-0.179179,0.018659,-0.232007,-0.245540,0.007402,0.160908,0.333674,0.050055,-0.081480,-0.114499,-0.142498,-0.041590
0.220390,0.130909,0.145760,0.094799,-0.058686,-0.056643,-0.050687,0.233635,0.233010,0.000000,0.182515,0.527410,0.183678,-0.189773,-0.199417,-0.283873,-0.231556,-0.149727,-0.227912,-0.351659,-0.162200,0.269647,-0.210605,0.118531,-0.087671,0.055661,0.029981,0.164792,-0.282576,0.007384,-0.140053,-0.070580,-0.164864,0.032525,0.034570
0.025388,-0.220377,0.013203,0.054179,0.111034,-0.248489,0.031943,-0.001629,0.089550,0.182515,0.000000,0.249717,0.191259,0.182204,0.059281,0.066320,-0.135008,0.120399,-0.204934,0.057303,0.114518,-0.046437,-0.059021,-0.121773,-0.189136,-0.258254,-0.370974,0.394464,-0.095082,0.401879,0.362697,-0.146702,0.212524,0.217756,0.359992
0.216352,-0.023786,0.226134,0.034774,-0.204152,-0.180957,-0.057396,0.148170,-0.068186,0.527410,0.249717,0.000000,0.309031,-0.325294,-0.429076,-0.420318,-0.500110,-0.241412,-0.303854,-0.336262,-0.194267,0.214436,-0.431401,0.151894,-0.116230,-0.023922,-0.017801,0.172492,-0.287826,-0.038724,0.171052,0.160961,-0.025194,0.140181,0.109704
-0.064343,-0.392485,0.082300,0.080678,0.122555,-0.166401,-0.059597,0.230120,-0.054941,0.183678,0.191259,0.309031,0.000000,-0.385524,-0.360371,-0.435665,-0.253207,-0.080486,-0.046213,-0.147669,-0.239834,-0.144760,-0.218442,-0.203227,-0.383516,0.278921,0.149214,0.204370,-0.016421,-0.023091,0.282233,0.444480,0.124092,0.158720,0.212205
-0.087865,0.226499,0.064021,0.240497,-0.039235,-0.037668,0.018129,-0.289260,0.254911,-0.189773,0.182204,-0.325294,-0.385524,0.000000,0.547339,0.656674,0.470320,0.403765,0.294074,0.401526,0.214133,-0.091758,0.420867,0.104975,0.235091,-0.198566,-0.219155,-0.055414,0.248052,0.191073,-0.028338,-0.307097,0.033724,-0.243901,-0.148060
-0.091157,0.090534,-0.144555,0.077884,0.090702,-0.060607,0.168853,-0.190323,0.475280,-0.199417,0.059281,-0.429076,-0.360371,0.547339,0.000000,0.585862,0.544270,0.326593,0.215440,0.467689,0.159412,-0.026286,0.425445,-0.064531,0.174244,-0.316648,-0.275002,0.006376,0.362162,0.441016,0.034358,-0.203009,-0.007552,-0.104449,-0.020404
-0.078033,0.229263,-0.012269,0.215517,-0.085974,-0.054051,0.058777,-0.249244,0.270867,-0.283873,0.066320,-0.420318,-0.435665,0.656674,0.585862,0.000000,0.487742,0.287416,0.235209,0.406970,0.185567,-0.078647,0.340480,0.040517,0.261841,-0.170743,-0.209687,-0.166439,0.192729,0.196338,-0.018891,-0.250162,-0.079889,-0.042773,-0.051047
-0.072635,0.170784,0.040690,0.330749,0.288923,0.067346,0.070515,-0.278591,0.210594,-0.231556,-0.135008,-0.500110,-0.253207,0.470320,0.544270,0.487742,0.000000,0.478881,0.495516,0.480168,0.148822,0.016436,0.614939,0.087857,0.190665,0.083442,0.094893,-0.153623,0.317998,0.153592,-0.170086,-0.079301,-0.142493,-0.090135,-0.090321
-0.097090,0.092949,0.118537,0.376368,0.151205,0.114626,0.058180,-0.354453,0.011809,-0.149727,0.120399,-0.241412,-0.080486,0.403765,0.326593,0.287416,0.478881,0.000000,0.389753,0.597845,0.147840,-0.028411,0.462045,0.114554,0.049627,0.106060,0.138368,0.066912,0.342544,0.142649,0.042687,0.053262,0.094262,-0.107082,-0.071829
0.214474,0.325820,0.109441,0.273059,0.079530,-0.049520,-0.022268,-0.140669,-0.021813,-0.227912,-0.204934,-0.303854,-0.046213,0.294074,0.215440,0.235209,0.495516,0.389753,0.000000,0.363964,0.112673,0.093030,0.494244,0.255203,0.264354,0.382271,0.376179,-0.009229,0.352499,-0.020626,-0.095856,0.104592,0.170096,-0.158724,-0.150103
-0.060490,0.062582,0.026530,0.212975,0.115366,-0.076472,0.045629,-0.332889,0.074182,-0.351659,0.057303,-0.336262,-0.147669,0.401526,0.467689,0.406970,0.480168,0.597845,0.363964,0.000000,0.143340,-0.036407,0.428054,0.053185,0.129263,-0.001286,0.024132,-0.050542,0.431192,0.226356,0.212287,0.173378,0.051106,0.070140,0.121400
0.032805,0.122081,0.097602,0.018169,-0.020555,0.126296,0.235416,-0.313468,-0.115415,-0.162200,0.114518,-0.194267,-0.239834,0.214133,0.159412,0.185567,0.148822,0.147840,0.112673,0.143340,0.000000,-0.017565,0.185476,0.082072,0.193383,-0.053277,0.005817,0.053895,0.090043,0.037154,0.038643,-0.223367,0.210702,-0.097674,-0.086725
0.541045,0.392537,0.025858,0.004226,0.096746,-0.192118,0.063501,-0.108908,0.018566,0.269647,-0.046437,0.214436,-0.144760,-0.091758,-0.026286,-0.078647,0.016436,-0.028411,0.093030,-0.036407,-0.017565,0.000000,0.119157,0.520632,0.159678,0.104302,0.106276,0.165489,-0.080441,0.089761,-0.018096,-0.026338,-0.011384,0.127862,0.009433
0.034002,0.151672,0.073893,0.265710,0.203728,0.002868,0.100216,-0.276983,0.097289,-0.210605,-0.059021,-0.431401,-0.218442,0.420867,0.425445,0.340480,0.614939,0.462045,0.494244,0.428054,0.185476,0.119157,0.000000,0.131777,0.252317,0.022342,0.012239,0.128286,0.328577,0.193193,-0.029777,-0.044033,0.199601,-0.160216,-0.070096
0.378451,0.561153,0.320888,0.227523,-0.113558,0.015129,-0.035110,-0.236278,-0.179179,0.118531,-0.121773,0.151894,-0.203227,0.104975,-0.064531,0.040517,0.087857,0.114554,0.255203,0.053185,0.082072,0.520632,0.131777,0.000000,0.219766,0.245524,0.352098,-0.061071,0.063818,-0.134853,-0.118467,0.012975,0.025170,-0.077273,-0.218433
0.179873,0.287067,0.145046,0.094884,-0.218713,-0.002669,0.046930,-0.228932,0.018659,-0.087671,-0.189136,-0.116230,-0.383516,0.235091,0.174244,0.261841,0.190665,0.049627,0.264354,0.129263,0.193383,0.159678,0.252317,0.219766,0.000000,-0.035074,0.005567,-0.119811,0.094009,0.010725,-0.075077,-0.067792,0.080303,-0.170655,-0.179068
0.247709,0.254336,0.205619,0.185836,0.101436,0.083807,-0.131543,0.101491,-0.232007,0.055661,-0.258254,-0.023922,0.278921,-0.198566,-0.316648,-0.170743,0.083442,0.106060,0.382271,-0.001286,-0.053277,0.104302,0.022342,0.245524,-0.035074,0.000000,0.677831,-0.139155,0.015630,-0.334083,-0.188374,0.277174,-0.057546,0.143249,0.001709
0.188684,0.331208,0.215204,0.168091,0.067153,0.182515,-0.143946,-0.006519,-0.245540,0.029981,-0.370974,-0.017801,0.149214,-0.219155,-0.275002,-0.209687,0.094893,0.138368,0.376179,0.024132,0.005817,0.106276,0.012239,0.352098,0.005567,0.677831,0.000000,-0.200656,0.166879,-0.330754,-0.205278,0.291779,-0.026469,-0.004540,-0.183335
0.176518,-0.162213,-0.008211,-0.072222,0.090054,-0.225608,0.150223,0.084089,0.007402,0.164792,0.394464,0.172492,0.204370,-0.055414,0.006376,-0.166439,-0.153623,0.066912,-0.009229,-0.050542,0.053895,0.165489,0.128286,-0.061071,-0.119811,-0.139155,-0.200656,0.000000,0.045544,0.411864,0.292868,-0.013130,0.474268,0.102362,0.202992
-0.083883,0.034904,0.014527,0.110910,0.075975,-0.107921,0.040319,-0.217544,0.160908,-0.282576,-0.095082,-0.287826,-0.016421,0.248052,0.362162,0.192729,0.317998,0.342544,0.352499,0.431192,0.090043,-0.080441,0.328577,0.063818,0.094009,0.015630,0.166879,0.045544,0.000000,0.290058,0.254728,0.302988,0.264851,-0.136998,-0.096864
0.160142,-0.123794,-0.100341,-0.037237,0.103310,-0.304769,0.172101,-0.020261,0.333674,0.007384,0.401879,-0.038724,-0.023091,0.191073,0.441016,0.196338,0.153592,0.142649,-0.020626,0.226356,0.037154,0.089761,0.193193,-0.134853,0.010725,-0.334083,-0.330754,0.411864,0.290058,0.000000,0.379833,-0.033960,0.260339,0.223592,0.329044
0.004019,-0.308560,0.074903,0.047318,-0.067946,-0.274229,0.118635,-0.046339,0.050055,-0.140053,0.362697,0.171052,0.282233,-0.028338,0.034358,-0.018891,-0.170086,0.042687,-0.095856,0.212287,0.038643,-0.018096,-0.029777,-0.118467,-0.075077,-0.188374,-0.205278,0.292868,0.254728,0.379833,0.000000,0.433738,0.311160,0.191657,0.237252
-0.047262,-0.212258,0.238715,0.180879,-0.035975,-0.118342,-0.055408,0.050135,-0.081480,-0.070580,-0.146702,0.160961,0.444480,-0.307097,-0.203009,-0.250162,-0.079301,0.053262,0.104592,0.173378,-0.223367,-0.026338,-0.044033,0.012975,-0.067792,0.277174,0.291779,-0.013130,0.302988,-0.033960,0.433738,0.000000,0.052329,0.201798,0.130155
0.120019,-0.065274,0.034478,-0.085564,-0.087883,-0.097229,-0.017672,-0.041673,-0.114499,-0.164864,0.212524,-0.025194,0.124092,0.033724,-0.007552,-0.079889,-0.142493,0.094262,0.170096,0.051106,0.210702,-0.011384,0.199601,0.025170,0.080303,-0.057546,-0.026469,0.474268,0.264851,0.260339,0.311160,0.052329,0.000000,-0.101225,0.021860
0.205278,-0.143099,0.096911,-0.012888,0.159852,-0.256447,-0.048570,0.154627,-0.142498,0.032525,0.217756,0.140181,0.158720,-0.243901,-0.104449,-0.042773,-0.090135,-0.107082,-0.158724,0.070140,-0.097674,0.127862,-0.160216,-0.077273,-0.170655,0.143249,-0.004540,0.102362,-0.136998,0.223592,0.191657,0.201798,-0.101225,0.000000,0.685883
0.127732,-0.286618,0.018098,-0.084877,0.176747,-0.347805,-0.044311,0.143648,-0.041590,0.034570,0.359992,0.109704,0.212205,-0.148060,-0.020404,-0.051047,-0.090321,-0.071829,-0.150103,0.121400,-0.086725,0.009433,-0.070096,-0.218433,-0.179068,0.001709,-0.183335,0.202992,-0.096864,0.329044,0.237252,0.130155,0.021860,0.685883,0.000000
