1.0000,0.6793,0.0872,0.0170,-0.0294,-0.0002,0.0311,-0.2430,0.1350,0.2486,0.0484,0.1323,0.1835,0.1303,0.1497,0.0832,0.1742,0.2481,0.3092,0.2329,0.0895,0.5287,0.1336,0.3672,0.0900,0.6313,0.4478,0.1302,0.2556,0.2517,0.1762,0.1391,-0.0268,0.4007,0.3840
0.6793,1.0000,0.2517,0.1571,-0.0463,-0.0408,0.0812,-0.1751,0.2003,0.2913,0.2504,0.1543,0.3691,0.0680,0.1542,0.1104,0.1296,0.2456,0.2725,0.2122,0.1723,0.4064,0.0305,0.5897,0.0966,0.6378,0.6142,0.2293,0.2373,0.3618,0.2715,0.1862,0.1177,0.3361,0.3483
0.0872,0.2517,1.0000,0.7444,0.1683,0.0843,0.0687,0.0080,0.2571,0.3092,0.3815,0.2413,0.2794,0.0224,0.2275,0.3215,0.3444,0.4790,0.3786,0.3894,0.3948,0.2273,0.0981,0.3559,0.1658,0.1203,0.2111,0.4172,0.2285,0.4424,0.4978,0.3952,0.3905,0.1899,0.1722
0.0170,0.1571,0.7444,1.0000,0.2802,0.0903,0.2465,0.0236,0.3480,0.4060,0.4316,0.2313,0.2494,-0.0522,0.3015,0.2017,0.1625,0.4753,0.3297,0.3747,0.4461,0.3050,0.0408,0.3862,0.1800,0.1300,0.2181,0.4696,0.3224,0.5004,0.4574,0.3857,0.3525,0.1740,0.1439
-0.0294,-0.0463,0.1683,0.2802,1.0000,0.0094,0.2183,0.1697,0.1068,0.1242,0.2135,0.1909,-0.0097,-0.0036,0.1020,0.1076,0.0398,0.1638,0.0322,0.1605,0.1416,0.1825,0.0301,0.2060,0.1064,-0.0020,-0.0064,0.1552,0.0505,0.0933,0.1903,0.1629,0.1997,0.0131,-0.0044
-0.0002,-0.0408,0.0843,0.0903,0.0094,1.0000,-0.0235,0.3366,-0.0130,-0.0003,0.0054,-0.0730,-0.0385,0.0759,-0.0910,0.0841,0.2117,0.2102,0.2102,0.1360,0.0616,0.0926,0.2479,0.0729,0.0733,0.0049,-0.0201,-0.0167,0.0183,-0.0117,-0.0662,0.0004,-0.0901,-0.1202,-0.0897
0.0311,0.0812,0.0687,0.2465,0.2183,-0.0235,1.0000,0.0060,0.0905,0.0180,0.1411,0.0985,0.0219,-0.1078,0.0476,-0.0567,-0.0145,-0.0473,-0.1410,-0.1175,0.0663,0.0954,-0.1306,0.1743,0.0535,-0.1027,-0.0802,-0.0083,-0.1132,0.0770,0.1011,-0.0655,0.0130,-0.1272,-0.1195
-0.2430,-0.1751,0.0080,0.0236,0.1697,0.3366,0.0060,1.0000,-0.0584,-0.0943,0.0199,-0.0271,-0.1175,-0.0640,-0.0773,0.0349,0.0831,0.0869,0.0158,0.0455,-0.0667,-0.1570,0.0561,-0.0815,-0.0337,-0.1367,-0.0405,0.0002,-0.0768,-0.1024,-0.0440,-0.0002,0.0082,-0.1673,-0.1106
0.1350,0.2003,0.2571,0.3480,0.1068,-0.0130,0.0905,-0.0584,1.0000,0.6429,0.3990,0.2231,0.3797,-0.1088,0.3370,-0.1753,-0.0937,0.0911,0.0956,0.0134,0.3071,0.2768,-0.0929,0.2645,0.2671,0.2078,0.2672,0.4567,0.5091,0.4351,0.3689,0.2469,0.2615,0.1638,0.1400
0.2486,0.2913,0.3092,0.4060,0.1242,-0.0003,0.0180,-0.0943,0.6429,1.0000,0.4056,0.4756,0.3786,-0.0376,0.5301,-0.0474,-0.0215,0.1660,0.1662,0.0699,0.3595,0.4096,0.0813,0.3734,0.3226,0.3308,0.3683,0.4156,0.5982,0.4862,0.4471,0.5171,0.3397,0.1850,0.1603
0.0484,0.2504,0.3815,0.4316,0.2135,0.0054,0.1411,0.0199,0.3990,0.4056,1.0000,0.2364,0.6055,-0.1360,0.2798,0.2235,-0.0916,0.3582,0.2360,0.3191,0.3321,0.0947,-0.1259,0.2393,0.1543,0.2245,0.3818,0.4388,0.3360,0.5670,0.5951,0.3196,0.4012,0.3058,0.3406
0.1323,0.1543,0.2413,0.2313,0.1909,-0.0730,0.0985,-0.0271,0.2231,0.4756,0.2364,1.0000,0.1064,0.1545,0.3138,0.2015,0.0871,0.1627,0.0834,0.0923,0.1723,0.2106,0.0759,0.1745,0.2130,0.1406,0.0712,0.0969,0.2988,0.2267,0.4275,0.4033,0.2291,0.0826,0.0642
0.1835,0.3691,0.2794,0.2494,-0.0097,-0.0385,0.0219,-0.1175,0.3797,0.3786,0.6055,0.1064,1.0000,-0.2540,0.2166,-0.0341,-0.1569,0.1456,0.1661,0.1085,0.2240,0.1480,-0.0916,0.2822,0.1512,0.2692,0.3738,0.5192,0.3630,0.5549,0.5624,0.2769,0.4295,0.1783,0.1925
0.1303,0.0680,0.0224,-0.0522,-0.0036,0.0759,-0.1078,-0.0640,-0.1088,-0.0376,-0.1360,0.1545,-0.2540,1.0000,0.1297,0.5201,0.5121,0.1733,0.1390,0.1948,0.0160,0.0875,0.2257,0.0123,-0.0325,0.1712,0.0119,-0.2409,-0.1642,-0.2192,-0.0502,0.0318,-0.2173,0.1130,0.1075
0.1497,0.1542,0.2275,0.3015,0.1020,-0.0910,0.0476,-0.0773,0.3370,0.5301,0.2798,0.3138,0.2166,0.1297,1.0000,0.0883,0.0538,0.0610,0.0474,-0.0440,0.1888,0.2246,-0.0308,0.2197,0.1486,0.0892,0.0815,0.1665,0.2926,0.3106,0.3629,0.3518,0.2749,0.0004,-0.0371
0.0832,0.1104,0.3215,0.2017,0.1076,0.0841,-0.0567,0.0349,-0.1753,-0.0474,0.2235,0.2015,-0.0341,0.5201,0.0883,1.0000,0.5670,0.4334,0.2347,0.4681,0.1303,0.0200,0.1780,0.0211,-0.1041,0.1473,0.1116,0.0337,-0.1190,0.0965,0.2586,0.0795,-0.0452,0.2726,0.2563
0.1742,0.1296,0.3444,0.1625,0.0398,0.2117,-0.0145,0.0831,-0.0937,-0.0215,-0.0916,0.0871,-0.1569,0.5121,0.0538,0.5670,1.0000,0.3784,0.3592,0.3096,0.0985,0.1865,0.3869,0.1286,-0.0461,0.1239,0.0089,-0.0464,-0.1572,-0.1200,0.0141,0.0386,-0.1336,0.1169,0.1037
0.2481,0.2456,0.4790,0.4753,0.1638,0.2102,-0.0473,0.0869,0.0911,0.1660,0.3582,0.1627,0.1456,0.1733,0.0610,0.4334,0.3784,1.0000,0.7344,0.8295,0.3548,0.3402,0.3535,0.2916,0.0938,0.3554,0.3527,0.3416,0.2092,0.3687,0.3225,0.2533,0.2145,0.5066,0.5149
0.3092,0.2725,0.3786,0.3297,0.0322,0.2102,-0.1410,0.0158,0.0956,0.1662,0.2360,0.0834,0.1661,0.1390,0.0474,0.2347,0.3592,0.7344,1.0000,0.6321,0.3435,0.3918,0.3637,0.3433,0.2325,0.4393,0.3971,0.2146,0.2383,0.2538,0.2440,0.3044,0.1719,0.4111,0.4189
0.2329,0.2122,0.3894,0.3747,0.1605,0.1360,-0.1175,0.0455,0.0134,0.0699,0.3191,0.0923,0.1085,0.1948,-0.0440,0.4681,0.3096,0.8295,0.6321,1.0000,0.2979,0.2793,0.2715,0.2093,0.0832,0.3566,0.3340,0.2966,0.1420,0.2807,0.2605,0.2085,0.1965,0.5677,0.5935
0.0895,0.1723,0.3948,0.4461,0.1416,0.0616,0.0663,-0.0667,0.3071,0.3595,0.3321,0.1723,0.2240,0.0160,0.1888,0.1303,0.0985,0.3548,0.3435,0.2979,1.0000,0.4225,0.2978,0.4397,0.4124,0.2946,0.3170,0.4549,0.3623,0.3756,0.2962,0.3664,0.3396,0.2969,0.2713
0.5287,0.4064,0.2273,0.3050,0.1825,0.0926,0.0954,-0.1570,0.2768,0.4096,0.0947,0.2106,0.1480,0.0875,0.2246,0.0200,0.1865,0.3402,0.3918,0.2793,0.4225,1.0000,0.3556,0.7280,0.4952,0.5029,0.3416,0.2560,0.3296,0.2815,0.2125,0.2953,0.1032,0.3318,0.2858
0.1336,0.0305,0.0981,0.0408,0.0301,0.2479,-0.1306,0.0561,-0.0929,0.0813,-0.1259,0.0759,-0.0916,0.2257,-0.0308,0.1780,0.3869,0.3535,0.3637,0.2715,0.2978,0.3556,1.0000,0.2426,0.3115,0.2144,0.0692,0.0288,0.0540,-0.0298,-0.0657,0.1372,0.0178,0.1537,0.1331
0.3672,0.5897,0.3559,0.3862,0.2060,0.0729,0.1743,-0.0815,0.2645,0.3734,0.2393,0.1745,0.2822,0.0123,0.2197,0.0211,0.1286,0.2916,0.3433,0.2093,0.4397,0.7280,0.2426,1.0000,0.4471,0.5023,0.4889,0.2732,0.2614,0.3442,0.2558,0.2818,0.1816,0.1915,0.1577
0.0900,0.0966,0.1658,0.1800,0.1064,0.0733,0.0535,-0.0337,0.2671,0.3226,0.1543,0.2130,0.1512,-0.0325,0.1486,-0.1041,-0.0461,0.0938,0.2325,0.0832,0.4124,0.4952,0.3115,0.4471,1.0000,0.1695,0.0996,0.1659,0.3009,0.2046,0.2147,0.2804,0.2389,0.1345,0.1084
0.6313,0.6378,0.1203,0.1300,-0.0020,0.0049,-0.1027,-0.1367,0.2078,0.3308,0.2245,0.1406,0.2692,0.1712,0.0892,0.1473,0.1239,0.3554,0.4393,0.3566,0.2946,0.5029,0.2144,0.5023,0.1695,1.0000,0.8065,0.2412,0.3405,0.2920,0.1838,0.2712,0.0154,0.4849,0.4793
0.4478,0.6142,0.2111,0.2181,-0.0064,-0.0201,-0.0802,-0.0405,0.2672,0.3683,0.3818,0.0712,0.3738,0.0119,0.0815,0.1116,0.0089,0.3527,0.3971,0.3340,0.3170,0.3416,0.0692,0.4889,0.0996,0.8065,1.0000,0.3448,0.3559,0.3602,0.2414,0.3097,0.1383,0.4353,0.4473
0.1302,0.2293,0.4172,0.4696,0.1552,-0.0167,-0.0083,0.0002,0.4567,0.4156,0.4388,0.0969,0.5192,-0.2409,0.1665,0.0337,-0.0464,0.3416,0.2146,0.2966,0.4549,0.2560,0.0288,0.2732,0.1659,0.2412,0.3448,1.0000,0.5440,0.7059,0.5530,0.3688,0.5866,0.3758,0.3666
0.2556,0.2373,0.2285,0.3224,0.0505,0.0183,-0.1132,-0.0768,0.5091,0.5982,0.3360,0.2988,0.3630,-0.1642,0.2926,-0.1190,-0.1572,0.2092,0.2383,0.1420,0.3623,0.3296,0.0540,0.2614,0.3009,0.3405,0.3559,0.5440,1.0000,0.6359,0.5022,0.5531,0.4414,0.2444,0.2603
0.2517,0.3618,0.4424,0.5004,0.0933,-0.0117,0.0770,-0.1024,0.4351,0.4862,0.5670,0.2267,0.5549,-0.2192,0.3106,0.0965,-0.1200,0.3687,0.2538,0.2807,0.3756,0.2815,-0.0298,0.3442,0.2046,0.2920,0.3602,0.7059,0.6359,1.0000,0.7297,0.4605,0.5414,0.3277,0.3138
0.1762,0.2715,0.4978,0.4574,0.1903,-0.0662,0.1011,-0.0440,0.3689,0.4471,0.5951,0.4275,0.5624,-0.0502,0.3629,0.2586,0.0141,0.3225,0.2440,0.2605,0.2962,0.2125,-0.0657,0.2558,0.2147,0.1838,0.2414,0.5530,0.5022,0.7297,1.0000,0.5561,0.6096,0.2104,0.2113
0.1391,0.1862,0.3952,0.3857,0.1629,0.0004,-0.0655,-0.0002,0.2469,0.5171,0.3196,0.4033,0.2769,0.0318,0.3518,0.0795,0.0386,0.2533,0.3044,0.2085,0.3664,0.2953,0.1372,0.2818,0.2804,0.2712,0.3097,0.3688,0.5531,0.4605,0.5561,1.0000,0.5209,0.1694,0.1757
-0.0268,0.1177,0.3905,0.3525,0.1997,-0.0901,0.0130,0.0082,0.2615,0.3397,0.4012,0.2291,0.4295,-0.2173,0.2749,-0.0452,-0.1336,0.2145,0.1719,0.1965,0.3396,0.1032,0.0178,0.1816,0.2389,0.0154,0.1383,0.5866,0.4414,0.5414,0.6096,0.5209,1.0000,0.1366,0.1675
0.4007,0.3361,0.1899,0.1740,0.0131,-0.1202,-0.1272,-0.1673,0.1638,0.1850,0.3058,0.0826,0.1783,0.1130,0.0004,0.2726,0.1169,0.5066,0.4111,0.5677,0.2969,0.3318,0.1537,0.1915,0.1345,0.4849,0.4353,0.3758,0.2444,0.3277,0.2104,0.1694,0.1366,1.0000,0.8902
0.3840,0.3483,0.1722,0.1439,-0.0044,-0.0897,-0.1195,-0.1106,0.1400,0.1603,0.3406,0.0642,0.1925,0.1075,-0.0371,0.2563,0.1037,0.5149,0.4189,0.5935,0.2713,0.2858,0.1331,0.1577,0.1084,0.4793,0.4473,0.3666,0.2603,0.3138,0.2113,0.1757,0.1675,0.8902,1.0000
