0.000000,0.760444,0.310147,0.374196,0.372807,-0.248062,-0.237077,-0.157240,0.496914,0.501564,0.461854,0.435408,0.137452,0.281915,0.404913,0.367739,0.358264,0.457489,0.175954,0.436568,0.305024,0.617970,0.117612,0.503365,0.172343,0.625258,0.619358,0.414510,0.548374,0.548884,0.534880,0.547613,0.381235,0.548964,0.578337
0.760444,0.000000,0.291562,0.342103,0.420094,-0.132017,-0.178077,-0.147396,0.539543,0.456736,0.446794,0.513601,0.289986,0.226869,0.298881,0.407854,0.258856,0.494274,0.357752,0.442769,0.399359,0.642149,0.045072,0.615592,0.243851,0.674899,0.705433,0.406980,0.449795,0.442696,0.532230,0.542713,0.321771,0.504010,0.501485
0.310147,0.291562,0.000000,0.832159,0.710705,-0.325658,-0.052224,-0.160772,0.195619,0.350235,0.408577,0.392104,0.125725,0.267278,0.171488,0.325420,0.332576,0.482708,0.406075,0.367560,0.598019,0.626465,0.444190,0.659857,0.550630,0.343105,0.422841,0.499098,0.241640,0.333985,0.501932,0.424592,0.573634,0.633119,0.620190
0.374196,0.342103,0.832159,0.000000,0.763052,-0.292556,-0.065075,-0.102478,0.326221,0.417577,0.523752,0.394873,0.095334,0.438680,0.332421,0.487651,0.431274,0.575353,0.340432,0.451551,0.599799,0.698340,0.430589,0.680061,0.492120,0.388842,0.499301,0.584284,0.428118,0.452178,0.538581,0.461752,0.501857,0.624453,0.647765
0.372807,0.420094,0.710705,0.763052,0.000000,-0.240471,-0.027672,-0.072083,0.421011,0.434859,0.496159,0.388477,0.144086,0.282525,0.229791,0.352746,0.236937,0.513868,0.438347,0.403663,0.707368,0.780284,0.295701,0.753989,0.516164,0.378489,0.487930,0.620246,0.421876,0.486559,0.524394,0.435155,0.521110,0.631559,0.644432
-0.248062,-0.132017,-0.325658,-0.292556,-0.240471,0.000000,0.106169,0.297761,-0.059450,-0.169956,-0.203738,-0.171396,-0.082038,-0.215173,-0.163811,-0.139209,-0.111060,-0.136928,0.004829,-0.204393,-0.180784,-0.305453,-0.188570,-0.315276,-0.195531,-0.113237,-0.141392,-0.200474,-0.145022,-0.170760,-0.278384,-0.204268,-0.218725,-0.343243,-0.366842
-0.237077,-0.178077,-0.052224,-0.065075,-0.027672,0.106169,0.000000,0.103599,-0.089567,-0.307164,-0.140423,-0.202017,0.031529,-0.020864,-0.168191,-0.057650,-0.141767,-0.099935,-0.079751,-0.124724,-0.005596,-0.147493,-0.147868,-0.038142,0.020023,-0.265611,-0.177669,-0.120716,-0.263863,-0.287790,-0.195509,-0.242451,-0.210085,-0.219509,-0.256225
-0.157240,-0.147396,-0.160772,-0.102478,-0.072083,0.297761,0.103599,0.000000,0.015435,-0.092759,-0.072135,-0.039145,-0.185471,-0.157051,-0.004738,-0.107959,-0.097827,-0.093200,-0.183013,0.010691,-0.105902,-0.159785,-0.241108,-0.149899,-0.223171,-0.237795,-0.128215,-0.223411,-0.072085,-0.202461,-0.245490,-0.195091,-0.314790,-0.236777,-0.177095
0.496914,0.539543,0.195619,0.326221,0.421011,-0.059450,-0.089567,0.015435,0.000000,0.539594,0.633754,0.520123,0.300733,0.148993,0.260514,0.303456,0.185603,0.404588,0.129572,0.411672,0.329418,0.547110,-0.016019,0.424250,0.125849,0.369240,0.410989,0.311770,0.485173,0.553390,0.550065,0.375505,0.255395,0.429790,0.480134
0.501564,0.456736,0.350235,0.417577,0.434859,-0.169956,-0.307164,-0.092759,0.539594,0.000000,0.599781,0.653855,0.139757,0.092858,0.360726,0.179565,0.170446,0.310182,0.238798,0.319665,0.279448,0.514411,-0.022984,0.357605,0.136514,0.476934,0.458895,0.372636,0.709941,0.714521,0.609589,0.497854,0.409254,0.591771,0.625779
0.461854,0.446794,0.408577,0.523752,0.496159,-0.203738,-0.140423,-0.072135,0.633754,0.599781,0.000000,0.624032,0.218643,0.195636,0.401719,0.363862,0.188059,0.385411,0.056684,0.403015,0.266026,0.534870,0.020045,0.452706,0.018344,0.305998,0.354587,0.341811,0.439189,0.679176,0.650950,0.249798,0.317910,0.444311,0.521314
0.435408,0.513601,0.392104,0.394873,0.388477,-0.171396,-0.202017,-0.039145,0.520123,0.653855,0.624032,0.000000,0.281213,-0.081643,0.082236,0.191842,0.087826,0.306406,0.270194,0.295297,0.316952,0.513290,-0.016651,0.484769,0.125176,0.411541,0.433848,0.156211,0.382887,0.499233,0.609232,0.407466,0.360890,0.537629,0.565744
0.137452,0.289986,0.125725,0.095334,0.144086,-0.082038,0.031529,-0.185471,0.300733,0.139757,0.218643,0.281213,0.000000,-0.162883,-0.154936,-0.028358,-0.100561,-0.025912,-0.025232,-0.001574,0.283531,0.275142,-0.000723,0.288877,0.099944,0.146783,0.217054,0.042834,-0.008668,0.214490,0.461841,0.159323,0.344435,0.176347,0.143286
0.281915,0.226869,0.267278,0.438680,0.282525,-0.215173,-0.020864,-0.157051,0.148993,0.092858,0.195636,-0.081643,-0.162883,0.000000,0.669926,0.755082,0.668500,0.562100,0.209678,0.558195,0.217854,0.352623,0.502035,0.331052,0.376093,0.237464,0.278373,0.596724,0.447872,0.192486,0.251840,0.325848,0.163753,0.306454,0.299388
0.404913,0.298881,0.171488,0.332421,0.229791,-0.163811,-0.168191,-0.004738,0.260514,0.360726,0.401719,0.082236,-0.154936,0.669926,0.000000,0.575530,0.483482,0.448551,0.093952,0.529044,0.048223,0.266984,0.245285,0.180287,0.129958,0.207416,0.217818,0.413754,0.556442,0.348389,0.297220,0.252370,0.109436,0.302813,0.340401
0.367739,0.407854,0.325420,0.487651,0.352746,-0.139209,-0.057650,-0.107959,0.303456,0.179565,0.363862,0.191842,-0.028358,0.755082,0.575530,0.000000,0.688242,0.706360,0.308849,0.635704,0.333777,0.448730,0.493912,0.447966,0.438671,0.368504,0.415464,0.450513,0.430475,0.195471,0.351990,0.384381,0.193080,0.449749,0.460797
0.358264,0.258856,0.332576,0.431274,0.236937,-0.111060,-0.141767,-0.097827,0.185603,0.170446,0.188059,0.087826,-0.100561,0.668500,0.483482,0.688242,0.000000,0.600717,0.244699,0.525323,0.247424,0.352160,0.617502,0.302655,0.394777,0.272775,0.337805,0.403197,0.397707,0.110878,0.196730,0.397279,0.217602,0.450291,0.433064
0.457489,0.494274,0.482708,0.575353,0.513868,-0.136928,-0.099935,-0.093200,0.404588,0.310182,0.385411,0.306406,-0.025912,0.562100,0.448551,0.706360,0.600717,0.000000,0.503036,0.843287,0.394432,0.535507,0.447569,0.541622,0.409542,0.515395,0.558117,0.468511,0.471502,0.277248,0.426053,0.514352,0.264632,0.577925,0.569470
0.175954,0.357752,0.406075,0.340432,0.438347,0.004829,-0.079751,-0.183013,0.129572,0.238798,0.056684,0.270194,-0.025232,0.209678,0.093952,0.308849,0.244699,0.503036,0.000000,0.321294,0.452840,0.412123,0.295589,0.466583,0.525707,0.450041,0.408693,0.464820,0.275790,0.118863,0.280836,0.459514,0.390869,0.393752,0.338392
0.436568,0.442769,0.367560,0.451551,0.403663,-0.204393,-0.124724,0.010691,0.411672,0.319665,0.403015,0.295297,-0.001574,0.558195,0.529044,0.635704,0.525323,0.843287,0.321294,0.000000,0.235052,0.423763,0.328623,0.419136,0.251029,0.381693,0.432646,0.381144,0.445686,0.266975,0.390417,0.424245,0.168327,0.500627,0.500669
0.305024,0.399359,0.598019,0.599799,0.707368,-0.180784,-0.005596,-0.105902,0.329418,0.279448,0.266026,0.316952,0.283531,0.217854,0.048223,0.333777,0.247424,0.394432,0.452840,0.235052,0.000000,0.731124,0.430020,0.735586,0.706382,0.358439,0.455372,0.589095,0.326182,0.334654,0.512602,0.528048,0.541425,0.532132,0.527118
0.617970,0.642149,0.626465,0.698340,0.780284,-0.305453,-0.147493,-0.159785,0.547110,0.514411,0.534870,0.513290,0.275142,0.352623,0.266984,0.448730,0.352160,0.535507,0.412123,0.423763,0.731124,0.000000,0.399279,0.877961,0.549574,0.585274,0.673592,0.693817,0.550413,0.612217,0.703584,0.598688,0.585243,0.676664,0.685956
0.117612,0.045072,0.444190,0.430589,0.295701,-0.188570,-0.147868,-0.241108,-0.016019,-0.022984,0.020045,-0.016651,-0.000723,0.502035,0.245285,0.493912,0.617502,0.447569,0.295589,0.328623,0.430020,0.399279,0.000000,0.413145,0.599433,0.199313,0.242200,0.398458,0.148736,0.038677,0.215966,0.279615,0.332985,0.366474,0.322025
0.503365,0.615592,0.659857,0.680061,0.753989,-0.315276,-0.038142,-0.149899,0.424250,0.357605,0.452706,0.484769,0.288877,0.331052,0.180287,0.447966,0.302655,0.541622,0.466583,0.419136,0.735586,0.877961,0.413145,0.000000,0.596003,0.572579,0.662374,0.612287,0.373854,0.432890,0.650889,0.588383,0.549898,0.583430,0.581127
0.172343,0.243851,0.550630,0.492120,0.516164,-0.195531,0.020023,-0.223171,0.125849,0.136514,0.018344,0.125176,0.099944,0.376093,0.129958,0.438671,0.394777,0.409542,0.525707,0.251029,0.706382,0.549574,0.599433,0.596003,0.000000,0.296859,0.355630,0.499385,0.230697,0.141970,0.330008,0.478656,0.425145,0.492536,0.439779
0.625258,0.674899,0.343105,0.388842,0.378489,-0.113237,-0.265611,-0.237795,0.369240,0.476934,0.305998,0.411541,0.146783,0.237464,0.207416,0.368504,0.272775,0.515395,0.450041,0.381693,0.358439,0.585274,0.199313,0.572579,0.296859,0.000000,0.868010,0.424642,0.556299,0.460481,0.550197,0.671680,0.420500,0.514949,0.499162
0.619358,0.705433,0.422841,0.499301,0.487930,-0.141392,-0.177669,-0.128215,0.410989,0.458895,0.354587,0.433848,0.217054,0.278373,0.217818,0.415464,0.337805,0.558117,0.408693,0.432646,0.455372,0.673592,0.242200,0.662374,0.355630,0.868010,0.000000,0.476887,0.539310,0.438572,0.546293,0.627917,0.441832,0.564132,0.553888
0.414510,0.406980,0.499098,0.584284,0.620246,-0.200474,-0.120716,-0.223411,0.311770,0.372636,0.341811,0.156211,0.042834,0.596724,0.413754,0.450513,0.403197,0.468511,0.464820,0.381144,0.589095,0.693817,0.398458,0.612287,0.499385,0.424642,0.476887,0.000000,0.620110,0.556595,0.541184,0.522989,0.601251,0.541511,0.524849
0.548374,0.449795,0.241640,0.428118,0.421876,-0.145022,-0.263863,-0.072085,0.485173,0.709941,0.439189,0.382887,-0.008668,0.447872,0.556442,0.430475,0.397707,0.471502,0.275790,0.445686,0.326182,0.550413,0.148736,0.373854,0.230697,0.556299,0.539310,0.620110,0.000000,0.678330,0.565668,0.624671,0.402647,0.608120,0.633799
0.548884,0.442696,0.333985,0.452178,0.486559,-0.170760,-0.287790,-0.202461,0.553390,0.714521,0.679176,0.499233,0.214490,0.192486,0.348389,0.195471,0.110878,0.277248,0.118863,0.266975,0.334654,0.612217,0.038677,0.432890,0.141970,0.460481,0.438572,0.556595,0.678330,0.000000,0.764519,0.428632,0.473438,0.518680,0.579503
0.534880,0.532230,0.501932,0.538581,0.524394,-0.278384,-0.195509,-0.245490,0.550065,0.609589,0.650950,0.609232,0.461841,0.251840,0.297220,0.351990,0.196730,0.426053,0.280836,0.390417,0.512602,0.703584,0.215966,0.650889,0.330008,0.550197,0.546293,0.541184,0.565668,0.764519,0.000000,0.621809,0.641741,0.585956,0.610248
0.547613,0.542713,0.424592,0.461752,0.435155,-0.204268,-0.242451,-0.195091,0.375505,0.497854,0.249798,0.407466,0.159323,0.325848,0.252370,0.384381,0.397279,0.514352,0.459514,0.424245,0.528048,0.598688,0.279615,0.588383,0.478656,0.671680,0.627917,0.522989,0.624671,0.428632,0.621809,0.000000,0.577561,0.582508,0.557832
0.381235,0.321771,0.573634,0.501857,0.521110,-0.218725,-0.210085,-0.314790,0.255395,0.409254,0.317910,0.360890,0.344435,0.163753,0.109436,0.193080,0.217602,0.264632,0.390869,0.168327,0.541425,0.585243,0.332985,0.549898,0.425145,0.420500,0.441832,0.601251,0.402647,0.473438,0.641741,0.577561,0.000000,0.565579,0.532733
0.548964,0.504010,0.633119,0.624453,0.631559,-0.343243,-0.219509,-0.236777,0.429790,0.591771,0.444311,0.537629,0.176347,0.306454,0.302813,0.449749,0.450291,0.577925,0.393752,0.500627,0.532132,0.676664,0.366474,0.583430,0.492536,0.514949,0.564132,0.541511,0.608120,0.518680,0.585956,0.582508,0.565579,0.000000,0.913387
0.578337,0.501485,0.620190,0.647765,0.644432,-0.366842,-0.256225,-0.177095,0.480134,0.625779,0.521314,0.565744,0.143286,0.299388,0.340401,0.460797,0.433064,0.569470,0.338392,0.500669,0.527118,0.685956,0.322025,0.581127,0.439779,0.499162,0.553888,0.524849,0.633799,0.579503,0.610248,0.557832,0.532733,0.913387,0.000000
