0.000000,0.805380,0.020430,-0.031470,0.029864,-0.001137,-0.202735,0.039711,0.413902,0.367779,0.353778,0.162232,0.330189,0.013894,0.233844,0.095486,0.226496,-0.061347,-0.042679,-0.140093,0.248354,0.591552,0.217583,0.464187,0.204344,0.465106,0.402904,0.180169,0.030019,0.078492,0.102354,-0.061883,-0.034871,0.142946,0.094367
0.805380,0.000000,0.042546,-0.027019,0.057899,-0.001176,-0.196309,0.049616,0.387957,0.355583,0.344587,0.171513,0.267704,0.011353,0.223263,0.074573,0.214952,-0.122001,-0.054569,-0.167679,0.202919,0.546136,0.221228,0.585645,0.160284,0.412590,0.383106,0.199013,0.018870,0.110214,0.175780,-0.005088,0.001966,0.056890,0.029165
0.020430,0.042546,0.000000,0.889293,0.272274,0.261263,0.411595,0.179486,0.035932,0.029217,0.173329,0.046298,-0.067896,0.066327,0.151101,0.254035,0.171277,0.186122,0.194998,0.160750,0.185256,0.161153,0.197799,0.231852,0.113282,0.072781,0.040499,0.140214,0.086504,0.111727,0.154353,0.066295,0.124609,0.086332,0.121821
-0.031470,-0.027019,0.889293,0.000000,0.235462,0.223500,0.427871,0.120965,0.029279,0.021944,0.136631,0.009252,-0.073997,0.060851,0.154903,0.225803,0.122025,0.207400,0.208559,0.199171,0.147711,0.098699,0.129061,0.139835,0.057328,0.040026,-0.000574,0.118943,0.092765,0.094490,0.114608,0.043659,0.122490,0.065815,0.112924
0.029864,0.057899,0.272274,0.235462,0.000000,0.104653,0.089424,0.094383,0.113172,0.138245,0.367450,-0.043941,-0.011975,0.120271,0.103407,0.420446,0.358883,0.239506,0.174785,0.218986,0.275989,0.452062,0.224410,0.404164,0.071879,0.228734,0.190998,0.128980,-0.043246,-0.031103,-0.094237,-0.100254,0.082909,0.291331,0.180439
-0.001137,-0.001176,0.261263,0.223500,0.104653,0.000000,0.236744,0.457701,-0.093284,-0.010108,0.011279,0.019115,-0.057554,-0.049067,0.095036,0.146011,0.131809,0.188668,0.005569,0.030278,0.062676,0.137311,0.089364,0.029568,0.105319,0.183914,0.083556,-0.070166,0.150560,0.052683,-0.083324,-0.087379,-0.150180,0.173063,0.148364
-0.202735,-0.196309,0.411595,0.427871,0.089424,0.236744,0.000000,0.378184,-0.148830,-0.219759,-0.077511,-0.171263,-0.144715,-0.121148,0.004223,-0.079399,-0.146507,0.129845,0.081298,0.140440,0.105188,-0.210907,-0.224924,-0.150224,-0.028061,-0.190823,-0.148416,-0.095526,-0.046150,-0.021251,-0.011731,-0.120928,0.076182,-0.127114,-0.106154
0.039711,0.049616,0.179486,0.120965,0.094383,0.457701,0.378184,0.000000,-0.095668,-0.111967,-0.032883,-0.076913,-0.234589,-0.122995,0.053410,0.024423,0.041403,0.068176,0.079263,0.039374,0.118800,0.047393,0.004827,-0.001288,0.048710,0.053027,0.109939,-0.062725,-0.020120,-0.013092,-0.061962,-0.081146,-0.052997,0.013330,0.033363
0.413902,0.387957,0.035932,0.029279,0.113172,-0.093284,-0.148830,-0.095668,0.000000,0.477656,0.543701,-0.027337,0.396250,0.105933,0.082683,0.120076,0.263342,0.086082,0.024322,0.042852,0.100264,0.302978,0.122677,0.235630,0.100049,0.499127,0.492675,0.256438,-0.050786,0.030014,0.006689,-0.167872,0.063700,0.082365,0.100408
0.367779,0.355583,0.029217,0.021944,0.138245,-0.010108,-0.219759,-0.111967,0.477656,0.000000,0.417358,0.482063,0.173998,0.134566,0.393165,0.114941,0.158753,0.016632,-0.081232,-0.038608,0.070609,0.320440,0.072321,0.248085,0.086618,0.327513,0.301633,0.266042,0.318919,0.282626,0.098083,0.167455,0.009962,0.291090,0.317165
0.353778,0.344587,0.173329,0.136631,0.367450,0.011279,-0.077511,-0.032883,0.543701,0.417358,0.000000,0.024636,0.323255,0.179631,0.226163,0.467851,0.396237,0.105404,-0.006382,0.084441,0.138665,0.445089,0.159931,0.381861,0.071956,0.407994,0.381808,0.197174,-0.042254,0.099289,0.066253,-0.132838,0.089055,0.330178,0.319122
0.162232,0.171513,0.046298,0.009252,-0.043941,0.019115,-0.171263,-0.076913,-0.027337,0.482063,0.024636,0.000000,-0.144044,-0.083937,0.265337,-0.142150,-0.228829,-0.082754,-0.101956,-0.073805,0.036829,0.108013,0.052786,0.178398,0.145158,-0.052896,-0.051692,0.178323,0.472005,0.416929,0.401020,0.530879,0.136340,0.062631,0.097547
0.330189,0.267704,-0.067896,-0.073997,-0.011975,-0.057554,-0.144715,-0.234589,0.396250,0.173998,0.323255,-0.144044,0.000000,0.036482,-0.064724,0.073595,0.129416,0.064057,-0.033148,-0.007080,0.072534,0.240612,0.094433,0.190809,0.068708,0.394315,0.377021,0.025746,-0.140607,-0.203532,-0.096004,-0.115930,-0.004031,0.101505,0.058111
0.013894,0.011353,0.066327,0.060851,0.120271,-0.049067,-0.121148,-0.122995,0.105933,0.134566,0.179631,-0.083937,0.036482,0.000000,0.410014,0.596021,0.484406,0.151712,0.073108,0.197297,0.177271,0.092376,0.373941,0.082017,0.192257,-0.066827,-0.093871,0.228339,0.108208,0.134697,0.189222,0.124216,0.138142,0.282176,0.268522
0.233844,0.223263,0.151101,0.154903,0.103407,0.095036,0.004223,0.053410,0.082683,0.393165,0.226163,0.265337,-0.064724,0.410014,0.000000,0.364670,0.250017,0.035771,-0.009673,0.095818,0.266478,0.186258,0.237733,0.112117,0.232683,-0.052148,-0.073120,0.332833,0.392806,0.380782,0.301716,0.278818,0.206828,0.206715,0.258930
0.095486,0.074573,0.254035,0.225803,0.420446,0.146011,-0.079399,0.024423,0.120076,0.114941,0.467851,-0.142150,0.073595,0.596021,0.364670,0.000000,0.696984,0.297365,0.196357,0.344385,0.198769,0.343485,0.478813,0.251194,0.172719,0.145004,0.096067,0.156110,0.037049,0.029910,0.088892,0.057051,0.119960,0.420260,0.408293
0.226496,0.214952,0.171277,0.122025,0.358883,0.131809,-0.146507,0.041403,0.263342,0.158753,0.396237,-0.228829,0.129416,0.484406,0.250017,0.696984,0.000000,0.192302,0.213584,0.282154,0.221938,0.369467,0.514177,0.295422,0.218798,0.263065,0.206895,0.163437,-0.170844,-0.094336,0.000510,-0.112994,0.107152,0.426549,0.378466
-0.061347,-0.122001,0.186122,0.207400,0.239506,0.188668,0.129845,0.068176,0.086082,0.016632,0.105404,-0.082754,0.064057,0.151712,0.035771,0.297365,0.192302,0.000000,0.520169,0.654440,0.301668,0.197193,0.253997,0.156384,0.343221,0.130424,0.112559,0.124342,0.010863,-0.076718,-0.039300,-0.052774,0.165894,0.065784,0.116913
-0.042679,-0.054569,0.194998,0.208559,0.174785,0.005569,0.081298,0.079263,0.024322,-0.081232,-0.006382,-0.101956,-0.033148,0.073108,-0.009673,0.196357,0.213584,0.520169,0.000000,0.573150,0.215817,0.088406,0.186441,0.080443,0.129752,0.150463,0.212557,0.221879,-0.123334,-0.158673,-0.016990,-0.007970,0.267691,0.060449,0.141513
-0.140093,-0.167679,0.160750,0.199171,0.218986,0.030278,0.140440,0.039374,0.042852,-0.038608,0.084441,-0.073805,-0.007080,0.197297,0.095818,0.344385,0.282154,0.654440,0.573150,0.000000,0.206567,0.088167,0.246362,0.071479,0.161886,-0.003208,0.021413,0.282773,0.021960,-0.052644,0.132089,0.120162,0.489403,0.140846,0.252635
0.248354,0.202919,0.185256,0.147711,0.275989,0.062676,0.105188,0.118800,0.100264,0.070609,0.138665,0.036829,0.072534,0.177271,0.266478,0.198769,0.221938,0.301668,0.215817,0.206567,0.000000,0.382109,0.394493,0.362058,0.620042,0.070858,0.082908,0.257639,0.054093,0.063192,0.118102,-0.004520,0.159125,0.055759,0.052386
0.591552,0.546136,0.161153,0.098699,0.452062,0.137311,-0.210907,0.047393,0.302978,0.320440,0.445089,0.108013,0.240612,0.092376,0.186258,0.343485,0.369467,0.197193,0.088406,0.088167,0.382109,0.000000,0.381406,0.732326,0.281389,0.472137,0.386931,0.237305,0.034848,0.095804,0.017759,-0.103888,-0.012520,0.277038,0.208661
0.217583,0.221228,0.197799,0.129061,0.224410,0.089364,-0.224924,0.004827,0.122677,0.072321,0.159931,0.052786,0.094433,0.373941,0.237733,0.478813,0.514177,0.253997,0.186441,0.246362,0.394493,0.381406,0.000000,0.426162,0.424091,0.079143,0.031657,0.265609,0.119895,0.055326,0.191284,0.150009,0.195923,0.134924,0.153058
0.464187,0.585645,0.231852,0.139835,0.404164,0.029568,-0.150224,-0.001288,0.235630,0.248085,0.381861,0.178398,0.190809,0.082017,0.112117,0.251194,0.295422,0.156384,0.080443,0.071479,0.362058,0.732326,0.426162,0.000000,0.313744,0.293951,0.255164,0.269142,0.033956,0.116259,0.208926,0.035702,0.149031,0.076909,0.061178
0.204344,0.160284,0.113282,0.057328,0.071879,0.105319,-0.028061,0.048710,0.100049,0.086618,0.071956,0.145158,0.068708,0.192257,0.232683,0.172719,0.218798,0.343221,0.129752,0.161886,0.620042,0.281389,0.424091,0.313744,0.000000,0.055373,0.039071,0.253030,0.104437,0.048084,0.155894,0.079871,0.155393,-0.043385,0.017760
0.465106,0.412590,0.072781,0.040026,0.228734,0.183914,-0.190823,0.053027,0.499127,0.327513,0.407994,-0.052896,0.394315,-0.066827,-0.052148,0.145004,0.263065,0.130424,0.150463,-0.003208,0.070858,0.472137,0.079143,0.293951,0.055373,0.000000,0.827384,0.030390,-0.146133,-0.217429,-0.249996,-0.213402,-0.166694,0.240550,0.194471
0.402904,0.383106,0.040499,-0.000574,0.190998,0.083556,-0.148416,0.109939,0.492675,0.301633,0.381808,-0.051692,0.377021,-0.093871,-0.073120,0.096067,0.206895,0.112559,0.212557,0.021413,0.082908,0.386931,0.031657,0.255164,0.039071,0.827384,0.000000,0.032279,-0.185653,-0.240689,-0.225526,-0.153640,-0.087241,0.187586,0.166521
0.180169,0.199013,0.140214,0.118943,0.128980,-0.070166,-0.095526,-0.062725,0.256438,0.266042,0.197174,0.178323,0.025746,0.228339,0.332833,0.156110,0.163437,0.124342,0.221879,0.282773,0.257639,0.237305,0.265609,0.269142,0.253030,0.030390,0.032279,0.000000,0.304064,0.383167,0.378811,0.153601,0.550743,0.146804,0.234874
0.030019,0.018870,0.086504,0.092765,-0.043246,0.150560,-0.046150,-0.020120,-0.050786,0.318919,-0.042254,0.472005,-0.140607,0.108208,0.392806,0.037049,-0.170844,0.010863,-0.123334,0.021960,0.054093,0.034848,0.119895,0.033956,0.104437,-0.146133,-0.185653,0.304064,0.000000,0.657260,0.433919,0.568542,0.220265,0.009338,0.089556
0.078492,0.110214,0.111727,0.094490,-0.031103,0.052683,-0.021251,-0.013092,0.030014,0.282626,0.099289,0.416929,-0.203532,0.134697,0.380782,0.029910,-0.094336,-0.076718,-0.158673,-0.052644,0.063192,0.095804,0.055326,0.116259,0.048084,-0.217429,-0.240689,0.383167,0.657260,0.000000,0.644064,0.401347,0.272211,-0.013166,0.032399
0.102354,0.175780,0.154353,0.114608,-0.094237,-0.083324,-0.011731,-0.061962,0.006689,0.098083,0.066253,0.401020,-0.096004,0.189222,0.301716,0.088892,0.000510,-0.039300,-0.016990,0.132089,0.118102,0.017759,0.191284,0.208926,0.155894,-0.249996,-0.225526,0.378811,0.433919,0.644064,0.000000,0.573211,0.520322,-0.154851,-0.072255
-0.061883,-0.005088,0.066295,0.043659,-0.100254,-0.087379,-0.120928,-0.081146,-0.167872,0.167455,-0.132838,0.530879,-0.115930,0.124216,0.278818,0.057051,-0.112994,-0.052774,-0.007970,0.120162,-0.004520,-0.103888,0.150009,0.035702,0.079871,-0.213402,-0.153640,0.153601,0.568542,0.401347,0.573211,0.000000,0.336528,-0.086719,0.000848
-0.034871,0.001966,0.124609,0.122490,0.082909,-0.150180,0.076182,-0.052997,0.063700,0.009962,0.089055,0.136340,-0.004031,0.138142,0.206828,0.119960,0.107152,0.165894,0.267691,0.489403,0.159125,-0.012520,0.195923,0.149031,0.155393,-0.166694,-0.087241,0.550743,0.220265,0.272211,0.520322,0.336528,0.000000,-0.006714,0.126965
0.142946,0.056890,0.086332,0.065815,0.291331,0.173063,-0.127114,0.013330,0.082365,0.291090,0.330178,0.062631,0.101505,0.282176,0.206715,0.420260,0.426549,0.065784,0.060449,0.140846,0.055759,0.277038,0.134924,0.076909,-0.043385,0.240550,0.187586,0.146804,0.009338,-0.013166,-0.154851,-0.086719,-0.006714,0.000000,0.807536
0.094367,0.029165,0.121821,0.112924,0.180439,0.148364,-0.106154,0.033363,0.100408,0.317165,0.319122,0.097547,0.058111,0.268522,0.258930,0.408293,0.378466,0.116913,0.141513,0.252635,0.052386,0.208661,0.153058,0.061178,0.017760,0.194471,0.166521,0.234874,0.089556,0.032399,-0.072255,0.000848,0.126965,0.807536,0.000000
