1.0000,0.8110,-0.2449,-0.2144,0.0182,-0.1512,0.1360,-0.1921,0.2450,0.1971,0.1705,0.3764,0.3208,-0.1976,0.0419,-0.1350,-0.0621,0.1791,0.1583,0.0398,0.1885,0.6570,0.0738,0.5149,0.2775,0.4371,0.4465,0.2142,0.1378,0.1505,0.0600,0.0793,0.1906,0.2114,0.1545
0.8110,1.0000,-0.2427,-0.2277,0.0556,-0.1615,0.2022,-0.1879,0.1973,0.2262,0.1875,0.4433,0.2835,-0.1507,0.1408,-0.1364,-0.0182,0.2175,0.2339,0.0746,0.1768,0.5745,0.1824,0.6257,0.3519,0.3890,0.4541,0.2175,0.1551,0.0979,0.0548,0.1147,0.2432,0.2513,0.2031
-0.2449,-0.2427,1.0000,0.8413,0.2672,0.1977,-0.1357,0.0554,-0.0142,-0.0295,-0.0290,-0.1208,-0.0077,0.1233,-0.0695,0.1167,0.1460,-0.0061,-0.1062,0.1095,0.2050,-0.0279,0.0004,0.0256,0.0289,-0.0813,0.0045,0.1547,0.0981,0.1076,0.1898,0.1468,0.1320,-0.0192,0.0384
-0.2144,-0.2277,0.8413,1.0000,0.2681,0.1739,-0.0400,0.0868,0.0031,-0.0062,-0.0031,-0.0986,0.0313,0.0987,-0.0540,0.1092,0.1683,0.0353,-0.0741,0.1157,0.1858,-0.0022,0.0061,0.0263,0.0278,-0.0683,0.0232,0.1276,0.0776,0.0632,0.1548,0.1346,0.1077,-0.0735,-0.0135
0.0182,0.0556,0.2672,0.2681,1.0000,0.0240,0.1119,-0.1103,-0.0439,-0.0162,0.0325,-0.0877,-0.1041,0.1443,0.0974,0.1126,0.1984,0.2398,0.2148,0.1960,0.1742,0.2129,0.2341,0.2007,0.2754,0.0357,0.0272,0.1304,0.0527,0.0139,0.0770,0.0484,0.1406,0.0625,0.0953
-0.1512,-0.1615,0.1977,0.1739,0.0240,1.0000,0.0932,0.2503,-0.0147,-0.0101,0.0090,-0.0813,-0.1020,0.2288,0.0618,0.2609,0.2474,-0.0221,-0.0792,0.1227,0.0239,-0.0357,0.1144,-0.0498,-0.0541,0.1726,0.0652,0.0719,0.1099,0.0413,0.0634,-0.0429,0.0155,0.0449,0.0733
0.1360,0.2022,-0.1357,-0.0400,0.1119,0.0932,1.0000,0.1640,-0.1277,-0.1228,0.0131,0.0235,-0.1030,-0.0417,0.0549,-0.0218,0.0026,0.1899,0.2106,0.0665,0.1285,0.1510,0.1591,0.1860,0.2191,0.0938,0.0458,0.1317,-0.0446,-0.0698,-0.0075,0.0335,0.1588,0.1434,0.1426
-0.1921,-0.1879,0.0554,0.0868,-0.1103,0.2503,0.1640,1.0000,-0.0594,-0.0160,0.0209,-0.1084,-0.0533,0.0061,-0.0012,0.0476,-0.0876,-0.0852,-0.0948,0.0151,-0.1371,-0.0740,-0.0641,-0.1457,-0.1216,-0.0690,-0.1135,-0.0043,-0.0303,-0.1089,-0.1355,-0.0520,-0.0931,-0.0518,-0.0094
0.2450,0.1973,-0.0142,0.0031,-0.0439,-0.0147,-0.1277,-0.0594,1.0000,0.5074,0.2673,0.3006,0.4197,-0.0761,-0.1594,-0.1580,-0.1111,-0.1594,-0.1337,-0.2624,0.0865,0.1777,-0.0872,0.1778,0.1143,0.3222,0.4132,0.2254,0.5229,0.2396,0.2177,0.3541,0.1449,0.0014,-0.0173
0.1971,0.2262,-0.0295,-0.0062,-0.0162,-0.0101,-0.1228,-0.0160,0.5074,1.0000,0.3535,0.4475,0.1237,0.1114,0.2182,-0.0017,0.1427,0.0559,-0.0496,-0.0613,0.0246,0.0925,-0.0317,0.1365,0.1444,0.1209,0.1985,0.0191,0.3510,0.1914,0.1235,0.2403,-0.1608,0.1467,0.1636
0.1705,0.1875,-0.0290,-0.0031,0.0325,0.0090,0.0131,0.0209,0.2673,0.3535,1.0000,0.3858,0.1731,0.1745,0.1095,0.2278,0.0366,0.1582,0.0151,0.1330,0.1085,0.1695,-0.0922,0.2082,0.1870,0.1481,0.1889,0.2524,0.2435,0.4502,0.4473,0.0920,0.1476,0.2235,0.2352
0.3764,0.4433,-0.1208,-0.0986,-0.0877,-0.0813,0.0235,-0.1084,0.3006,0.4475,0.3858,1.0000,0.3040,-0.0058,0.0875,-0.1005,0.0353,0.1521,0.0757,0.0116,0.1219,0.2341,-0.0385,0.3515,0.1726,0.2302,0.3399,0.0589,0.1594,0.0743,0.1325,0.1756,0.0459,0.0838,0.0840
0.3208,0.2835,-0.0077,0.0313,-0.1041,-0.1020,-0.1030,-0.0533,0.4197,0.1237,0.1731,0.3040,1.0000,-0.2443,-0.1835,-0.1864,-0.1898,-0.1545,-0.0819,-0.1967,-0.0610,0.2988,-0.0638,0.3451,0.0234,0.3038,0.4050,0.1146,0.1113,-0.0174,0.0196,0.1564,0.2168,-0.1297,-0.1176
-0.1976,-0.1507,0.1233,0.0987,0.1443,0.2288,-0.0417,0.0061,-0.0761,0.1114,0.1745,-0.0058,-0.2443,1.0000,0.6072,0.7337,0.6514,0.0235,-0.0375,0.1619,-0.0683,-0.1646,0.1850,-0.1538,-0.0006,-0.2377,-0.2800,0.0882,0.0332,0.0007,0.1588,-0.0625,-0.0687,-0.0715,-0.0344
0.0419,0.1408,-0.0695,-0.0540,0.0974,0.0618,0.0549,-0.0012,-0.1594,0.2182,0.1095,0.0875,-0.1835,0.6072,1.0000,0.4898,0.5038,0.1209,0.0849,0.1561,-0.0752,-0.0153,0.3335,0.0272,0.0693,-0.1866,-0.2109,0.0251,0.0019,-0.0518,0.0167,-0.0759,-0.0620,0.0202,0.0396
-0.1350,-0.1364,0.1167,0.1092,0.1126,0.2609,-0.0218,0.0476,-0.1580,-0.0017,0.2278,-0.1005,-0.1864,0.7337,0.4898,1.0000,0.6562,0.0582,-0.0343,0.2309,-0.0717,-0.0558,0.2235,-0.0913,0.0162,-0.1191,-0.2151,0.0527,-0.0686,0.0106,0.1755,-0.1208,-0.0789,0.0344,0.0630
-0.0621,-0.0182,0.1460,0.1683,0.1984,0.2474,0.0026,-0.0876,-0.1111,0.1427,0.0366,0.0353,-0.1898,0.6514,0.5038,0.6562,1.0000,0.1415,0.0498,0.2549,0.0461,-0.0357,0.3070,0.0163,0.0905,-0.1389,-0.1337,0.0292,-0.0065,-0.0271,0.1005,-0.0258,-0.1055,0.0319,0.0627
0.1791,0.2175,-0.0061,0.0353,0.2398,-0.0221,0.1899,-0.0852,-0.1594,0.0559,0.1582,0.1521,-0.1545,0.0235,0.1209,0.0582,0.1415,1.0000,0.7345,0.7578,0.4198,0.1733,0.3421,0.1943,0.4991,0.0628,0.0726,0.1220,0.0115,0.1616,0.1879,-0.0206,0.0435,0.3202,0.3393
0.1583,0.2339,-0.1062,-0.0741,0.2148,-0.0792,0.2106,-0.0948,-0.1337,-0.0496,0.0151,0.0757,-0.0819,-0.0375,0.0849,-0.0343,0.0498,0.7345,1.0000,0.5770,0.2645,0.1240,0.4372,0.1345,0.4388,-0.0204,0.0593,0.1045,-0.0199,0.0464,0.0690,0.0150,0.1366,0.1615,0.1646
0.0398,0.0746,0.1095,0.1157,0.1960,0.1227,0.0665,0.0151,-0.2624,-0.0613,0.1330,0.0116,-0.1967,0.1619,0.1561,0.2309,0.2549,0.7578,0.5770,1.0000,0.2957,0.1226,0.3645,0.1437,0.3788,0.0142,-0.0117,0.1384,-0.0065,0.1756,0.1966,-0.0381,0.1137,0.4184,0.4516
0.1885,0.1768,0.2050,0.1858,0.1742,0.0239,0.1285,-0.1371,0.0865,0.0246,0.1085,0.1219,-0.0610,-0.0683,-0.0752,-0.0717,0.0461,0.4198,0.2645,0.2957,1.0000,0.2503,0.1441,0.2622,0.4538,0.1602,0.1695,0.3902,0.2558,0.3812,0.3769,0.1819,0.2351,0.2017,0.1828
0.6570,0.5745,-0.0279,-0.0022,0.2129,-0.0357,0.1510,-0.0740,0.1777,0.0925,0.1695,0.2341,0.2988,-0.1646,-0.0153,-0.0558,-0.0357,0.1733,0.1240,0.1226,0.2503,1.0000,0.1615,0.7412,0.3942,0.5431,0.5145,0.3446,0.1584,0.1191,0.0354,0.0188,0.3550,0.2542,0.2419
0.0738,0.1824,0.0004,0.0061,0.2341,0.1144,0.1591,-0.0641,-0.0872,-0.0317,-0.0922,-0.0385,-0.0638,0.1850,0.3335,0.2235,0.3070,0.3421,0.4372,0.3645,0.1441,0.1615,1.0000,0.2415,0.3915,0.0488,0.0065,0.1600,0.0611,-0.0723,0.0060,0.0294,0.2088,0.2281,0.2261
0.5149,0.6257,0.0256,0.0263,0.2007,-0.0498,0.1860,-0.1457,0.1778,0.1365,0.2082,0.3515,0.3451,-0.1538,0.0272,-0.0913,0.0163,0.1943,0.1345,0.1437,0.2622,0.7412,0.2415,1.0000,0.4499,0.4869,0.5477,0.3205,0.2018,0.1420,0.1284,0.1154,0.3950,0.3614,0.3653
0.2775,0.3519,0.0289,0.0278,0.2754,-0.0541,0.2191,-0.1216,0.1143,0.1444,0.1870,0.1726,0.0234,-0.0006,0.0693,0.0162,0.0905,0.4991,0.4388,0.3788,0.4538,0.3942,0.3915,0.4499,1.0000,0.1972,0.1749,0.3971,0.2387,0.2797,0.3084,0.2166,0.3159,0.3193,0.3503
0.4371,0.3890,-0.0813,-0.0683,0.0357,0.1726,0.0938,-0.0690,0.3222,0.1209,0.1481,0.2302,0.3038,-0.2377,-0.1866,-0.1191,-0.1389,0.0628,-0.0204,0.0142,0.1602,0.5431,0.0488,0.4869,0.1972,1.0000,0.7101,0.2075,0.3832,0.0867,0.0691,0.0393,0.2710,0.2379,0.2078
0.4465,0.4541,0.0045,0.0232,0.0272,0.0652,0.0458,-0.1135,0.4132,0.1985,0.1889,0.3399,0.4050,-0.2800,-0.2109,-0.2151,-0.1337,0.0726,0.0593,-0.0117,0.1695,0.5145,0.0065,0.5477,0.1749,0.7101,1.0000,0.1515,0.3284,0.0993,0.1195,0.1461,0.2895,0.1731,0.1750
0.2142,0.2175,0.1547,0.1276,0.1304,0.0719,0.1317,-0.0043,0.2254,0.0191,0.2524,0.0589,0.1146,0.0882,0.0251,0.0527,0.0292,0.1220,0.1045,0.1384,0.3902,0.3446,0.1600,0.3205,0.3971,0.2075,0.1515,1.0000,0.4735,0.5072,0.4757,0.3274,0.5730,0.1346,0.1322
0.1378,0.1551,0.0981,0.0776,0.0527,0.1099,-0.0446,-0.0303,0.5229,0.3510,0.2435,0.1594,0.1113,0.0332,0.0019,-0.0686,-0.0065,0.0115,-0.0199,-0.0065,0.2558,0.1584,0.0611,0.2018,0.2387,0.3832,0.3284,0.4735,1.0000,0.5714,0.4759,0.4686,0.3139,0.0908,0.0774
0.1505,0.0979,0.1076,0.0632,0.0139,0.0413,-0.0698,-0.1089,0.2396,0.1914,0.4502,0.0743,-0.0174,0.0007,-0.0518,0.0106,-0.0271,0.1616,0.0464,0.1756,0.3812,0.1191,-0.0723,0.1420,0.2797,0.0867,0.0993,0.5072,0.5714,1.0000,0.7164,0.3892,0.3188,0.2365,0.2062
0.0600,0.0548,0.1898,0.1548,0.0770,0.0634,-0.0075,-0.1355,0.2177,0.1235,0.4473,0.1325,0.0196,0.1588,0.0167,0.1755,0.1005,0.1879,0.0690,0.1966,0.3769,0.0354,0.0060,0.1284,0.3084,0.0691,0.1195,0.4757,0.4759,0.7164,1.0000,0.6011,0.4022,0.1486,0.1565
0.0793,0.1147,0.1468,0.1346,0.0484,-0.0429,0.0335,-0.0520,0.3541,0.2403,0.0920,0.1756,0.1564,-0.0625,-0.0759,-0.1208,-0.0258,-0.0206,0.0150,-0.0381,0.1819,0.0188,0.0294,0.1154,0.2166,0.0393,0.1461,0.3274,0.4686,0.3892,0.6011,1.0000,0.3571,0.0062,0.0166
0.1906,0.2432,0.1320,0.1077,0.1406,0.0155,0.1588,-0.0931,0.1449,-0.1608,0.1476,0.0459,0.2168,-0.0687,-0.0620,-0.0789,-0.1055,0.0435,0.1366,0.1137,0.2351,0.3550,0.2088,0.3950,0.3159,0.2710,0.2895,0.5730,0.3139,0.3188,0.4022,0.3571,1.0000,0.1566,0.1493
0.2114,0.2513,-0.0192,-0.0735,0.0625,0.0449,0.1434,-0.0518,0.0014,0.1467,0.2235,0.0838,-0.1297,-0.0715,0.0202,0.0344,0.0319,0.3202,0.1615,0.4184,0.2017,0.2542,0.2281,0.3614,0.3193,0.2379,0.1731,0.1346,0.0908,0.2365,0.1486,0.0062,0.1566,1.0000,0.8817
0.1545,0.2031,0.0384,-0.0135,0.0953,0.0733,0.1426,-0.0094,-0.0173,0.1636,0.2352,0.0840,-0.1176,-0.0344,0.0396,0.0630,0.0627,0.3393,0.1646,0.4516,0.1828,0.2419,0.2261,0.3653,0.3503,0.2078,0.1750,0.1322,0.0774,0.2062,0.1565,0.0166,0.1493,0.8817,1.0000
