1.0000,0.7858,0.2890,0.2387,0.1872,-0.2570,-0.0503,-0.2557,0.3435,0.4627,0.5329,0.4510,0.2775,0.1018,0.3460,0.1664,0.1493,0.1462,0.2546,0.2246,0.3605,0.5872,-0.0848,0.5642,0.3524,0.6056,0.5398,0.2937,0.5668,0.4209,0.3823,0.4261,0.4051,0.4136,0.4284
0.7858,1.0000,0.2916,0.2231,0.1817,-0.2683,0.0239,-0.2583,0.2772,0.4308,0.5158,0.4101,0.3185,0.1902,0.3909,0.1907,0.1884,0.1463,0.3159,0.2304,0.4219,0.5146,-0.1360,0.5326,0.3420,0.5668,0.5142,0.3015,0.4621,0.3151,0.2691,0.3443,0.4010,0.3690,0.3722
0.2890,0.2916,1.0000,0.8023,0.4698,-0.1295,0.1135,-0.2015,0.1135,0.3967,0.2644,0.2568,-0.0734,0.1126,0.1939,0.3155,0.3190,0.3843,0.4327,0.4431,0.3817,0.4537,0.0934,0.4617,0.4110,0.3625,0.3688,0.3184,0.1388,0.1234,0.1576,0.1406,0.2245,0.5278,0.5321
0.2387,0.2231,0.8023,1.0000,0.4206,-0.2118,0.1705,-0.2006,0.1176,0.3776,0.2026,0.1185,-0.0773,0.1695,0.1855,0.3332,0.3226,0.4769,0.3457,0.5201,0.3685,0.3923,0.1233,0.3257,0.2966,0.2874,0.2709,0.2867,0.1500,0.1199,0.0627,0.0969,0.1459,0.4485,0.4695
0.1872,0.1817,0.4698,0.4206,1.0000,0.0886,0.1761,-0.0289,0.0603,0.2238,-0.0137,-0.0660,-0.1827,0.2543,0.1312,0.2749,0.5420,0.3214,0.5052,0.1688,0.3623,0.3928,0.2898,0.3286,0.3888,0.2974,0.2861,0.3637,0.0824,0.0818,-0.0147,0.1177,0.3086,0.2076,0.1869
-0.2570,-0.2683,-0.1295,-0.2118,0.0886,1.0000,0.0936,0.2484,-0.1016,-0.1509,-0.2359,-0.1012,-0.1935,-0.0350,-0.1988,-0.1170,0.0249,-0.1851,0.0746,-0.3041,-0.1349,-0.1587,0.1915,-0.0697,0.0377,-0.1197,-0.1735,-0.0195,-0.3157,-0.2471,-0.1852,-0.2086,0.0321,-0.0750,-0.1071
-0.0503,0.0239,0.1135,0.1705,0.1761,0.0936,1.0000,0.2183,0.0306,-0.0035,-0.1543,-0.0792,-0.0511,-0.0606,-0.1641,-0.0327,0.0082,0.0724,0.2889,0.0188,0.2041,-0.0260,-0.0340,-0.0745,0.1775,0.0591,0.0685,0.0463,-0.0271,-0.0496,-0.1584,-0.0396,0.0181,-0.0762,-0.1421
-0.2557,-0.2583,-0.2015,-0.2006,-0.0289,0.2484,0.2183,1.0000,-0.1110,-0.2077,-0.3439,-0.2087,-0.0552,-0.1350,-0.2357,-0.0963,-0.0529,-0.1279,0.0369,-0.2109,-0.1337,-0.2263,0.0581,-0.2693,-0.0736,-0.0489,-0.0563,-0.0753,-0.1036,-0.1089,-0.1909,-0.1187,-0.0839,-0.2968,-0.3464
0.3435,0.2772,0.1135,0.1176,0.0603,-0.1016,0.0306,-0.1110,1.0000,0.5778,0.3640,0.4929,0.4445,-0.1026,0.1848,-0.1006,-0.1724,0.0343,0.1660,-0.0462,0.0673,0.3905,0.0009,0.2918,0.0784,0.3717,0.3766,0.0524,0.4073,0.2543,0.1999,0.3183,0.1660,0.1046,0.1294
0.4627,0.4308,0.3967,0.3776,0.2238,-0.1509,-0.0035,-0.2077,0.5778,1.0000,0.4803,0.5930,0.1860,0.1112,0.3710,0.1583,0.2243,0.1460,0.3321,0.1231,0.3205,0.5808,0.0835,0.4687,0.3503,0.4426,0.4159,0.2516,0.4371,0.3545,0.2689,0.3351,0.3224,0.3366,0.3843
0.5329,0.5158,0.2644,0.2026,-0.0137,-0.2359,-0.1543,-0.3439,0.3640,0.4803,1.0000,0.4052,0.4055,0.1835,0.3981,0.2200,0.0706,0.1222,0.1712,0.1989,0.3294,0.5091,-0.0600,0.5630,0.2175,0.4524,0.4109,0.1844,0.5190,0.5703,0.5278,0.4015,0.3407,0.3097,0.3452
0.4510,0.4101,0.2568,0.1185,-0.0660,-0.1012,-0.0792,-0.2087,0.4929,0.5930,0.4052,1.0000,0.2778,-0.1369,0.2136,-0.0380,-0.1439,-0.0235,0.1624,0.0373,0.1331,0.3514,-0.2002,0.3583,0.2164,0.3536,0.3654,0.0719,0.3491,0.2383,0.3924,0.4348,0.2722,0.2810,0.3221
0.2775,0.3185,-0.0734,-0.0773,-0.1827,-0.1935,-0.0511,-0.0552,0.4445,0.1860,0.4055,0.2778,1.0000,-0.1280,0.0748,-0.1959,-0.2654,-0.1113,-0.0297,-0.0619,-0.0208,0.1546,-0.2202,0.1480,-0.0874,0.2396,0.2205,-0.1657,0.2371,0.1250,0.2289,0.3220,0.0638,-0.0290,-0.0284
0.1018,0.1902,0.1126,0.1695,0.2543,-0.0350,-0.0606,-0.1350,-0.1026,0.1112,0.1835,-0.1369,-0.1280,1.0000,0.5839,0.7089,0.6529,0.3124,0.2234,0.2294,0.3873,0.2339,0.2879,0.2351,0.1119,-0.0069,-0.0171,0.4940,0.0753,0.1820,0.1233,0.0743,0.2789,0.0238,0.0672
0.3460,0.3909,0.1939,0.1855,0.1312,-0.1988,-0.1641,-0.2357,0.1848,0.3710,0.3981,0.2136,0.0748,0.5839,1.0000,0.6036,0.3612,0.2330,0.1816,0.2531,0.4002,0.3566,0.2138,0.3537,0.2072,0.1479,0.1725,0.4477,0.3768,0.4352,0.4224,0.3512,0.3938,0.1908,0.2638
0.1664,0.1907,0.3155,0.3332,0.2749,-0.1170,-0.0327,-0.0963,-0.1006,0.1583,0.2200,-0.0380,-0.1959,0.7089,0.6036,1.0000,0.6297,0.4814,0.3333,0.4419,0.4049,0.2857,0.3158,0.3021,0.2275,0.1192,0.1304,0.4909,0.1387,0.2842,0.3056,0.1262,0.2727,0.2422,0.2983
0.1493,0.1884,0.3190,0.3226,0.5420,0.0249,0.0082,-0.0529,-0.1724,0.2243,0.0706,-0.1439,-0.2654,0.6529,0.3612,0.6297,1.0000,0.3384,0.4413,0.2255,0.3950,0.3716,0.4571,0.3627,0.2963,0.1849,0.1745,0.4753,0.0696,0.0872,0.0152,0.0751,0.3106,0.1271,0.1704
0.1462,0.1463,0.3843,0.4769,0.3214,-0.1851,0.0724,-0.1279,0.0343,0.1460,0.1222,-0.0235,-0.1113,0.3124,0.2330,0.4814,0.3384,1.0000,0.3011,0.7767,0.2075,0.2664,0.1340,0.2094,0.1524,0.2121,0.2494,0.1241,0.0448,0.1305,0.1101,0.0174,0.0009,0.2878,0.2845
0.2546,0.3159,0.4327,0.3457,0.5052,0.0746,0.2889,0.0369,0.1660,0.3321,0.1712,0.1624,-0.0297,0.2234,0.1816,0.3333,0.4413,0.3011,1.0000,0.2072,0.4154,0.3937,0.1919,0.4153,0.5316,0.5024,0.4725,0.3404,0.2030,0.0756,0.0255,0.1590,0.2963,0.2186,0.2062
0.2246,0.2304,0.4431,0.5201,0.1688,-0.3041,0.0188,-0.2109,-0.0462,0.1231,0.1989,0.0373,-0.0619,0.2294,0.2531,0.4419,0.2255,0.7767,0.2072,1.0000,0.1759,0.2300,0.0090,0.2035,0.1392,0.2046,0.2369,0.0869,0.0455,0.1318,0.1863,0.0516,0.0106,0.4558,0.4778
0.3605,0.4219,0.3817,0.3685,0.3623,-0.1349,0.2041,-0.1337,0.0673,0.3205,0.3294,0.1331,-0.0208,0.3873,0.4002,0.4049,0.3950,0.2075,0.4154,0.1759,1.0000,0.4833,0.1605,0.4641,0.6416,0.2861,0.2471,0.5603,0.3526,0.4206,0.2364,0.2227,0.4765,0.3240,0.2950
0.5872,0.5146,0.4537,0.3923,0.3928,-0.1587,-0.0260,-0.2263,0.3905,0.5808,0.5091,0.3514,0.1546,0.2339,0.3566,0.2857,0.3716,0.2664,0.3937,0.2300,0.4833,1.0000,0.3152,0.8149,0.4953,0.5646,0.4814,0.3142,0.3924,0.3782,0.2765,0.2593,0.3523,0.4781,0.4842
-0.0848,-0.1360,0.0934,0.1233,0.2898,0.1915,-0.0340,0.0581,0.0009,0.0835,-0.0600,-0.2002,-0.2202,0.2879,0.2138,0.3158,0.4571,0.1340,0.1919,0.0090,0.1605,0.3152,1.0000,0.3007,0.1666,0.0330,-0.0003,0.3293,0.0715,0.1623,0.0587,-0.0429,0.2435,-0.0336,0.0575
0.5642,0.5326,0.4617,0.3257,0.3286,-0.0697,-0.0745,-0.2693,0.2918,0.4687,0.5630,0.3583,0.1480,0.2351,0.3537,0.3021,0.3627,0.2094,0.4153,0.2035,0.4641,0.8149,0.3007,1.0000,0.5007,0.5483,0.4980,0.3403,0.3764,0.3616,0.3097,0.2416,0.3835,0.4639,0.5030
0.3524,0.3420,0.4110,0.2966,0.3888,0.0377,0.1775,-0.0736,0.0784,0.3503,0.2175,0.2164,-0.0874,0.1119,0.2072,0.2275,0.2963,0.1524,0.5316,0.1392,0.6416,0.4953,0.1666,0.5007,1.0000,0.4335,0.3633,0.4356,0.2625,0.2814,0.1666,0.1500,0.4089,0.3253,0.2965
0.6056,0.5668,0.3625,0.2874,0.2974,-0.1197,0.0591,-0.0489,0.3717,0.4426,0.4524,0.3536,0.2396,-0.0069,0.1479,0.1192,0.1849,0.2121,0.5024,0.2046,0.2861,0.5646,0.0330,0.5483,0.4335,1.0000,0.8709,0.3485,0.5289,0.3386,0.2667,0.3770,0.4014,0.3361,0.3291
0.5398,0.5142,0.3688,0.2709,0.2861,-0.1735,0.0685,-0.0563,0.3766,0.4159,0.4109,0.3654,0.2205,-0.0171,0.1725,0.1304,0.1745,0.2494,0.4725,0.2369,0.2471,0.4814,-0.0003,0.4980,0.3633,0.8709,1.0000,0.3341,0.5164,0.3155,0.2732,0.3841,0.3509,0.3093,0.3139
0.2937,0.3015,0.3184,0.2867,0.3637,-0.0195,0.0463,-0.0753,0.0524,0.2516,0.1844,0.0719,-0.1657,0.4940,0.4477,0.4909,0.4753,0.1241,0.3404,0.0869,0.5603,0.3142,0.3293,0.3403,0.4356,0.3485,0.3341,1.0000,0.4695,0.4686,0.2833,0.2979,0.6505,0.1785,0.1910
0.5668,0.4621,0.1388,0.1500,0.0824,-0.3157,-0.0271,-0.1036,0.4073,0.4371,0.5190,0.3491,0.2371,0.0753,0.3768,0.1387,0.0696,0.0448,0.2030,0.0455,0.3526,0.3924,0.0715,0.3764,0.2625,0.5289,0.5164,0.4695,1.0000,0.7239,0.5590,0.6677,0.5678,0.1594,0.1735
0.4209,0.3151,0.1234,0.1199,0.0818,-0.2471,-0.0496,-0.1089,0.2543,0.3545,0.5703,0.2383,0.1250,0.1820,0.4352,0.2842,0.0872,0.1305,0.0756,0.1318,0.4206,0.3782,0.1623,0.3616,0.2814,0.3386,0.3155,0.4686,0.7239,1.0000,0.7131,0.4808,0.5664,0.1368,0.1773
0.3823,0.2691,0.1576,0.0627,-0.0147,-0.1852,-0.1584,-0.1909,0.1999,0.2689,0.5278,0.3924,0.2289,0.1233,0.4224,0.3056,0.0152,0.1101,0.0255,0.1863,0.2364,0.2765,0.0587,0.3097,0.1666,0.2667,0.2732,0.2833,0.5590,0.7131,1.0000,0.6574,0.5806,0.1848,0.2165
0.4261,0.3443,0.1406,0.0969,0.1177,-0.2086,-0.0396,-0.1187,0.3183,0.3351,0.4015,0.4348,0.3220,0.0743,0.3512,0.1262,0.0751,0.0174,0.1590,0.0516,0.2227,0.2593,-0.0429,0.2416,0.1500,0.3770,0.3841,0.2979,0.6677,0.4808,0.6574,1.0000,0.6325,0.1156,0.0976
0.4051,0.4010,0.2245,0.1459,0.3086,0.0321,0.0181,-0.0839,0.1660,0.3224,0.3407,0.2722,0.0638,0.2789,0.3938,0.2727,0.3106,0.0009,0.2963,0.0106,0.4765,0.3523,0.2435,0.3835,0.4089,0.4014,0.3509,0.6505,0.5678,0.5664,0.5806,0.6325,1.0000,0.1542,0.1502
0.4136,0.3690,0.5278,0.4485,0.2076,-0.0750,-0.0762,-0.2968,0.1046,0.3366,0.3097,0.2810,-0.0290,0.0238,0.1908,0.2422,0.1271,0.2878,0.2186,0.4558,0.3240,0.4781,-0.0336,0.4639,0.3253,0.3361,0.3093,0.1785,0.1594,0.1368,0.1848,0.1156,0.1542,1.0000,0.8765
0.4284,0.3722,0.5321,0.4695,0.1869,-0.1071,-0.1421,-0.3464,0.1294,0.3843,0.3452,0.3221,-0.0284,0.0672,0.2638,0.2983,0.1704,0.2845,0.2062,0.4778,0.2950,0.4842,0.0575,0.5030,0.2965,0.3291,0.3139,0.1910,0.1735,0.1773,0.2165,0.0976,0.1502,0.8765,1.0000
