1.0000,0.8054,0.0204,-0.0315,0.0299,-0.0011,-0.2027,0.0397,0.4139,0.3678,0.3538,0.1622,0.3302,0.0139,0.2338,0.0955,0.2265,-0.0613,-0.0427,-0.1401,0.2484,0.5916,0.2176,0.4642,0.2043,0.4651,0.4029,0.1802,0.0300,0.0785,0.1024,-0.0619,-0.0349,0.1429,0.0944
0.8054,1.0000,0.0425,-0.0270,0.0579,-0.0012,-0.1963,0.0496,0.3880,0.3556,0.3446,0.1715,0.2677,0.0114,0.2233,0.0746,0.2150,-0.1220,-0.0546,-0.1677,0.2029,0.5461,0.2212,0.5856,0.1603,0.4126,0.3831,0.1990,0.0189,0.1102,0.1758,-0.0051,0.0020,0.0569,0.0292
0.0204,0.0425,1.0000,0.8893,0.2723,0.2613,0.4116,0.1795,0.0359,0.0292,0.1733,0.0463,-0.0679,0.0663,0.1511,0.2540,0.1713,0.1861,0.1950,0.1608,0.1853,0.1612,0.1978,0.2319,0.1133,0.0728,0.0405,0.1402,0.0865,0.1117,0.1544,0.0663,0.1246,0.0863,0.1218
-0.0315,-0.0270,0.8893,1.0000,0.2355,0.2235,0.4279,0.1210,0.0293,0.0219,0.1366,0.0093,-0.0740,0.0609,0.1549,0.2258,0.1220,0.2074,0.2086,0.1992,0.1477,0.0987,0.1291,0.1398,0.0573,0.0400,-0.0006,0.1189,0.0928,0.0945,0.1146,0.0437,0.1225,0.0658,0.1129
0.0299,0.0579,0.2723,0.2355,1.0000,0.1047,0.0894,0.0944,0.1132,0.1382,0.3674,-0.0439,-0.0120,0.1203,0.1034,0.4204,0.3589,0.2395,0.1748,0.2190,0.2760,0.4521,0.2244,0.4042,0.0719,0.2287,0.1910,0.1290,-0.0432,-0.0311,-0.0942,-0.1003,0.0829,0.2913,0.1804
-0.0011,-0.0012,0.2613,0.2235,0.1047,1.0000,0.2367,0.4577,-0.0933,-0.0101,0.0113,0.0191,-0.0576,-0.0491,0.0950,0.1460,0.1318,0.1887,0.0056,0.0303,0.0627,0.1373,0.0894,0.0296,0.1053,0.1839,0.0836,-0.0702,0.1506,0.0527,-0.0833,-0.0874,-0.1502,0.1731,0.1484
-0.2027,-0.1963,0.4116,0.4279,0.0894,0.2367,1.0000,0.3782,-0.1488,-0.2198,-0.0775,-0.1713,-0.1447,-0.1211,0.0042,-0.0794,-0.1465,0.1298,0.0813,0.1404,0.1052,-0.2109,-0.2249,-0.1502,-0.0281,-0.1908,-0.1484,-0.0955,-0.0461,-0.0213,-0.0117,-0.1209,0.0762,-0.1271,-0.1062
0.0397,0.0496,0.1795,0.1210,0.0944,0.4577,0.3782,1.0000,-0.0957,-0.1120,-0.0329,-0.0769,-0.2346,-0.1230,0.0534,0.0244,0.0414,0.0682,0.0793,0.0394,0.1188,0.0474,0.0048,-0.0013,0.0487,0.0530,0.1099,-0.0627,-0.0201,-0.0131,-0.0620,-0.0811,-0.0530,0.0133,0.0334
0.4139,0.3880,0.0359,0.0293,0.1132,-0.0933,-0.1488,-0.0957,1.0000,0.4777,0.5437,-0.0273,0.3962,0.1059,0.0827,0.1201,0.2633,0.0861,0.0243,0.0429,0.1003,0.3030,0.1227,0.2356,0.1000,0.4991,0.4927,0.2564,-0.0508,0.0300,0.0067,-0.1679,0.0637,0.0824,0.1004
0.3678,0.3556,0.0292,0.0219,0.1382,-0.0101,-0.2198,-0.1120,0.4777,1.0000,0.4174,0.4821,0.1740,0.1346,0.3932,0.1149,0.1588,0.0166,-0.0812,-0.0386,0.0706,0.3204,0.0723,0.2481,0.0866,0.3275,0.3016,0.2660,0.3189,0.2826,0.0981,0.1675,0.0100,0.2911,0.3172
0.3538,0.3446,0.1733,0.1366,0.3674,0.0113,-0.0775,-0.0329,0.5437,0.4174,1.0000,0.0246,0.3233,0.1796,0.2262,0.4679,0.3962,0.1054,-0.0064,0.0844,0.1387,0.4451,0.1599,0.3819,0.0720,0.4080,0.3818,0.1972,-0.0423,0.0993,0.0663,-0.1328,0.0891,0.3302,0.3191
0.1622,0.1715,0.0463,0.0093,-0.0439,0.0191,-0.1713,-0.0769,-0.0273,0.4821,0.0246,1.0000,-0.1440,-0.0839,0.2653,-0.1422,-0.2288,-0.0828,-0.1020,-0.0738,0.0368,0.1080,0.0528,0.1784,0.1452,-0.0529,-0.0517,0.1783,0.4720,0.4169,0.4010,0.5309,0.1363,0.0626,0.0975
0.3302,0.2677,-0.0679,-0.0740,-0.0120,-0.0576,-0.1447,-0.2346,0.3962,0.1740,0.3233,-0.1440,1.0000,0.0365,-0.0647,0.0736,0.1294,0.0641,-0.0331,-0.0071,0.0725,0.2406,0.0944,0.1908,0.0687,0.3943,0.3770,0.0257,-0.1406,-0.2035,-0.0960,-0.1159,-0.0040,0.1015,0.0581
0.0139,0.0114,0.0663,0.0609,0.1203,-0.0491,-0.1211,-0.1230,0.1059,0.1346,0.1796,-0.0839,0.0365,1.0000,0.4100,0.5960,0.4844,0.1517,0.0731,0.1973,0.1773,0.0924,0.3739,0.0820,0.1923,-0.0668,-0.0939,0.2283,0.1082,0.1347,0.1892,0.1242,0.1381,0.2822,0.2685
0.2338,0.2233,0.1511,0.1549,0.1034,0.0950,0.0042,0.0534,0.0827,0.3932,0.2262,0.2653,-0.0647,0.4100,1.0000,0.3647,0.2500,0.0358,-0.0097,0.0958,0.2665,0.1863,0.2377,0.1121,0.2327,-0.0521,-0.0731,0.3328,0.3928,0.3808,0.3017,0.2788,0.2068,0.2067,0.2589
0.0955,0.0746,0.2540,0.2258,0.4204,0.1460,-0.0794,0.0244,0.1201,0.1149,0.4679,-0.1422,0.0736,0.5960,0.3647,1.0000,0.6970,0.2974,0.1964,0.3444,0.1988,0.3435,0.4788,0.2512,0.1727,0.1450,0.0961,0.1561,0.0370,0.0299,0.0889,0.0571,0.1200,0.4203,0.4083
0.2265,0.2150,0.1713,0.1220,0.3589,0.1318,-0.1465,0.0414,0.2633,0.1588,0.3962,-0.2288,0.1294,0.4844,0.2500,0.6970,1.0000,0.1923,0.2136,0.2822,0.2219,0.3695,0.5142,0.2954,0.2188,0.2631,0.2069,0.1634,-0.1708,-0.0943,0.0005,-0.1130,0.1072,0.4265,0.3785
-0.0613,-0.1220,0.1861,0.2074,0.2395,0.1887,0.1298,0.0682,0.0861,0.0166,0.1054,-0.0828,0.0641,0.1517,0.0358,0.2974,0.1923,1.0000,0.5202,0.6544,0.3017,0.1972,0.2540,0.1564,0.3432,0.1304,0.1126,0.1243,0.0109,-0.0767,-0.0393,-0.0528,0.1659,0.0658,0.1169
-0.0427,-0.0546,0.1950,0.2086,0.1748,0.0056,0.0813,0.0793,0.0243,-0.0812,-0.0064,-0.1020,-0.0331,0.0731,-0.0097,0.1964,0.2136,0.5202,1.0000,0.5732,0.2158,0.0884,0.1864,0.0804,0.1298,0.1505,0.2126,0.2219,-0.1233,-0.1587,-0.0170,-0.0080,0.2677,0.0604,0.1415
-0.1401,-0.1677,0.1608,0.1992,0.2190,0.0303,0.1404,0.0394,0.0429,-0.0386,0.0844,-0.0738,-0.0071,0.1973,0.0958,0.3444,0.2822,0.6544,0.5732,1.0000,0.2066,0.0882,0.2464,0.0715,0.1619,-0.0032,0.0214,0.2828,0.0220,-0.0526,0.1321,0.1202,0.4894,0.1408,0.2526
0.2484,0.2029,0.1853,0.1477,0.2760,0.0627,0.1052,0.1188,0.1003,0.0706,0.1387,0.0368,0.0725,0.1773,0.2665,0.1988,0.2219,0.3017,0.2158,0.2066,1.0000,0.3821,0.3945,0.3621,0.6200,0.0709,0.0829,0.2576,0.0541,0.0632,0.1181,-0.0045,0.1591,0.0558,0.0524
0.5916,0.5461,0.1612,0.0987,0.4521,0.1373,-0.2109,0.0474,0.3030,0.3204,0.4451,0.1080,0.2406,0.0924,0.1863,0.3435,0.3695,0.1972,0.0884,0.0882,0.3821,1.0000,0.3814,0.7323,0.2814,0.4721,0.3869,0.2373,0.0348,0.0958,0.0178,-0.1039,-0.0125,0.2770,0.2087
0.2176,0.2212,0.1978,0.1291,0.2244,0.0894,-0.2249,0.0048,0.1227,0.0723,0.1599,0.0528,0.0944,0.3739,0.2377,0.4788,0.5142,0.2540,0.1864,0.2464,0.3945,0.3814,1.0000,0.4262,0.4241,0.0791,0.0317,0.2656,0.1199,0.0553,0.1913,0.1500,0.1959,0.1349,0.1531
0.4642,0.5856,0.2319,0.1398,0.4042,0.0296,-0.1502,-0.0013,0.2356,0.2481,0.3819,0.1784,0.1908,0.0820,0.1121,0.2512,0.2954,0.1564,0.0804,0.0715,0.3621,0.7323,0.4262,1.0000,0.3137,0.2940,0.2552,0.2691,0.0340,0.1163,0.2089,0.0357,0.1490,0.0769,0.0612
0.2043,0.1603,0.1133,0.0573,0.0719,0.1053,-0.0281,0.0487,0.1000,0.0866,0.0720,0.1452,0.0687,0.1923,0.2327,0.1727,0.2188,0.3432,0.1298,0.1619,0.6200,0.2814,0.4241,0.3137,1.0000,0.0554,0.0391,0.2530,0.1044,0.0481,0.1559,0.0799,0.1554,-0.0434,0.0178
0.4651,0.4126,0.0728,0.0400,0.2287,0.1839,-0.1908,0.0530,0.4991,0.3275,0.4080,-0.0529,0.3943,-0.0668,-0.0521,0.1450,0.2631,0.1304,0.1505,-0.0032,0.0709,0.4721,0.0791,0.2940,0.0554,1.0000,0.8274,0.0304,-0.1461,-0.2174,-0.2500,-0.2134,-0.1667,0.2405,0.1945
0.4029,0.3831,0.0405,-0.0006,0.1910,0.0836,-0.1484,0.1099,0.4927,0.3016,0.3818,-0.0517,0.3770,-0.0939,-0.0731,0.0961,0.2069,0.1126,0.2126,0.0214,0.0829,0.3869,0.0317,0.2552,0.0391,0.8274,1.0000,0.0323,-0.1857,-0.2407,-0.2255,-0.1536,-0.0872,0.1876,0.1665
0.1802,0.1990,0.1402,0.1189,0.1290,-0.0702,-0.0955,-0.0627,0.2564,0.2660,0.1972,0.1783,0.0257,0.2283,0.3328,0.1561,0.1634,0.1243,0.2219,0.2828,0.2576,0.2373,0.2656,0.2691,0.2530,0.0304,0.0323,1.0000,0.3041,0.3832,0.3788,0.1536,0.5507,0.1468,0.2349
0.0300,0.0189,0.0865,0.0928,-0.0432,0.1506,-0.0461,-0.0201,-0.0508,0.3189,-0.0423,0.4720,-0.1406,0.1082,0.3928,0.0370,-0.1708,0.0109,-0.1233,0.0220,0.0541,0.0348,0.1199,0.0340,0.1044,-0.1461,-0.1857,0.3041,1.0000,0.6573,0.4339,0.5685,0.2203,0.0093,0.0896
0.0785,0.1102,0.1117,0.0945,-0.0311,0.0527,-0.0213,-0.0131,0.0300,0.2826,0.0993,0.4169,-0.2035,0.1347,0.3808,0.0299,-0.0943,-0.0767,-0.1587,-0.0526,0.0632,0.0958,0.0553,0.1163,0.0481,-0.2174,-0.2407,0.3832,0.6573,1.0000,0.6441,0.4013,0.2722,-0.0132,0.0324
0.1024,0.1758,0.1544,0.1146,-0.0942,-0.0833,-0.0117,-0.0620,0.0067,0.0981,0.0663,0.4010,-0.0960,0.1892,0.3017,0.0889,0.0005,-0.0393,-0.0170,0.1321,0.1181,0.0178,0.1913,0.2089,0.1559,-0.2500,-0.2255,0.3788,0.4339,0.6441,1.0000,0.5732,0.5203,-0.1549,-0.0723
-0.0619,-0.0051,0.0663,0.0437,-0.1003,-0.0874,-0.1209,-0.0811,-0.1679,0.1675,-0.1328,0.5309,-0.1159,0.1242,0.2788,0.0571,-0.1130,-0.0528,-0.0080,0.1202,-0.0045,-0.1039,0.1500,0.0357,0.0799,-0.2134,-0.1536,0.1536,0.5685,0.4013,0.5732,1.0000,0.3365,-0.0867,0.0008
-0.0349,0.0020,0.1246,0.1225,0.0829,-0.1502,0.0762,-0.0530,0.0637,0.0100,0.0891,0.1363,-0.0040,0.1381,0.2068,0.1200,0.1072,0.1659,0.2677,0.4894,0.1591,-0.0125,0.1959,0.1490,0.1554,-0.1667,-0.0872,0.5507,0.2203,0.2722,0.5203,0.3365,1.0000,-0.0067,0.1270
0.1429,0.0569,0.0863,0.0658,0.2913,0.1731,-0.1271,0.0133,0.0824,0.2911,0.3302,0.0626,0.1015,0.2822,0.2067,0.4203,0.4265,0.0658,0.0604,0.1408,0.0558,0.2770,0.1349,0.0769,-0.0434,0.2405,0.1876,0.1468,0.0093,-0.0132,-0.1549,-0.0867,-0.0067,1.0000,0.8075
0.0944,0.0292,0.1218,0.1129,0.1804,0.1484,-0.1062,0.0334,0.1004,0.3172,0.3191,0.0975,0.0581,0.2685,0.2589,0.4083,0.3785,0.1169,0.1415,0.2526,0.0524,0.2087,0.1531,0.0612,0.0178,0.1945,0.1665,0.2349,0.0896,0.0324,-0.0723,0.0008,0.1270,0.8075,1.0000
