0.000000,0.858245,0.100012,0.120134,0.530989,-0.073469,0.026830,-0.387147,0.247827,0.230305,0.512554,0.238106,0.226282,0.189481,0.151769,0.123508,0.266419,0.304190,0.156284,0.293418,0.399372,0.621712,0.004124,0.575891,0.145235,0.563410,0.530913,0.345055,0.435120,0.431268,0.357330,0.362808,0.222728,0.599647,0.567991
0.858245,0.000000,0.168871,0.176096,0.611819,-0.088294,-0.004087,-0.394401,0.325138,0.352885,0.591606,0.330885,0.279480,0.352262,0.314956,0.163397,0.372656,0.357164,0.260452,0.294734,0.512673,0.728332,0.075793,0.718852,0.282468,0.577868,0.602033,0.416891,0.545416,0.537671,0.470904,0.524544,0.347586,0.649254,0.611278
0.100012,0.168871,0.000000,0.840820,0.616149,-0.059924,-0.019926,-0.323992,0.169866,0.330528,0.491374,0.522741,-0.064927,0.453691,0.307814,0.545741,0.612644,0.706254,0.384350,0.574155,0.494378,0.454775,0.261118,0.515299,0.337062,0.343555,0.453372,0.374769,0.177176,0.349166,0.441557,0.352153,0.455965,0.552243,0.455017
0.120134,0.176096,0.840820,0.000000,0.523354,-0.101573,-0.030031,-0.240121,0.277974,0.408276,0.445813,0.386481,-0.145604,0.496751,0.402649,0.581592,0.615936,0.674969,0.240483,0.599282,0.411649,0.449829,0.217827,0.454975,0.175887,0.355188,0.454308,0.424849,0.219975,0.459064,0.399978,0.246114,0.448207,0.573569,0.534767
0.530989,0.611819,0.616149,0.523354,0.000000,-0.144299,0.070119,-0.445892,0.276850,0.377834,0.732035,0.475657,0.140575,0.447302,0.289215,0.313184,0.547624,0.632989,0.335373,0.544091,0.611360,0.748281,0.106350,0.771852,0.322640,0.599138,0.697517,0.503415,0.496002,0.482214,0.448050,0.488311,0.484166,0.707800,0.612887
-0.073469,-0.088294,-0.059924,-0.101573,-0.144299,0.000000,0.254732,0.141492,-0.242568,-0.145470,-0.191064,-0.032871,-0.017116,-0.022847,-0.055637,0.060508,-0.089188,-0.000934,-0.088192,0.014585,-0.330388,-0.300705,-0.117010,-0.203078,-0.126565,-0.128661,-0.222027,-0.248341,-0.106425,-0.197407,0.024961,0.020861,-0.174838,-0.113625,-0.138311
0.026830,-0.004087,-0.019926,-0.030031,0.070119,0.254732,0.000000,0.123940,-0.127685,-0.170714,0.026486,-0.070256,-0.007090,-0.092312,-0.210795,-0.120737,-0.024855,-0.048777,-0.154103,-0.024093,-0.116673,-0.015180,0.050443,0.002085,-0.020776,0.024321,0.018339,-0.084826,-0.014688,-0.186186,-0.119472,-0.000639,-0.021499,-0.066101,-0.081175
-0.387147,-0.394401,-0.323992,-0.240121,-0.445892,0.141492,0.123940,0.000000,-0.188573,-0.259433,-0.387125,-0.309635,-0.120136,-0.375204,-0.315177,-0.131788,-0.269367,-0.331627,-0.206155,-0.294366,-0.443053,-0.502043,-0.152292,-0.490714,-0.237172,-0.242422,-0.336096,-0.385121,-0.290990,-0.303566,-0.313458,-0.358059,-0.318483,-0.445905,-0.433387
0.247827,0.325138,0.169866,0.277974,0.276850,-0.242568,-0.127685,-0.188573,0.000000,0.666526,0.372700,0.370329,0.197413,0.320792,0.514496,0.121281,0.233257,0.097119,-0.089517,0.069545,0.352274,0.491217,-0.095766,0.411862,0.123366,0.247093,0.328162,0.571989,0.510363,0.686277,0.341666,0.257879,0.486153,0.328287,0.348505
0.230305,0.352885,0.330528,0.408276,0.377834,-0.145470,-0.170714,-0.259433,0.666526,0.000000,0.460540,0.482211,0.186133,0.480606,0.669296,0.362136,0.442326,0.238438,0.004973,0.150476,0.427469,0.540088,0.117639,0.479926,0.179256,0.103230,0.271264,0.565555,0.546891,0.693477,0.443252,0.369609,0.581970,0.377614,0.394910
0.512554,0.591606,0.491374,0.445813,0.732035,-0.191064,0.026486,-0.387125,0.372700,0.460540,0.000000,0.518089,0.300982,0.415618,0.375203,0.354897,0.429951,0.472011,0.243179,0.381995,0.613257,0.701872,0.001123,0.698803,0.310621,0.486702,0.581256,0.555460,0.525033,0.547047,0.513146,0.543172,0.535551,0.706441,0.625486
0.238106,0.330885,0.522741,0.386481,0.475657,-0.032871,-0.070256,-0.309635,0.370329,0.482211,0.518089,0.000000,0.325583,0.331627,0.378598,0.366417,0.411097,0.389188,0.210188,0.335799,0.545622,0.499642,0.082572,0.587272,0.375322,0.197190,0.334838,0.481233,0.492094,0.483142,0.696836,0.633656,0.618395,0.472407,0.382686
0.226282,0.279480,-0.064927,-0.145604,0.140575,-0.017116,-0.007090,-0.120136,0.197413,0.186133,0.300982,0.325583,0.000000,0.019334,0.148289,-0.083049,-0.155294,-0.192623,-0.101058,-0.204973,0.159589,0.177468,-0.071865,0.256608,0.131766,-0.083491,0.040161,0.215839,0.260299,0.174863,0.411315,0.299646,0.310185,0.066405,0.055457
0.189481,0.352262,0.453691,0.496751,0.447302,-0.022847,-0.092312,-0.375204,0.320792,0.480606,0.415618,0.331627,0.019334,0.000000,0.695921,0.390919,0.650014,0.404863,0.272145,0.256761,0.522667,0.517910,0.249603,0.528994,0.331536,0.239823,0.337153,0.421488,0.428087,0.392560,0.323323,0.345377,0.435833,0.501066,0.521449
0.151769,0.314956,0.307814,0.402649,0.289215,-0.055637,-0.210795,-0.315177,0.514496,0.669296,0.375203,0.378598,0.148289,0.695921,0.000000,0.400158,0.445463,0.213879,0.087252,0.142504,0.386479,0.480201,0.083223,0.436579,0.193507,0.092779,0.234911,0.511734,0.462400,0.625551,0.469453,0.370332,0.574517,0.377976,0.434188
0.123508,0.163397,0.545741,0.581592,0.313184,0.060508,-0.120737,-0.131788,0.121281,0.362136,0.354897,0.366417,-0.083049,0.390919,0.400158,0.000000,0.564635,0.522968,0.253192,0.450973,0.209076,0.321554,0.273179,0.351143,0.200744,0.177323,0.169807,0.203839,0.088623,0.440100,0.500709,0.245290,0.236755,0.545558,0.550436
0.266419,0.372656,0.612644,0.615936,0.547624,-0.089188,-0.024855,-0.269367,0.233257,0.442326,0.429951,0.411097,-0.155294,0.650014,0.445463,0.564635,0.000000,0.589643,0.334520,0.456335,0.567220,0.563525,0.426380,0.593428,0.420180,0.318258,0.404216,0.404979,0.352818,0.490176,0.426004,0.405814,0.436461,0.606932,0.575908
0.304190,0.357164,0.706254,0.674969,0.632989,-0.000934,-0.048777,-0.331627,0.097119,0.238438,0.472011,0.389188,-0.192623,0.404863,0.213879,0.522968,0.589643,0.000000,0.556101,0.842817,0.464746,0.493281,0.338392,0.537075,0.307141,0.546244,0.563658,0.279573,0.247964,0.358908,0.404518,0.380414,0.253592,0.677013,0.614798
0.156284,0.260452,0.384350,0.240483,0.335373,-0.088192,-0.154103,-0.206155,-0.089517,0.004973,0.243179,0.210188,-0.101058,0.272145,0.087252,0.253192,0.334520,0.556101,0.000000,0.412957,0.414317,0.288814,0.429836,0.337669,0.510354,0.333451,0.399573,0.024105,0.155426,0.101120,0.226736,0.344094,0.071047,0.370305,0.297839
0.293418,0.294734,0.574155,0.599282,0.544091,0.014585,-0.024093,-0.294366,0.069545,0.150476,0.381995,0.335799,-0.204973,0.256761,0.142504,0.450973,0.456335,0.842817,0.412957,0.000000,0.369073,0.415582,0.194197,0.458122,0.159031,0.530103,0.540724,0.237402,0.179403,0.328659,0.374068,0.328032,0.168183,0.626446,0.586643
0.399372,0.512673,0.494378,0.411649,0.611360,-0.330388,-0.116673,-0.443053,0.352274,0.427469,0.613257,0.545622,0.159589,0.522667,0.386479,0.209076,0.567220,0.464746,0.414317,0.369073,0.000000,0.739154,0.227151,0.766886,0.578286,0.389181,0.524424,0.559683,0.493561,0.475633,0.486001,0.526762,0.567858,0.658279,0.612573
0.621712,0.728332,0.454775,0.449829,0.748281,-0.300705,-0.015180,-0.502043,0.491217,0.540088,0.701872,0.499642,0.177468,0.517910,0.480201,0.321554,0.563525,0.493281,0.288814,0.415582,0.739154,0.000000,0.146686,0.900297,0.427379,0.539991,0.661553,0.663055,0.645643,0.710981,0.605706,0.601788,0.609982,0.754050,0.711827
0.004124,0.075793,0.261118,0.217827,0.106350,-0.117010,0.050443,-0.152292,-0.095766,0.117639,0.001123,0.082572,-0.071865,0.249603,0.083223,0.273179,0.426380,0.338392,0.429836,0.194197,0.227151,0.146686,0.000000,0.174323,0.259638,0.031845,0.150274,0.055918,0.081869,0.096122,0.157437,0.161067,0.087282,0.135221,0.140271
0.575891,0.718852,0.515299,0.454975,0.771852,-0.203078,0.002085,-0.490714,0.411862,0.479926,0.698803,0.587272,0.256608,0.528994,0.436579,0.351143,0.593428,0.537075,0.337669,0.458122,0.766886,0.900297,0.174323,0.000000,0.554537,0.530568,0.648257,0.613793,0.586619,0.638696,0.668795,0.665215,0.604277,0.776783,0.724355
0.145235,0.282468,0.337062,0.175887,0.322640,-0.126565,-0.020776,-0.237172,0.123366,0.179256,0.310621,0.375322,0.131766,0.331536,0.193507,0.200744,0.420180,0.307141,0.510354,0.159031,0.578286,0.427379,0.259638,0.554537,0.000000,0.191252,0.250636,0.225923,0.205647,0.209251,0.378372,0.438294,0.309877,0.388627,0.340509
0.563410,0.577868,0.343555,0.355188,0.599138,-0.128661,0.024321,-0.242422,0.247093,0.103230,0.486702,0.197190,-0.083491,0.239823,0.092779,0.177323,0.318258,0.546244,0.333451,0.530103,0.389181,0.539991,0.031845,0.530568,0.191252,0.000000,0.806037,0.173827,0.338652,0.314787,0.267331,0.383024,0.152701,0.624904,0.573869
0.530913,0.602033,0.453372,0.454308,0.697517,-0.222027,0.018339,-0.336096,0.328162,0.271264,0.581256,0.334838,0.040161,0.337153,0.234911,0.169807,0.404216,0.563658,0.399573,0.540724,0.524424,0.661553,0.150274,0.648257,0.250636,0.806037,0.000000,0.390166,0.453983,0.453987,0.393831,0.482533,0.393243,0.599469,0.532924
0.345055,0.416891,0.374769,0.424849,0.503415,-0.248341,-0.084826,-0.385121,0.571989,0.565555,0.555460,0.481233,0.215839,0.421488,0.511734,0.203839,0.404979,0.279573,0.024105,0.237402,0.559683,0.663055,0.055918,0.613793,0.225923,0.173827,0.390166,0.000000,0.597984,0.711835,0.524045,0.426230,0.754375,0.460036,0.440494
0.435120,0.545416,0.177176,0.219975,0.496002,-0.106425,-0.014688,-0.290990,0.510363,0.546891,0.525033,0.492094,0.260299,0.428087,0.462400,0.088623,0.352818,0.247964,0.155426,0.179403,0.493561,0.645643,0.081869,0.586619,0.205647,0.338652,0.453983,0.597984,0.000000,0.612564,0.500223,0.654293,0.639845,0.477281,0.444221
0.431268,0.537671,0.349166,0.459064,0.482214,-0.197407,-0.186186,-0.303566,0.686277,0.693477,0.547047,0.483142,0.174863,0.392560,0.625551,0.440100,0.490176,0.358908,0.101120,0.328659,0.475633,0.710981,0.096122,0.638696,0.209251,0.314787,0.453987,0.711835,0.612564,0.000000,0.693497,0.511040,0.646623,0.580619,0.594495
0.357330,0.470904,0.441557,0.399978,0.448050,0.024961,-0.119472,-0.313458,0.341666,0.443252,0.513146,0.696836,0.411315,0.323323,0.469453,0.500709,0.426004,0.404518,0.226736,0.374068,0.486001,0.605706,0.157437,0.668795,0.378372,0.267331,0.393831,0.524045,0.500223,0.693497,0.000000,0.717689,0.641518,0.572161,0.557955
0.362808,0.524544,0.352153,0.246114,0.488311,0.020861,-0.000639,-0.358059,0.257879,0.369609,0.543172,0.633656,0.299646,0.345377,0.370332,0.245290,0.405814,0.380414,0.344094,0.328032,0.526762,0.601788,0.161067,0.665215,0.438294,0.383024,0.482533,0.426230,0.654293,0.511040,0.717689,0.000000,0.601882,0.542245,0.468904
0.222728,0.347586,0.455965,0.448207,0.484166,-0.174838,-0.021499,-0.318483,0.486153,0.581970,0.535551,0.618395,0.310185,0.435833,0.574517,0.236755,0.436461,0.253592,0.071047,0.168183,0.567858,0.609982,0.087282,0.604277,0.309877,0.152701,0.393243,0.754375,0.639845,0.646623,0.641518,0.601882,0.000000,0.413922,0.388127
0.599647,0.649254,0.552243,0.573569,0.707800,-0.113625,-0.066101,-0.445905,0.328287,0.377614,0.706441,0.472407,0.066405,0.501066,0.377976,0.545558,0.606932,0.677013,0.370305,0.626446,0.658279,0.754050,0.135221,0.776783,0.388627,0.624904,0.599469,0.460036,0.477281,0.580619,0.572161,0.542245,0.413922,0.000000,0.907657
0.567991,0.611278,0.455017,0.534767,0.612887,-0.138311,-0.081175,-0.433387,0.348505,0.394910,0.625486,0.382686,0.055457,0.521449,0.434188,0.550436,0.575908,0.614798,0.297839,0.586643,0.612573,0.711827,0.140271,0.724355,0.340509,0.573869,0.532924,0.440494,0.444221,0.594495,0.557955,0.468904,0.388127,0.907657,0.000000
