0.000000,0.825012,0.243333,0.104239,0.242129,-0.089946,-0.086651,-0.163712,0.030105,0.167064,0.335487,0.353274,0.040927,-0.020347,0.244791,0.067176,-0.155932,0.258233,0.084176,0.139731,0.476457,0.587626,0.270116,0.590376,0.467731,0.407267,0.386846,0.224286,0.065206,0.233799,0.318635,0.223842,0.169860,0.286014,0.329755
0.825012,0.000000,0.296597,0.166352,0.218657,-0.046656,-0.121069,-0.147654,0.091314,0.176789,0.290574,0.362500,0.054373,0.032149,0.378065,0.157868,-0.059179,0.225723,0.048213,0.100827,0.470492,0.545353,0.355212,0.658519,0.479670,0.333628,0.330734,0.267746,0.032568,0.269321,0.413788,0.269506,0.172229,0.288972,0.305268
0.243333,0.296597,0.000000,0.805098,0.153934,0.187604,-0.100811,-0.139200,0.059607,0.170068,0.133340,0.234489,0.054580,0.136488,0.199072,0.199703,0.219815,0.485670,0.008708,0.229086,0.534180,0.302951,0.369974,0.441133,0.529578,0.008153,0.075305,0.311690,0.136244,0.274836,0.391423,0.359596,0.046221,0.352431,0.318619
0.104239,0.166352,0.805098,0.000000,0.153426,0.291606,0.045958,-0.058565,0.140672,0.299544,0.154464,0.233746,-0.036645,0.192114,0.237740,0.220862,0.267383,0.354319,-0.029747,0.140403,0.324456,0.276620,0.298538,0.324217,0.299172,-0.008606,0.051853,0.189031,0.163517,0.224099,0.249876,0.203784,-0.074169,0.368563,0.308619
0.242129,0.218657,0.153934,0.153426,0.000000,0.077379,-0.030229,-0.192536,-0.004981,0.161571,0.253828,0.232923,-0.054620,0.208743,0.077966,0.267557,0.053371,0.118044,0.060441,0.022430,0.221464,0.425687,0.201483,0.310903,0.166399,0.207353,0.258589,0.101251,0.024911,0.143299,0.196298,0.147369,0.036994,0.389223,0.357435
-0.089946,-0.046656,0.187604,0.291606,0.077379,0.000000,-0.020873,0.077057,0.027145,0.067329,-0.078715,-0.006724,-0.230182,0.289870,0.233813,0.352829,0.403700,0.110766,-0.101201,0.124033,0.048988,0.106688,0.131002,0.083424,0.051981,0.143994,0.097089,0.009053,0.050766,0.010839,-0.022202,0.010846,-0.105622,0.127845,0.092618
-0.086651,-0.121069,-0.100811,0.045958,-0.030229,-0.020873,0.000000,-0.004670,-0.099829,-0.043019,-0.036966,-0.089037,-0.121599,-0.118920,-0.029569,-0.082529,0.006112,-0.065150,0.111386,0.022269,-0.252816,-0.020503,-0.191070,-0.163385,-0.282048,-0.050919,-0.075434,-0.128054,-0.049888,0.041179,-0.130213,-0.123294,-0.046554,-0.138410,-0.148947
-0.163712,-0.147654,-0.139200,-0.058565,-0.192536,0.077057,-0.004670,0.000000,0.027918,-0.008568,-0.147523,-0.034702,-0.021839,-0.120564,-0.147444,-0.120307,-0.116915,-0.258428,0.036935,-0.225153,-0.205825,-0.135293,-0.114258,-0.146343,-0.178894,-0.004149,0.019382,-0.125550,-0.034790,-0.153509,-0.197038,-0.099960,-0.155889,-0.100451,-0.106434
0.030105,0.091314,0.059607,0.140672,-0.004981,0.027145,-0.099829,0.027918,0.000000,0.541790,0.479585,0.343170,0.189980,0.254438,0.142258,0.059542,-0.091666,-0.067733,-0.079661,-0.224964,0.148406,0.125015,0.284304,0.122208,0.084208,0.191375,0.201534,0.216054,0.345562,0.348734,0.238665,-0.080970,0.040020,0.262967,0.215455
0.167064,0.176789,0.170068,0.299544,0.161571,0.067329,-0.043019,-0.008568,0.541790,0.000000,0.529026,0.617763,0.118682,0.241197,0.241648,0.123949,-0.012914,0.056673,0.015261,-0.080012,0.146510,0.279244,0.178604,0.229035,0.077381,0.268798,0.272985,0.070977,0.270136,0.246647,0.212678,0.015648,-0.028882,0.322272,0.314548
0.335487,0.290574,0.133340,0.154464,0.253828,-0.078715,-0.036966,-0.147523,0.479585,0.529026,0.000000,0.498716,0.288684,0.231945,0.127704,0.198086,-0.153389,0.103911,0.029215,0.013739,0.208965,0.267975,0.152111,0.242626,0.171295,0.250099,0.256585,0.112580,0.212830,0.370350,0.356566,-0.041718,0.170286,0.301732,0.317936
0.353274,0.362500,0.234489,0.233746,0.232923,-0.006724,-0.089037,-0.034702,0.343170,0.617763,0.498716,0.000000,0.209910,0.171280,0.235221,0.108010,-0.007342,-0.000701,0.049094,-0.122637,0.194834,0.329820,0.209286,0.404657,0.203765,0.288749,0.325957,0.035329,0.124992,0.090517,0.252914,0.127390,0.055379,0.256588,0.271191
0.040927,0.054373,0.054580,-0.036645,-0.054620,-0.230182,-0.121599,-0.021839,0.189980,0.118682,0.288684,0.209910,0.000000,0.018108,-0.115883,-0.063774,-0.129749,-0.156566,-0.125309,-0.147334,0.033625,0.011511,0.056996,0.120648,0.051503,-0.003512,0.067168,0.079435,0.108318,0.101638,0.277927,0.221842,0.286709,-0.000929,0.048194
-0.020347,0.032149,0.136488,0.192114,0.208743,0.289870,-0.118920,-0.120564,0.254438,0.241197,0.231945,0.171280,0.018108,0.000000,0.528787,0.626209,0.450803,0.254104,0.036149,0.157741,0.150617,0.196625,0.383328,0.114052,0.144136,0.007560,0.074132,0.202621,0.132201,0.207177,0.217679,0.086658,0.087177,0.198086,0.207039
0.244791,0.378065,0.199072,0.237740,0.077966,0.233813,-0.029569,-0.147444,0.142258,0.241648,0.127704,0.235221,-0.115883,0.528787,0.000000,0.440768,0.414906,0.187794,-0.017057,0.103360,0.167200,0.324456,0.354167,0.282922,0.177544,0.045953,0.053274,0.154512,-0.064963,0.151272,0.216427,0.036409,0.036133,0.176812,0.177450
0.067176,0.157868,0.199703,0.220862,0.267557,0.352829,-0.082529,-0.120307,0.059542,0.123949,0.198086,0.108010,-0.063774,0.626209,0.440768,0.000000,0.578140,0.329257,-0.026182,0.231426,0.213871,0.154134,0.480470,0.180867,0.205548,0.048558,0.118984,0.168819,-0.044825,0.222233,0.388874,0.251594,0.029298,0.324185,0.307374
-0.155932,-0.059179,0.219815,0.267383,0.053371,0.403700,0.006112,-0.116915,-0.091666,-0.012914,-0.153389,-0.007342,-0.129749,0.450803,0.414906,0.578140,0.000000,0.252792,-0.101221,0.268185,-0.039532,0.033758,0.242520,0.093686,-0.035071,-0.170644,-0.098555,-0.066438,-0.129835,-0.053794,0.084973,0.072870,-0.017921,0.064560,0.054037
0.258233,0.225723,0.485670,0.354319,0.118044,0.110766,-0.065150,-0.258428,-0.067733,0.056673,0.103911,-0.000701,-0.156566,0.254104,0.187794,0.329257,0.252792,0.000000,0.292868,0.708432,0.481371,0.209228,0.317917,0.266448,0.470303,-0.010901,0.067565,0.247601,0.175978,0.277171,0.292868,0.273555,0.093246,0.314399,0.356729
0.084176,0.048213,0.008708,-0.029747,0.060441,-0.101201,0.111386,0.036935,-0.079661,0.015261,0.029215,0.049094,-0.125309,0.036149,-0.017057,-0.026182,-0.101221,0.292868,0.000000,0.171280,0.040561,0.060898,0.083867,-0.001737,0.030792,-0.023082,-0.008700,0.040189,-0.018898,0.082464,-0.016092,-0.036313,0.074432,0.076369,0.086272
0.139731,0.100827,0.229086,0.140403,0.022430,0.124033,0.022269,-0.225153,-0.224964,-0.080012,0.013739,-0.122637,-0.147334,0.157741,0.103360,0.231426,0.268185,0.708432,0.171280,0.000000,0.159431,0.070407,-0.015598,0.053340,0.152576,-0.126746,-0.095978,0.035808,0.046875,0.136458,0.132095,0.144812,0.130474,0.145688,0.209144
0.476457,0.470492,0.534180,0.324456,0.221464,0.048988,-0.252816,-0.205825,0.148406,0.146510,0.208965,0.194834,0.033625,0.150617,0.167200,0.213871,-0.039532,0.481371,0.040561,0.159431,0.000000,0.458550,0.588489,0.543580,0.843466,0.194033,0.240219,0.590051,0.213654,0.388726,0.466582,0.361927,0.156218,0.486923,0.500506
0.587626,0.545353,0.302951,0.276620,0.425687,0.106688,-0.020503,-0.135293,0.125015,0.279244,0.267975,0.329820,0.011511,0.196625,0.324456,0.154134,0.033758,0.209228,0.060898,0.070407,0.458550,0.000000,0.346406,0.737210,0.410183,0.326697,0.337524,0.402322,0.140547,0.366331,0.346633,0.258153,0.244983,0.401420,0.416504
0.270116,0.355212,0.369974,0.298538,0.201483,0.131002,-0.191070,-0.114258,0.284304,0.178604,0.152111,0.209286,0.056996,0.383328,0.354167,0.480470,0.242520,0.317917,0.083867,-0.015598,0.588489,0.346406,0.000000,0.437301,0.583496,0.141941,0.209991,0.542504,0.094782,0.347199,0.516075,0.345962,0.079528,0.527649,0.513267
0.590376,0.658519,0.441133,0.324217,0.310903,0.083424,-0.163385,-0.146343,0.122208,0.229035,0.242626,0.404657,0.120648,0.114052,0.282922,0.180867,0.093686,0.266448,-0.001737,0.053340,0.543580,0.737210,0.437301,0.000000,0.527862,0.319788,0.362936,0.400038,0.137273,0.306288,0.479463,0.396629,0.323253,0.357818,0.393910
0.467731,0.479670,0.529578,0.299172,0.166399,0.051981,-0.282048,-0.178894,0.084208,0.077381,0.171295,0.203765,0.051503,0.144136,0.177544,0.205548,-0.035071,0.470303,0.030792,0.152576,0.843466,0.410183,0.583496,0.527862,0.000000,0.180461,0.252110,0.560958,0.118542,0.285839,0.433093,0.360125,0.102359,0.404177,0.444924
0.407267,0.333628,0.008153,-0.008606,0.207353,0.143994,-0.050919,-0.004149,0.191375,0.268798,0.250099,0.288749,-0.003512,0.007560,0.045953,0.048558,-0.170644,-0.010901,-0.023082,-0.126746,0.194033,0.326697,0.141941,0.319788,0.180461,0.000000,0.820325,0.062904,0.323093,0.020369,0.088846,0.191196,0.078856,0.178875,0.166849
0.386846,0.330734,0.075305,0.051853,0.258589,0.097089,-0.075434,0.019382,0.201534,0.272985,0.256585,0.325957,0.067168,0.074132,0.053274,0.118984,-0.098555,0.067565,-0.008700,-0.095978,0.240219,0.337524,0.209991,0.362936,0.252110,0.820325,0.000000,0.121952,0.297729,0.065354,0.157795,0.287149,0.131575,0.207083,0.196412
0.224286,0.267746,0.311690,0.189031,0.101251,0.009053,-0.128054,-0.125550,0.216054,0.070977,0.112580,0.035329,0.079435,0.202621,0.154512,0.168819,-0.066438,0.247601,0.040189,0.035808,0.590051,0.402322,0.542504,0.400038,0.560958,0.062904,0.121952,0.000000,0.200783,0.598387,0.577018,0.381823,0.387501,0.417947,0.431652
0.065206,0.032568,0.136244,0.163517,0.024911,0.050766,-0.049888,-0.034790,0.345562,0.270136,0.212830,0.124992,0.108318,0.132201,-0.064963,-0.044825,-0.129835,0.175978,-0.018898,0.046875,0.213654,0.140547,0.094782,0.137273,0.118542,0.323093,0.297729,0.200783,0.000000,0.332034,0.170309,0.384874,0.206318,0.195669,0.213790
0.233799,0.269321,0.274836,0.224099,0.143299,0.010839,0.041179,-0.153509,0.348734,0.246647,0.370350,0.090517,0.101638,0.207177,0.151272,0.222233,-0.053794,0.277171,0.082464,0.136458,0.388726,0.366331,0.347199,0.306288,0.285839,0.020369,0.065354,0.598387,0.332034,0.000000,0.677300,0.349760,0.413276,0.422899,0.390788
0.318635,0.413788,0.391423,0.249876,0.196298,-0.022202,-0.130213,-0.197038,0.238665,0.212678,0.356566,0.252914,0.277927,0.217679,0.216427,0.388874,0.084973,0.292868,-0.016092,0.132095,0.466582,0.346633,0.516075,0.479463,0.433093,0.088846,0.157795,0.577018,0.170309,0.677300,0.000000,0.569135,0.498533,0.459108,0.460914
0.223842,0.269506,0.359596,0.203784,0.147369,0.010846,-0.123294,-0.099960,-0.080970,0.015648,-0.041718,0.127390,0.221842,0.086658,0.036409,0.251594,0.072870,0.273555,-0.036313,0.144812,0.361927,0.258153,0.345962,0.396629,0.360125,0.191196,0.287149,0.381823,0.384874,0.349760,0.569135,0.000000,0.395662,0.233780,0.241535
0.169860,0.172229,0.046221,-0.074169,0.036994,-0.105622,-0.046554,-0.155889,0.040020,-0.028882,0.170286,0.055379,0.286709,0.087177,0.036133,0.029298,-0.017921,0.093246,0.074432,0.130474,0.156218,0.244983,0.079528,0.323253,0.102359,0.078856,0.131575,0.387501,0.206318,0.413276,0.498533,0.395662,0.000000,0.068238,0.121313
0.286014,0.288972,0.352431,0.368563,0.389223,0.127845,-0.138410,-0.100451,0.262967,0.322272,0.301732,0.256588,-0.000929,0.198086,0.176812,0.324185,0.064560,0.314399,0.076369,0.145688,0.486923,0.401420,0.527649,0.357818,0.404177,0.178875,0.207083,0.417947,0.195669,0.422899,0.459108,0.233780,0.068238,0.000000,0.883918
0.329755,0.305268,0.318619,0.308619,0.357435,0.092618,-0.148947,-0.106434,0.215455,0.314548,0.317936,0.271191,0.048194,0.207039,0.177450,0.307374,0.054037,0.356729,0.086272,0.209144,0.500506,0.416504,0.513267,0.393910,0.444924,0.166849,0.196412,0.431652,0.213790,0.390788,0.460914,0.241535,0.121313,0.883918,0.000000
