0.000000,0.842919,0.039131,0.015785,0.295483,-0.116803,-0.212996,0.091472,0.414189,0.334233,0.408994,0.438540,0.210003,0.170134,0.281895,0.187903,0.186137,0.095643,0.141086,0.271385,0.287485,0.727342,0.234256,0.692195,0.291397,0.555959,0.563230,0.368578,0.472896,0.439129,0.389364,0.445559,0.301162,0.503570,0.533861
0.842919,0.000000,-0.022132,-0.046203,0.225296,-0.144934,-0.205001,0.044192,0.356220,0.326512,0.366516,0.466445,0.295760,0.146553,0.264381,0.170281,0.167865,0.035006,0.143916,0.185725,0.221049,0.615644,0.213252,0.717861,0.285614,0.519370,0.609463,0.330887,0.445334,0.431606,0.429919,0.460221,0.310292,0.385670,0.415126
0.039131,-0.022132,0.000000,0.745405,0.461930,0.425465,-0.036288,0.387674,0.039295,0.213999,0.222750,0.304079,-0.074520,0.071887,0.178527,0.132472,0.292884,0.331846,0.250525,0.317234,0.271057,0.258808,0.181370,0.177059,0.292558,0.071118,0.052259,0.193555,0.110509,0.124672,0.149701,0.089083,0.268795,0.305986,0.216991
0.015785,-0.046203,0.745405,0.000000,0.380662,0.350970,0.036440,0.294463,0.114119,0.328575,0.285768,0.337606,-0.097390,0.088914,0.163685,0.160862,0.327973,0.468060,0.391379,0.461500,0.078886,0.179542,0.116675,0.057699,0.195809,0.085836,0.040826,0.168696,0.207579,0.176609,0.069619,0.080280,0.229224,0.329426,0.263611
0.295483,0.225296,0.461930,0.380662,0.000000,0.243645,-0.284181,0.321674,0.111989,0.291798,0.365648,0.322993,-0.006752,0.270732,0.217533,0.276886,0.423945,0.213907,0.186035,0.225403,0.237147,0.578011,0.279125,0.514891,0.354398,0.271317,0.289836,0.352752,0.266595,0.168352,0.105471,0.188465,0.378500,0.388891,0.395329
-0.116803,-0.144934,0.425465,0.350970,0.243645,0.000000,0.053745,0.624204,-0.029362,0.230083,0.075221,0.017558,-0.142604,-0.062239,-0.005384,0.036237,0.146111,0.214869,0.172913,0.143277,0.109671,0.042798,0.071729,-0.040965,0.178786,0.187721,0.102168,0.055223,0.076146,0.012126,-0.036377,-0.069382,0.049288,0.139185,0.098771
-0.212996,-0.205001,-0.036288,0.036440,-0.284181,0.053745,0.000000,-0.116628,-0.254310,-0.187136,-0.134297,-0.227706,0.026146,-0.239911,-0.307916,-0.270087,-0.378869,-0.051728,-0.057037,-0.032843,-0.125055,-0.306189,-0.216281,-0.305729,-0.178984,-0.223423,-0.277963,-0.213408,-0.285197,-0.185844,-0.138324,-0.224789,-0.259492,-0.111980,-0.144633
0.091472,0.044192,0.387674,0.294463,0.321674,0.624204,-0.116628,0.000000,0.073634,0.219725,0.108478,0.109935,-0.131294,0.038426,0.108450,0.087845,0.197664,0.198692,0.191000,0.242033,0.182539,0.250244,0.148770,0.184192,0.281263,0.334547,0.255029,0.212658,0.278128,0.181304,0.086563,0.178155,0.258903,0.252390,0.260734
0.414189,0.356220,0.039295,0.114119,0.111989,-0.029362,-0.254310,0.073634,0.000000,0.591282,0.504070,0.558719,0.151006,0.314258,0.407452,0.379714,0.318534,0.135899,0.141389,0.193019,0.195742,0.460526,0.350241,0.367908,0.329040,0.205886,0.296924,0.307023,0.537835,0.485318,0.372684,0.425388,0.203868,0.257710,0.335606
0.334233,0.326512,0.213999,0.328575,0.291798,0.230083,-0.187136,0.219725,0.591282,0.000000,0.631222,0.709219,0.334004,0.123380,0.197917,0.213114,0.258941,0.148377,0.109118,0.229208,0.089823,0.440439,0.195367,0.355070,0.278558,0.234668,0.327646,0.274662,0.552791,0.404652,0.240957,0.339579,0.194340,0.335572,0.420021
0.408994,0.366516,0.222750,0.285768,0.365648,0.075221,-0.134297,0.108478,0.504070,0.631222,0.000000,0.589970,0.458774,0.128332,0.207663,0.225595,0.356966,0.195762,0.135773,0.269701,0.176383,0.499781,0.241290,0.425179,0.283269,0.235139,0.271185,0.417845,0.482415,0.589340,0.394679,0.293014,0.232635,0.356769,0.440751
0.438540,0.466445,0.304079,0.337606,0.322993,0.017558,-0.227706,0.109935,0.558719,0.709219,0.589970,0.000000,0.338199,0.218334,0.310268,0.269639,0.366554,0.163271,0.165122,0.249136,0.126944,0.461926,0.291214,0.455480,0.304175,0.303352,0.390467,0.373651,0.452893,0.377027,0.386534,0.429259,0.347282,0.325863,0.361955
0.210003,0.295760,-0.074520,-0.097390,-0.006752,-0.142604,0.026146,-0.131294,0.151006,0.334004,0.458774,0.338199,0.000000,-0.161493,-0.192687,-0.115908,-0.069663,-0.117417,-0.065941,-0.042702,0.030783,0.174246,0.037699,0.203041,0.057296,0.122911,0.217534,0.251104,0.230258,0.205918,0.137163,0.233195,0.028669,-0.046482,0.037845
0.170134,0.146553,0.071887,0.088914,0.270732,-0.062239,-0.239911,0.038426,0.314258,0.123380,0.128332,0.218334,-0.161493,0.000000,0.486143,0.796777,0.506959,0.229320,0.221779,0.292929,0.233170,0.346472,0.296834,0.308721,0.253236,0.123424,0.138465,0.119459,0.133183,-0.016167,0.101937,0.167644,0.241809,0.277118,0.258595
0.281895,0.264381,0.178527,0.163685,0.217533,-0.005384,-0.307916,0.108450,0.407452,0.197917,0.207663,0.310268,-0.192687,0.486143,0.000000,0.444733,0.538352,0.085585,0.079154,0.132673,0.163369,0.323174,0.327274,0.270380,0.247751,0.087660,0.120453,0.282461,0.352795,0.456408,0.477498,0.357061,0.445135,0.216058,0.170469
0.187903,0.170281,0.132472,0.160862,0.276886,0.036237,-0.270087,0.087845,0.379714,0.213114,0.225595,0.269639,-0.115908,0.796777,0.444733,0.000000,0.640039,0.260723,0.259500,0.300136,0.180856,0.337423,0.345086,0.301267,0.235092,0.210600,0.202971,0.109664,0.097413,0.043946,0.182790,0.135046,0.228896,0.321000,0.298101
0.186137,0.167865,0.292884,0.327973,0.423945,0.146111,-0.378869,0.197664,0.318534,0.258941,0.356966,0.366554,-0.069663,0.506959,0.538352,0.640039,0.000000,0.181676,0.166897,0.213959,0.168648,0.364465,0.497469,0.307410,0.268537,0.281638,0.224035,0.323420,0.262293,0.209284,0.230951,0.169838,0.374834,0.298596,0.290698
0.095643,0.035006,0.331846,0.468060,0.213907,0.214869,-0.051728,0.198692,0.135899,0.148377,0.195762,0.163271,-0.117417,0.229320,0.085585,0.260723,0.181676,0.000000,0.746070,0.785787,0.304958,0.173949,0.213550,0.106330,0.332763,0.214508,0.217518,0.157955,0.189972,0.098783,-0.006230,0.123238,0.067048,0.373236,0.330858
0.141086,0.143916,0.250525,0.391379,0.186035,0.172913,-0.057037,0.191000,0.141389,0.109118,0.135773,0.165122,-0.065941,0.221779,0.079154,0.259500,0.166897,0.746070,0.000000,0.616283,0.271740,0.223326,0.291071,0.194470,0.401913,0.278712,0.305458,0.240275,0.166791,0.123532,0.069738,0.181084,0.162763,0.207535,0.191569
0.271385,0.185725,0.317234,0.461500,0.225403,0.143277,-0.032843,0.242033,0.193019,0.229208,0.269701,0.249136,-0.042702,0.292929,0.132673,0.300136,0.213959,0.785787,0.616283,0.000000,0.317637,0.335010,0.226732,0.249227,0.332438,0.343533,0.321573,0.206266,0.326307,0.185541,0.122922,0.261957,0.123665,0.501859,0.481956
0.287485,0.221049,0.271057,0.078886,0.237147,0.109671,-0.125055,0.182539,0.195742,0.089823,0.176383,0.126944,0.030783,0.233170,0.163369,0.180856,0.168648,0.304958,0.271740,0.317637,0.000000,0.521730,0.539793,0.498932,0.634917,0.262574,0.224701,0.405806,0.220721,0.237582,0.287088,0.278906,0.192657,0.402773,0.386541
0.727342,0.615644,0.258808,0.179542,0.578011,0.042798,-0.306189,0.250244,0.460526,0.440439,0.499781,0.461926,0.174246,0.346472,0.323174,0.337423,0.364465,0.173949,0.223326,0.335010,0.521730,0.000000,0.460926,0.872143,0.562812,0.495925,0.505292,0.525759,0.515480,0.411432,0.362584,0.467460,0.400575,0.580693,0.615671
0.234256,0.213252,0.181370,0.116675,0.279125,0.071729,-0.216281,0.148770,0.350241,0.195367,0.241290,0.291214,0.037699,0.296834,0.327274,0.345086,0.497469,0.213550,0.291071,0.226732,0.539793,0.460926,0.000000,0.420014,0.640004,0.227946,0.240313,0.404060,0.185795,0.207189,0.254867,0.272123,0.305357,0.238056,0.267053
0.692195,0.717861,0.177059,0.057699,0.514891,-0.040965,-0.305729,0.184192,0.367908,0.355070,0.425179,0.455480,0.203041,0.308721,0.270380,0.301267,0.307410,0.106330,0.194470,0.249227,0.498932,0.872143,0.420014,0.000000,0.567766,0.480785,0.547776,0.492673,0.470337,0.387262,0.378714,0.460244,0.433536,0.522565,0.571500
0.291397,0.285614,0.292558,0.195809,0.354398,0.178786,-0.178984,0.281263,0.329040,0.278558,0.283269,0.304175,0.057296,0.253236,0.247751,0.235092,0.268537,0.332763,0.401913,0.332438,0.634917,0.562812,0.640004,0.567766,0.000000,0.242689,0.317208,0.360483,0.273961,0.280486,0.304879,0.343488,0.402696,0.442367,0.464316
0.555959,0.519370,0.071118,0.085836,0.271317,0.187721,-0.223423,0.334547,0.205886,0.234668,0.235139,0.303352,0.122911,0.123424,0.087660,0.210600,0.281638,0.214508,0.278712,0.343533,0.262574,0.495925,0.227946,0.480785,0.242689,0.000000,0.823101,0.302602,0.484143,0.197194,0.252227,0.434339,0.215623,0.429769,0.427710
0.563230,0.609463,0.052259,0.040826,0.289836,0.102168,-0.277963,0.255029,0.296924,0.327646,0.271185,0.390467,0.217534,0.138465,0.120453,0.202971,0.224035,0.217518,0.305458,0.321573,0.224701,0.505292,0.240313,0.547776,0.317208,0.823101,0.000000,0.282335,0.545800,0.238721,0.291926,0.569639,0.270569,0.386078,0.431862
0.368578,0.330887,0.193555,0.168696,0.352752,0.055223,-0.213408,0.212658,0.307023,0.274662,0.417845,0.373651,0.251104,0.119459,0.282461,0.109664,0.323420,0.157955,0.240275,0.206266,0.405806,0.525759,0.404060,0.492673,0.360483,0.302602,0.282335,0.000000,0.517756,0.536142,0.346033,0.395030,0.510145,0.239577,0.306496
0.472896,0.445334,0.110509,0.207579,0.266595,0.076146,-0.285197,0.278128,0.537835,0.552791,0.482415,0.452893,0.230258,0.133183,0.352795,0.097413,0.262293,0.189972,0.166791,0.326307,0.220721,0.515480,0.185795,0.470337,0.273961,0.484143,0.545800,0.517756,0.000000,0.639719,0.335641,0.657647,0.318935,0.418149,0.501737
0.439129,0.431606,0.124672,0.176609,0.168352,0.012126,-0.185844,0.181304,0.485318,0.404652,0.589340,0.377027,0.205918,-0.016167,0.456408,0.043946,0.209284,0.098783,0.123532,0.185541,0.237582,0.411432,0.207189,0.387262,0.280486,0.197194,0.238721,0.536142,0.639719,0.000000,0.630657,0.449681,0.351127,0.220677,0.293764
0.389364,0.429919,0.149701,0.069619,0.105471,-0.036377,-0.138324,0.086563,0.372684,0.240957,0.394679,0.386534,0.137163,0.101937,0.477498,0.182790,0.230951,-0.006230,0.069738,0.122922,0.287088,0.362584,0.254867,0.378714,0.304879,0.252227,0.291926,0.346033,0.335641,0.630657,0.000000,0.525767,0.444971,0.156545,0.147615
0.445559,0.460221,0.089083,0.080280,0.188465,-0.069382,-0.224789,0.178155,0.425388,0.339579,0.293014,0.429259,0.233195,0.167644,0.357061,0.135046,0.169838,0.123238,0.181084,0.261957,0.278906,0.467460,0.272123,0.460244,0.343488,0.434339,0.569639,0.395030,0.657647,0.449681,0.525767,0.000000,0.398351,0.366747,0.404533
0.301162,0.310292,0.268795,0.229224,0.378500,0.049288,-0.259492,0.258903,0.203868,0.194340,0.232635,0.347282,0.028669,0.241809,0.445135,0.228896,0.374834,0.067048,0.162763,0.123665,0.192657,0.400575,0.305357,0.433536,0.402696,0.215623,0.270569,0.510145,0.318935,0.351127,0.444971,0.398351,0.000000,0.250332,0.258489
0.503570,0.385670,0.305986,0.329426,0.388891,0.139185,-0.111980,0.252390,0.257710,0.335572,0.356769,0.325863,-0.046482,0.277118,0.216058,0.321000,0.298596,0.373236,0.207535,0.501859,0.402773,0.580693,0.238056,0.522565,0.442367,0.429769,0.386078,0.239577,0.418149,0.220677,0.156545,0.366747,0.250332,0.000000,0.907834
0.533861,0.415126,0.216991,0.263611,0.395329,0.098771,-0.144633,0.260734,0.335606,0.420021,0.440751,0.361955,0.037845,0.258595,0.170469,0.298101,0.290698,0.330858,0.191569,0.481956,0.386541,0.615671,0.267053,0.571500,0.464316,0.427710,0.431862,0.306496,0.501737,0.293764,0.147615,0.404533,0.258489,0.907834,0.000000
