0.000000,0.823504,0.060069,0.221170,0.474063,-0.063288,0.049686,-0.156429,-0.033147,0.298708,0.534262,0.396410,0.017469,-0.252953,0.273453,0.086184,-0.055922,0.227671,0.103961,0.316635,0.124088,0.623474,0.234979,0.566574,0.040157,0.505250,0.317536,0.112709,0.104744,0.315497,0.208431,0.062438,-0.012599,0.329111,0.262839
0.823504,0.000000,-0.000138,0.159192,0.388369,-0.136116,0.075072,-0.178302,-0.019543,0.275432,0.420238,0.461102,0.041894,-0.247055,0.390248,0.092014,-0.003410,0.113467,0.072591,0.207390,0.128164,0.696703,0.306956,0.701199,0.177217,0.434808,0.335929,0.115475,0.074204,0.308992,0.300325,0.111588,0.063684,0.279196,0.268808
0.060069,-0.000138,0.000000,0.833101,0.055423,0.070338,0.112732,0.030415,0.110956,0.205267,0.384520,0.100005,0.014037,0.376402,-0.021678,0.390855,0.280865,0.461556,0.350857,0.463093,0.440544,0.136271,0.351828,0.111583,0.296215,0.152215,0.094249,0.431822,0.310169,0.317681,0.386613,0.194266,0.393917,0.464748,0.451797
0.221170,0.159192,0.833101,0.000000,0.092107,0.148258,0.080807,0.069598,0.037892,0.216913,0.441649,0.132038,-0.054846,0.224983,-0.015806,0.351055,0.242694,0.547684,0.417480,0.569557,0.365948,0.228296,0.331909,0.188605,0.283226,0.293990,0.235031,0.375596,0.257276,0.327696,0.360887,0.150455,0.325405,0.538541,0.520482
0.474063,0.388369,0.055423,0.092107,0.000000,-0.011906,-0.021800,-0.044471,0.236957,0.339329,0.388545,0.229304,0.034628,-0.154595,0.240979,0.096800,0.059156,0.258057,0.141948,0.190692,0.173564,0.478341,0.311762,0.433902,0.078421,0.320936,0.166771,0.028218,0.170024,0.142717,0.038477,-0.002303,-0.096472,0.171206,0.067224
-0.063288,-0.136116,0.070338,0.148258,-0.011906,0.000000,-0.377118,0.563872,0.032425,0.036974,0.077342,-0.119391,0.052531,-0.006571,-0.405025,0.048549,0.190386,0.328793,0.398097,0.198849,-0.022467,-0.288343,0.071403,-0.309243,-0.066343,0.290611,0.446071,-0.039333,0.028313,-0.032860,-0.029256,0.046849,0.039873,0.148264,0.134662
0.049686,0.075072,0.112732,0.080807,-0.021800,-0.377118,0.000000,-0.326548,-0.376238,-0.267474,-0.057545,-0.061964,-0.220320,-0.085624,0.194102,-0.082968,-0.172166,-0.194137,-0.327363,-0.112795,-0.116469,0.226479,-0.067728,0.253321,-0.141504,-0.394733,-0.483090,-0.047078,-0.344233,-0.056566,-0.142817,-0.299181,-0.106018,-0.126764,-0.130259
-0.156429,-0.178302,0.030415,0.069598,-0.044471,0.563872,-0.326548,0.000000,0.157452,0.038040,-0.082685,-0.064696,0.135458,-0.014127,-0.369649,0.007983,0.128862,0.244965,0.404713,0.084634,0.011253,-0.318283,-0.007091,-0.317433,-0.061858,0.192466,0.323032,-0.076229,0.007958,-0.131185,-0.062833,0.043588,0.031357,-0.015160,-0.004109
-0.033147,-0.019543,0.110956,0.037892,0.236957,0.032425,-0.376238,0.157452,0.000000,0.491995,0.022952,0.468712,0.516227,0.197266,0.163101,0.148378,0.323057,0.101237,0.191204,-0.029192,0.352472,-0.000597,0.296170,-0.035214,0.391634,0.215699,0.242339,0.281694,0.598734,0.212769,0.400259,0.618187,0.339875,-0.024962,-0.061496
0.298708,0.275432,0.205267,0.216913,0.339329,0.036974,-0.267474,0.038040,0.491995,0.000000,0.425022,0.539909,0.334107,0.286115,0.337468,0.426780,0.491184,0.319003,0.273596,0.269658,0.337848,0.259646,0.513919,0.222789,0.254604,0.284142,0.236504,0.239767,0.470143,0.367787,0.390895,0.308239,0.188906,0.316809,0.280911
0.534262,0.420238,0.384520,0.441649,0.388545,0.077342,-0.057545,-0.082685,0.022952,0.425022,0.000000,0.198967,-0.013293,0.152321,0.039726,0.456251,0.163954,0.473957,0.259112,0.565198,0.253036,0.345424,0.368580,0.305752,0.055502,0.390888,0.281600,0.234205,0.176708,0.460135,0.391122,-0.019096,0.182357,0.638570,0.586813
0.396410,0.461102,0.100005,0.132038,0.229304,-0.119391,-0.061964,-0.064696,0.468712,0.539909,0.198967,0.000000,0.483806,-0.115936,0.464653,0.022142,0.234206,0.041105,0.108107,0.041078,0.253182,0.453070,0.337814,0.428762,0.408691,0.167531,0.168609,0.185268,0.345093,0.252253,0.492344,0.561108,0.240114,0.123015,0.128119
0.017469,0.041894,0.014037,-0.054846,0.034628,0.052531,-0.220320,0.135458,0.516227,0.334107,-0.013293,0.483806,0.000000,-0.054688,0.070850,-0.161440,-0.023939,0.003300,0.085461,-0.064605,0.138946,0.009236,0.092755,-0.017258,0.235741,0.038321,0.082713,0.199699,0.330933,0.233921,0.387347,0.402692,0.166383,-0.046421,-0.014533
-0.252953,-0.247055,0.376402,0.224983,-0.154595,-0.006571,-0.085624,-0.014127,0.197266,0.286115,0.152321,-0.115936,-0.054688,0.000000,-0.059962,0.670571,0.526025,0.283944,0.184733,0.288793,0.312645,-0.172678,0.408910,-0.168952,0.159501,-0.045635,0.010682,0.320037,0.294607,0.107935,0.187328,0.111871,0.350008,0.161455,0.140080
0.273453,0.390248,-0.021678,-0.015806,0.240979,-0.405025,0.194102,-0.369649,0.163101,0.337468,0.039726,0.464653,0.070850,-0.059962,0.000000,-0.016507,0.025756,-0.102218,-0.059995,-0.076156,0.316320,0.665915,0.349831,0.647495,0.417907,-0.162835,-0.174462,0.203428,0.245550,0.273103,0.305023,0.263768,0.235045,0.027890,0.053552
0.086184,0.092014,0.390855,0.351055,0.096800,0.048549,-0.082968,0.007983,0.148378,0.426780,0.456251,0.022142,-0.161440,0.670571,-0.016507,0.000000,0.668117,0.382124,0.266394,0.423407,0.320494,0.040010,0.522179,0.035673,0.065508,0.263504,0.247746,0.238966,0.267224,0.252794,0.295605,0.064230,0.281090,0.466401,0.430574
-0.055922,-0.003410,0.280865,0.242694,0.059156,0.190386,-0.172166,0.128862,0.323057,0.491184,0.163954,0.234206,-0.023939,0.526025,0.025756,0.668117,0.000000,0.261701,0.271675,0.211940,0.261668,-0.039468,0.535187,-0.029245,0.187768,0.266909,0.332294,0.097823,0.271827,0.008211,0.209314,0.317162,0.268990,0.227432,0.202428
0.227671,0.113467,0.461556,0.547684,0.258057,0.328793,-0.194137,0.244965,0.101237,0.319003,0.473957,0.041105,0.003300,0.283944,-0.102218,0.382124,0.261701,0.000000,0.716512,0.819857,0.381865,0.145063,0.481876,0.104846,0.138792,0.381574,0.312252,0.381156,0.275206,0.240710,0.164167,-0.003981,0.191834,0.536776,0.450014
0.103961,0.072591,0.350857,0.417480,0.141948,0.398097,-0.327363,0.404713,0.191204,0.273596,0.259112,0.108107,0.085461,0.184733,-0.059995,0.266394,0.271675,0.716512,0.000000,0.525057,0.381209,0.093259,0.467477,0.073878,0.284294,0.300581,0.353098,0.382487,0.277729,0.205728,0.220708,0.137762,0.327537,0.340778,0.338411
0.316635,0.207390,0.463093,0.569557,0.190692,0.198849,-0.112795,0.084634,-0.029192,0.269658,0.565198,0.041078,-0.064605,0.288793,-0.076156,0.423407,0.211940,0.819857,0.525057,0.000000,0.355033,0.227200,0.437275,0.190439,0.139637,0.342049,0.246948,0.440013,0.197529,0.287768,0.209240,-0.095879,0.182288,0.627242,0.551118
0.124088,0.128164,0.440544,0.365948,0.173564,-0.022467,-0.116469,0.011253,0.352472,0.337848,0.253036,0.253182,0.138946,0.312645,0.316320,0.320494,0.261668,0.381865,0.381209,0.355033,0.000000,0.420370,0.511390,0.388748,0.589899,0.153751,0.159045,0.647545,0.456766,0.415139,0.466394,0.310617,0.586757,0.349403,0.346894
0.623474,0.696703,0.136271,0.228296,0.478341,-0.288343,0.226479,-0.318283,-0.000597,0.259646,0.345424,0.453070,0.009236,-0.172678,0.665915,0.040010,-0.039468,0.145063,0.093259,0.227200,0.420370,0.000000,0.437043,0.903369,0.424220,0.153212,0.079344,0.287581,0.111562,0.342043,0.339454,0.104145,0.208821,0.246552,0.236724
0.234979,0.306956,0.351828,0.331909,0.311762,0.071403,-0.067728,-0.007091,0.296170,0.513919,0.368580,0.337814,0.092755,0.408910,0.349831,0.522179,0.535187,0.481876,0.467477,0.437275,0.511390,0.437043,0.000000,0.436317,0.465548,0.244778,0.259323,0.440430,0.357937,0.291019,0.420484,0.270374,0.437121,0.409249,0.384531
0.566574,0.701199,0.111583,0.188605,0.433902,-0.309243,0.253321,-0.317433,-0.035214,0.222789,0.305752,0.428762,-0.017258,-0.168952,0.647495,0.035673,-0.029245,0.104846,0.073878,0.190439,0.388748,0.903369,0.436317,0.000000,0.430495,0.111953,0.048766,0.251968,0.058293,0.263845,0.287816,0.055795,0.171358,0.237396,0.246896
0.040157,0.177217,0.296215,0.283226,0.078421,-0.066343,-0.141504,-0.061858,0.391634,0.254604,0.055502,0.408691,0.235741,0.159501,0.417907,0.065508,0.187768,0.138792,0.284294,0.139637,0.589899,0.424220,0.465548,0.430495,0.000000,0.052933,0.153343,0.494986,0.381409,0.230920,0.475176,0.502761,0.562154,0.119674,0.171891
0.505250,0.434808,0.152215,0.293990,0.320936,0.290611,-0.394733,0.192466,0.215699,0.284142,0.390888,0.167531,0.038321,-0.045635,-0.162835,0.263504,0.266909,0.381574,0.300581,0.342049,0.153751,0.153212,0.244778,0.111953,0.052933,0.000000,0.799976,0.071108,0.277560,0.119247,0.115928,0.215718,0.047768,0.399509,0.312368
0.317536,0.335929,0.094249,0.235031,0.166771,0.446071,-0.483090,0.323032,0.242339,0.236504,0.281600,0.168609,0.082713,0.010682,-0.174462,0.247746,0.332294,0.312252,0.353098,0.246948,0.159045,0.079344,0.259323,0.048766,0.153343,0.799976,0.000000,0.087696,0.248850,0.152111,0.236851,0.309531,0.211263,0.295707,0.256404
0.112709,0.115475,0.431822,0.375596,0.028218,-0.039333,-0.047078,-0.076229,0.281694,0.239767,0.234205,0.185268,0.199699,0.320037,0.203428,0.238966,0.097823,0.381156,0.382487,0.440013,0.647545,0.287581,0.440430,0.251968,0.494986,0.071108,0.087696,0.000000,0.489388,0.559476,0.527630,0.252990,0.640091,0.349398,0.356610
0.104744,0.074204,0.310169,0.257276,0.170024,0.028313,-0.344233,0.007958,0.598734,0.470143,0.176708,0.345093,0.330933,0.294607,0.245550,0.267224,0.271827,0.275206,0.277729,0.197529,0.456766,0.111562,0.357937,0.058293,0.381409,0.277560,0.248850,0.489388,0.000000,0.450672,0.468910,0.625928,0.418958,0.304865,0.259081
0.315497,0.308992,0.317681,0.327696,0.142717,-0.032860,-0.056566,-0.131185,0.212769,0.367787,0.460135,0.252253,0.233921,0.107935,0.273103,0.252794,0.008211,0.240710,0.205728,0.287768,0.415139,0.342043,0.291019,0.263845,0.230920,0.119247,0.152111,0.559476,0.450672,0.000000,0.745819,0.204639,0.489810,0.350355,0.396467
0.208431,0.300325,0.386613,0.360887,0.038477,-0.029256,-0.142817,-0.062833,0.400259,0.390895,0.391122,0.492344,0.387347,0.187328,0.305023,0.295605,0.209314,0.164167,0.220708,0.209240,0.466394,0.339454,0.420484,0.287816,0.475176,0.115928,0.236851,0.527630,0.468910,0.745819,0.000000,0.520620,0.650344,0.300454,0.373202
0.062438,0.111588,0.194266,0.150455,-0.002303,0.046849,-0.299181,0.043588,0.618187,0.308239,-0.019096,0.561108,0.402692,0.111871,0.263768,0.064230,0.317162,-0.003981,0.137762,-0.095879,0.310617,0.104145,0.270374,0.055795,0.502761,0.215718,0.309531,0.252990,0.625928,0.204639,0.520620,0.000000,0.487726,0.026813,0.012003
-0.012599,0.063684,0.393917,0.325405,-0.096472,0.039873,-0.106018,0.031357,0.339875,0.188906,0.182357,0.240114,0.166383,0.350008,0.235045,0.281090,0.268990,0.191834,0.327537,0.182288,0.586757,0.208821,0.437121,0.171358,0.562154,0.047768,0.211263,0.640091,0.418958,0.489810,0.650344,0.487726,0.000000,0.201605,0.259837
0.329111,0.279196,0.464748,0.538541,0.171206,0.148264,-0.126764,-0.015160,-0.024962,0.316809,0.638570,0.123015,-0.046421,0.161455,0.027890,0.466401,0.227432,0.536776,0.340778,0.627242,0.349403,0.246552,0.409249,0.237396,0.119674,0.399509,0.295707,0.349398,0.304865,0.350355,0.300454,0.026813,0.201605,0.000000,0.882852
0.262839,0.268808,0.451797,0.520482,0.067224,0.134662,-0.130259,-0.004109,-0.061496,0.280911,0.586813,0.128119,-0.014533,0.140080,0.053552,0.430574,0.202428,0.450014,0.338411,0.551118,0.346894,0.236724,0.384531,0.246896,0.171891,0.312368,0.256404,0.356610,0.259081,0.396467,0.373202,0.012003,0.259837,0.882852,0.000000
