1.0000,0.6652,0.3203,0.2668,0.3326,-0.1171,-0.0149,-0.1749,0.2268,0.1128,0.2766,0.2418,0.0882,-0.0031,0.0083,-0.0694,-0.0038,0.0708,0.0056,0.0568,0.1652,0.5857,0.1409,0.4256,0.1793,0.3766,0.3447,-0.0774,0.0043,0.1162,0.1965,0.0813,-0.0253,0.1309,0.1628
0.6652,1.0000,0.3194,0.2138,0.3212,-0.2283,0.0060,-0.1632,0.1722,0.1516,0.4008,0.3621,0.1425,0.0242,0.1316,0.1016,0.1005,0.0289,0.0097,0.0083,0.2074,0.4511,0.1269,0.6474,0.2061,0.3069,0.4049,-0.0481,-0.0518,0.0435,0.2792,0.0927,-0.0139,0.0788,0.2000
0.3203,0.3194,1.0000,0.8001,0.2321,0.0178,0.0683,0.1068,0.1638,0.2030,0.2644,0.2044,-0.0343,0.2063,0.1137,0.0338,0.1483,0.3595,0.1723,0.1615,0.5311,0.3866,0.3730,0.3908,0.5788,0.2822,0.2529,0.1309,0.1171,0.2211,0.2796,0.1398,0.2264,0.3555,0.3918
0.2668,0.2138,0.8001,1.0000,0.2695,0.0740,-0.0570,0.1192,0.1081,0.2058,0.2268,0.1187,-0.1070,0.2964,0.1085,0.0613,0.1476,0.3953,0.1862,0.2478,0.4401,0.3748,0.3599,0.2660,0.4644,0.2577,0.1688,0.2000,0.2323,0.2161,0.1902,0.1642,0.2091,0.4689,0.4399
0.3326,0.3212,0.2321,0.2695,1.0000,-0.2059,-0.0506,-0.2077,0.1742,0.1092,0.2632,0.2167,-0.0086,0.1194,-0.0157,0.1628,0.1033,0.2080,0.1169,0.2668,-0.0826,0.5264,-0.0729,0.3572,-0.0794,0.2936,0.3208,0.0386,0.0405,0.1649,0.2139,0.0142,0.0049,0.1533,0.1600
-0.1171,-0.2283,0.0178,0.0740,-0.2059,1.0000,0.0468,0.5386,0.0033,0.0665,0.0076,-0.0009,-0.0218,0.1687,0.0043,0.1193,0.1702,0.2293,0.2996,0.1721,0.0505,-0.1341,0.1888,-0.1122,0.1186,0.2685,0.1159,-0.0089,0.0486,-0.0192,-0.0399,-0.0412,0.0167,0.1175,0.1196
-0.0149,0.0060,0.0683,-0.0570,-0.0506,0.0468,1.0000,0.0620,0.1546,-0.0280,0.0320,0.0642,0.0740,0.0047,-0.2691,-0.2680,-0.2237,0.2197,0.0456,0.0882,0.1954,0.0244,-0.0505,0.0631,0.1594,0.1095,0.0258,-0.1260,-0.0622,-0.0044,0.0439,-0.0805,-0.0429,-0.1414,-0.1518
-0.1749,-0.1632,0.1068,0.1192,-0.2077,0.5386,0.0620,1.0000,0.0536,0.0377,-0.0138,0.0300,-0.0037,0.1018,-0.0964,0.0592,0.0018,0.0614,0.1243,0.0348,0.1257,-0.1534,0.1436,-0.1077,0.1921,0.2143,0.1237,-0.0301,0.1041,0.0297,-0.0215,0.0096,-0.0227,0.0308,0.0054
0.2268,0.1722,0.1638,0.1081,0.1742,0.0033,0.1546,0.0536,1.0000,0.1553,0.3775,0.1952,0.2063,0.1721,-0.2643,-0.2845,-0.1724,0.1035,0.0906,0.0574,0.0335,0.0488,-0.1584,0.1072,0.0119,0.3625,0.3498,-0.0673,0.2115,0.5776,0.5521,-0.0206,0.0058,0.0278,-0.1290
0.1128,0.1516,0.2030,0.2058,0.1092,0.0665,-0.0280,0.0377,0.1553,1.0000,0.4327,0.5676,0.0969,0.3252,0.2195,0.1412,-0.0134,0.0218,-0.0556,-0.0710,0.2565,0.1216,-0.0043,0.1412,0.1666,0.2621,0.2499,0.2298,0.1564,0.2676,0.1909,-0.1626,-0.1004,0.2261,0.0825
0.2766,0.4008,0.2644,0.2268,0.2632,0.0076,0.0320,-0.0138,0.3775,0.4327,1.0000,0.3900,0.0732,0.3631,-0.0047,0.1880,0.0556,0.0927,0.0523,0.0633,0.1434,0.0981,-0.0411,0.3163,0.1278,0.3420,0.4509,0.0339,0.0338,0.3154,0.3719,-0.1391,-0.0966,0.4047,0.2448
0.2418,0.3621,0.2044,0.1187,0.2167,-0.0009,0.0642,0.0300,0.1952,0.5676,0.3900,1.0000,0.2265,0.0054,-0.0348,-0.0006,-0.1078,-0.0219,-0.0138,-0.0090,0.1105,0.2859,-0.1086,0.3363,0.0850,0.3187,0.3385,-0.0429,-0.0123,0.1618,0.2871,-0.0372,-0.0683,-0.0238,-0.0154
0.0882,0.1425,-0.0343,-0.1070,-0.0086,-0.0218,0.0740,-0.0037,0.2063,0.0969,0.0732,0.2265,1.0000,-0.2244,-0.0167,-0.0979,-0.1211,-0.0676,-0.0627,-0.0388,-0.0753,0.0859,-0.1858,0.0952,-0.0754,0.1201,0.1769,-0.1442,-0.2756,0.1825,0.3480,-0.3054,-0.1771,-0.1807,-0.1847
-0.0031,0.0242,0.2063,0.2964,0.1194,0.1687,0.0047,0.1018,0.1721,0.3252,0.3631,0.0054,-0.2244,1.0000,0.2282,0.2220,0.1631,0.1937,0.1612,0.0278,0.3165,0.0090,0.1913,0.1147,0.2754,0.1796,0.0909,0.4308,0.4848,0.2304,0.1292,0.1492,0.3446,0.3835,0.2836
0.0083,0.1316,0.1137,0.1085,-0.0157,0.0043,-0.2691,-0.0964,-0.2643,0.2195,-0.0047,-0.0348,-0.0167,0.2282,1.0000,0.5177,0.5279,-0.0031,0.0763,-0.0256,0.2583,0.1058,0.3590,0.1522,0.2569,-0.1979,-0.1241,0.3334,-0.1042,-0.0221,0.0192,0.0042,0.2239,0.2253,0.3792
-0.0694,0.1016,0.0338,0.0613,0.1628,0.1193,-0.2680,0.0592,-0.2845,0.1412,0.1880,-0.0006,-0.0979,0.2220,0.5177,1.0000,0.5844,0.0612,0.1746,0.0193,0.1523,0.0544,0.3674,0.1437,0.1715,-0.0237,0.0354,0.3786,-0.0407,0.0247,-0.0425,0.0286,0.1876,0.4015,0.4983
-0.0038,0.1005,0.1483,0.1476,0.1033,0.1702,-0.2237,0.0018,-0.1724,-0.0134,0.0556,-0.1078,-0.1211,0.1631,0.5279,0.5844,1.0000,0.2251,0.2594,0.1939,0.1095,0.0505,0.4325,0.1397,0.1711,-0.0131,-0.0102,0.2775,-0.1009,-0.0455,0.0390,0.0396,0.3204,0.3712,0.5564
0.0708,0.0289,0.3595,0.3953,0.2080,0.2293,0.2197,0.0614,0.1035,0.0218,0.0927,-0.0219,-0.0676,0.1937,-0.0031,0.0612,0.2251,1.0000,0.6530,0.7431,0.1865,0.2218,0.2351,0.2169,0.2080,0.2768,0.1889,0.0701,0.2113,0.0917,0.1296,0.1016,0.0886,0.4086,0.3959
0.0056,0.0097,0.1723,0.1862,0.1169,0.2996,0.0456,0.1243,0.0906,-0.0556,0.0523,-0.0138,-0.0627,0.1612,0.0763,0.1746,0.2594,0.6530,1.0000,0.4870,0.1033,0.1334,0.2714,0.1572,0.1364,0.1754,0.1549,0.0776,0.1731,0.0336,0.0883,0.1742,0.1562,0.1572,0.2067
0.0568,0.0083,0.1615,0.2478,0.2668,0.1721,0.0882,0.0348,0.0574,-0.0710,0.0633,-0.0090,-0.0388,0.0278,-0.0256,0.0193,0.1939,0.7431,0.4870,1.0000,-0.1308,0.1658,-0.0345,0.1103,-0.1182,0.1897,0.1551,-0.1362,0.0612,0.0245,0.1299,0.0362,-0.0855,0.3722,0.3672
0.1652,0.2074,0.5311,0.4401,-0.0826,0.0505,0.1954,0.1257,0.0335,0.2565,0.1434,0.1105,-0.0753,0.3165,0.2583,0.1523,0.1095,0.1865,0.1033,-0.1308,1.0000,0.2420,0.5770,0.3562,0.8140,0.1201,0.0261,0.4326,0.2156,0.1449,0.0782,0.1887,0.3214,0.2800,0.3402
0.5857,0.4511,0.3866,0.3748,0.5264,-0.1341,0.0244,-0.1534,0.0488,0.1216,0.0981,0.2859,0.0859,0.0090,0.1058,0.0544,0.0505,0.2218,0.1334,0.1658,0.2420,1.0000,0.2004,0.6124,0.2606,0.3118,0.2380,0.0434,0.0299,0.0493,0.1652,0.1559,0.1153,0.0255,0.1484
0.1409,0.1269,0.3730,0.3599,-0.0729,0.1888,-0.0505,0.1436,-0.1584,-0.0043,-0.0411,-0.1086,-0.1858,0.1913,0.3590,0.3674,0.4325,0.2351,0.2714,-0.0345,0.5770,0.2004,1.0000,0.2683,0.6349,0.0600,-0.0228,0.4118,0.1297,0.0015,-0.0533,0.2729,0.3924,0.2860,0.4510
0.4256,0.6474,0.3908,0.2660,0.3572,-0.1122,0.0631,-0.1077,0.1072,0.1412,0.3163,0.3363,0.0952,0.1147,0.1522,0.1437,0.1397,0.2169,0.1572,0.1103,0.3562,0.6124,0.2683,1.0000,0.3775,0.2922,0.3730,0.0325,-0.0177,0.0092,0.2475,0.1333,0.1042,0.0843,0.2644
0.1793,0.2061,0.5788,0.4644,-0.0794,0.1186,0.1594,0.1921,0.0119,0.1666,0.1278,0.0850,-0.0754,0.2754,0.2569,0.1715,0.1711,0.2080,0.1364,-0.1182,0.8140,0.2606,0.6349,0.3775,1.0000,0.1455,0.0773,0.3395,0.1202,0.0993,0.0784,0.1860,0.3345,0.2544,0.4031
0.3766,0.3069,0.2822,0.2577,0.2936,0.2685,0.1095,0.2143,0.3625,0.2621,0.3420,0.3187,0.1201,0.1796,-0.1979,-0.0237,-0.0131,0.2768,0.1754,0.1897,0.1201,0.3118,0.0600,0.2922,0.1455,1.0000,0.7679,-0.0385,0.0875,0.2493,0.2803,-0.0634,-0.0627,0.1486,0.1165
0.3447,0.4049,0.2529,0.1688,0.3208,0.1159,0.0258,0.1237,0.3498,0.2499,0.4509,0.3385,0.1769,0.0909,-0.1241,0.0354,-0.0102,0.1889,0.1549,0.1551,0.0261,0.2380,-0.0228,0.3730,0.0773,0.7679,1.0000,-0.1289,-0.0419,0.1866,0.3028,-0.0709,-0.1772,0.1062,0.0933
-0.0774,-0.0481,0.1309,0.2000,0.0386,-0.0089,-0.1260,-0.0301,-0.0673,0.2298,0.0339,-0.0429,-0.1442,0.4308,0.3334,0.3786,0.2775,0.0701,0.0776,-0.1362,0.4326,0.0434,0.4118,0.0325,0.3395,-0.0385,-0.1289,1.0000,0.3925,0.2672,0.0543,0.2057,0.4873,0.3548,0.2992
0.0043,-0.0518,0.1171,0.2323,0.0405,0.0486,-0.0622,0.1041,0.2115,0.1564,0.0338,-0.0123,-0.2756,0.4848,-0.1042,-0.0407,-0.1009,0.2113,0.1731,0.0612,0.2156,0.0299,0.1297,-0.0177,0.1202,0.0875,-0.0419,0.3925,1.0000,0.2828,0.1077,0.5259,0.3071,0.2109,0.0685
0.1162,0.0435,0.2211,0.2161,0.1649,-0.0192,-0.0044,0.0297,0.5776,0.2676,0.3154,0.1618,0.1825,0.2304,-0.0221,0.0247,-0.0455,0.0917,0.0336,0.0245,0.1449,0.0493,0.0015,0.0092,0.0993,0.2493,0.1866,0.2672,0.2828,1.0000,0.7063,-0.0250,0.2202,0.2603,0.0434
0.1965,0.2792,0.2796,0.1902,0.2139,-0.0399,0.0439,-0.0215,0.5521,0.1909,0.3719,0.2871,0.3480,0.1292,0.0192,-0.0425,0.0390,0.1296,0.0883,0.1299,0.0782,0.1652,-0.0533,0.2475,0.0784,0.2803,0.3028,0.0543,0.1077,0.7063,1.0000,0.0669,0.2276,0.0836,0.0593
0.0813,0.0927,0.1398,0.1642,0.0142,-0.0412,-0.0805,0.0096,-0.0206,-0.1626,-0.1391,-0.0372,-0.3054,0.1492,0.0042,0.0286,0.0396,0.1016,0.1742,0.0362,0.1887,0.1559,0.2729,0.1333,0.1860,-0.0634,-0.0709,0.2057,0.5259,-0.0250,0.0669,1.0000,0.4899,-0.0371,0.1553
-0.0253,-0.0139,0.2264,0.2091,0.0049,0.0167,-0.0429,-0.0227,0.0058,-0.1004,-0.0966,-0.0683,-0.1771,0.3446,0.2239,0.1876,0.3204,0.0886,0.1562,-0.0855,0.3214,0.1153,0.3924,0.1042,0.3345,-0.0627,-0.1772,0.4873,0.3071,0.2202,0.2276,0.4899,1.0000,0.0988,0.2721
0.1309,0.0788,0.3555,0.4689,0.1533,0.1175,-0.1414,0.0308,0.0278,0.2261,0.4047,-0.0238,-0.1807,0.3835,0.2253,0.4015,0.3712,0.4086,0.1572,0.3722,0.2800,0.0255,0.2860,0.0843,0.2544,0.1486,0.1062,0.3548,0.2109,0.2603,0.0836,-0.0371,0.0988,1.0000,0.7372
0.1628,0.2000,0.3918,0.4399,0.1600,0.1196,-0.1518,0.0054,-0.1290,0.0825,0.2448,-0.0154,-0.1847,0.2836,0.3792,0.4983,0.5564,0.3959,0.2067,0.3672,0.3402,0.1484,0.4510,0.2644,0.4031,0.1165,0.0933,0.2992,0.0685,0.0434,0.0593,0.1553,0.2721,0.7372,1.0000
