0.000000,0.703631,0.198341,0.103900,0.357936,-0.278238,-0.158523,-0.131678,0.431477,0.482666,0.421418,0.566892,0.394557,0.222289,0.417393,0.194730,0.216026,0.105250,0.050848,0.076328,0.124720,0.434672,0.095968,0.421524,0.261226,0.232570,0.222624,0.214122,0.438396,0.432804,0.440182,0.548641,0.183199,0.154315,0.085701
0.703631,0.000000,0.212016,0.137496,0.325095,-0.220018,-0.061503,0.001729,0.212914,0.506866,0.428831,0.542964,0.319773,0.093064,0.503310,0.231398,0.386838,-0.015645,0.027470,0.006584,0.107379,0.318308,0.146820,0.326459,0.124994,0.189670,0.187160,0.078065,0.373310,0.387210,0.356441,0.557511,0.108610,0.027957,0.039736
0.198341,0.212016,0.000000,0.379438,0.185868,0.063255,0.158357,-0.150745,0.074157,0.260590,0.238969,0.327505,-0.017879,0.084258,0.325230,0.080943,0.094416,0.301518,0.218060,0.323232,0.442840,0.288637,0.130897,0.352703,0.301947,0.035955,0.131731,0.470967,0.140957,0.182233,0.280181,0.133706,0.434496,0.288515,0.402184
0.103900,0.137496,0.379438,0.000000,0.056509,0.002711,0.282787,-0.182021,0.112416,0.166279,0.143918,0.177927,-0.087320,0.127306,0.246798,0.143416,0.101197,0.211711,0.392675,0.584721,0.223579,0.152207,-0.012149,0.139115,0.359267,0.086865,-0.072289,0.515996,0.077172,0.114414,-0.015878,0.092936,0.601470,0.086488,0.322971
0.357936,0.325095,0.185868,0.056509,0.000000,-0.188647,-0.016118,-0.112471,0.245965,0.229615,0.365589,0.157904,0.085313,-0.024532,0.061376,0.090647,0.063852,0.010362,-0.045067,0.000154,0.081034,0.159527,-0.162264,0.099336,-0.056611,0.162111,0.108518,0.182272,0.305554,0.404931,0.455611,0.246914,0.150345,0.075262,0.022405
-0.278238,-0.220018,0.063255,0.002711,-0.188647,0.000000,-0.178954,-0.010313,-0.024122,-0.269397,0.026594,-0.198726,-0.128042,0.108998,-0.183852,0.075068,0.171882,0.097821,0.062621,0.082947,0.036690,-0.172652,-0.024814,-0.095578,-0.003855,0.133960,0.107637,0.029273,-0.082357,-0.100378,-0.132869,-0.183727,0.005994,0.124931,0.157784
-0.158523,-0.061503,0.158357,0.282787,-0.016118,-0.178954,0.000000,0.010051,-0.145422,-0.067476,-0.081143,-0.007115,-0.113677,-0.252337,0.058660,-0.217227,-0.255542,-0.098987,-0.000824,0.070478,0.012244,-0.011874,0.016611,-0.045159,0.049075,-0.243647,-0.251134,0.049752,-0.309388,-0.101318,-0.179917,-0.170392,0.111125,-0.166179,-0.051125
-0.131678,0.001729,-0.150745,-0.182021,-0.112471,-0.010313,0.010051,0.000000,-0.162143,-0.003124,-0.194904,-0.073434,0.173884,-0.120841,0.102288,-0.146524,0.153198,-0.358815,-0.317879,-0.427832,-0.088978,-0.028482,0.178317,-0.100090,-0.024310,-0.002946,0.032937,-0.367189,-0.098515,-0.077152,-0.290786,0.036828,-0.368111,-0.307745,-0.392061
0.431477,0.212914,0.074157,0.112416,0.245965,-0.024122,-0.145422,-0.162143,0.000000,0.238928,0.322016,0.212225,0.196019,0.271255,0.175348,-0.014420,0.018284,0.139706,0.115269,0.180586,0.110794,0.330929,0.017160,0.356062,0.256809,0.241806,0.157414,0.275846,0.270352,0.357427,0.276950,0.278674,0.254010,0.228554,0.122085
0.482666,0.506866,0.260590,0.166279,0.229615,-0.269397,-0.067476,-0.003124,0.238928,0.000000,0.296729,0.647263,0.246046,0.153931,0.656945,0.235550,0.276848,0.157747,0.033448,0.094657,0.364022,0.547462,0.415139,0.453035,0.377847,0.194597,0.174960,0.222202,0.449743,0.368112,0.400779,0.520015,0.255961,0.166996,0.219986
0.421418,0.428831,0.238969,0.143918,0.365589,0.026594,-0.081143,-0.194904,0.322016,0.296729,0.000000,0.279923,0.227952,0.142653,0.204084,0.201573,0.094031,0.056625,-0.012085,0.093136,0.154111,0.257282,-0.034611,0.269957,0.137595,0.172695,0.085459,0.220795,0.298202,0.466699,0.469874,0.320331,0.211100,0.312567,0.202196
0.566892,0.542964,0.327505,0.177927,0.157904,-0.198726,-0.007115,-0.073434,0.212225,0.647263,0.279923,0.000000,0.187880,0.109819,0.714785,0.134398,0.206397,0.176698,0.053420,0.145327,0.258512,0.591279,0.445626,0.603478,0.388563,0.088434,0.068587,0.198119,0.229013,0.282565,0.337025,0.461138,0.239930,0.161692,0.206645
0.394557,0.319773,-0.017879,-0.087320,0.085313,-0.128042,-0.113677,0.173884,0.196019,0.246046,0.227952,0.187880,0.000000,0.180377,0.164023,0.165103,0.206079,-0.108076,-0.215296,-0.222352,-0.043125,0.225670,0.114040,0.174291,0.172835,0.355309,0.323355,-0.026150,0.323673,0.284999,0.280183,0.406387,-0.086237,0.076520,-0.152132
0.222289,0.093064,0.084258,0.127306,-0.024532,0.108998,-0.252337,-0.120841,0.271255,0.153931,0.142653,0.109819,0.180377,0.000000,0.183477,0.526007,0.289829,0.219330,0.137860,0.119773,0.202293,0.251623,0.100589,0.250518,0.239445,0.527703,0.319231,0.324631,0.305908,0.282120,0.260233,0.234507,0.185303,0.336569,0.185161
0.417393,0.503310,0.325230,0.246798,0.061376,-0.183852,0.058660,0.102288,0.175348,0.656945,0.204084,0.714785,0.164023,0.183477,0.000000,0.215772,0.298765,0.080168,0.021690,0.087428,0.322156,0.664812,0.448426,0.628960,0.432412,0.097936,0.038969,0.201104,0.225736,0.340356,0.242576,0.434060,0.239183,0.049398,0.128951
0.194730,0.231398,0.080943,0.143416,0.090647,0.075068,-0.217227,-0.146524,-0.014420,0.235550,0.201573,0.134398,0.165103,0.526007,0.215772,0.000000,0.370737,0.193729,0.162722,0.179230,0.188160,0.158688,0.160715,0.160300,0.098848,0.528974,0.428721,0.280487,0.350468,0.230722,0.352815,0.235454,0.123202,0.288210,0.265970
0.216026,0.386838,0.094416,0.101197,0.063852,0.171882,-0.255542,0.153198,0.018284,0.276848,0.094031,0.206397,0.206079,0.289829,0.298765,0.370737,0.000000,0.099956,0.037956,-0.030344,0.134837,0.095994,0.373466,0.048486,0.105539,0.243019,0.238532,0.009089,0.395945,0.257213,0.050427,0.392553,-0.018777,0.098693,0.081213
0.105250,-0.015645,0.301518,0.211711,0.010362,0.097821,-0.098987,-0.358815,0.139706,0.157747,0.056625,0.176698,-0.108076,0.219330,0.080168,0.193729,0.099956,0.000000,0.635362,0.673622,0.317069,0.151966,0.331157,0.185347,0.351807,0.151531,0.138570,0.505612,0.113604,0.064755,0.168789,0.084236,0.463839,0.627004,0.671459
0.050848,0.027470,0.218060,0.392675,-0.045067,0.062621,-0.000824,-0.317879,0.115269,0.033448,-0.012085,0.053420,-0.215296,0.137860,0.021690,0.162722,0.037956,0.635362,0.000000,0.690935,0.184785,0.006623,0.106504,0.073792,0.288417,0.124288,0.133283,0.475687,0.050254,-0.096881,0.050353,-0.037856,0.516587,0.304169,0.495160
0.076328,0.006584,0.323232,0.584721,0.000154,0.082947,0.070478,-0.427832,0.180586,0.094657,0.093136,0.145327,-0.222352,0.119773,0.087428,0.179230,-0.030344,0.673622,0.690935,0.000000,0.218420,0.073151,0.076324,0.126166,0.279787,0.071635,0.034397,0.595097,0.058368,-0.042209,0.124343,-0.004476,0.656152,0.438805,0.702020
0.124720,0.107379,0.442840,0.223579,0.081034,0.036690,0.012244,-0.088978,0.110794,0.364022,0.154111,0.258512,-0.043125,0.202293,0.322156,0.188160,0.134837,0.317069,0.184785,0.218420,0.000000,0.452572,0.330310,0.347980,0.465716,0.198749,0.128855,0.518390,0.175155,0.229745,0.226659,0.051415,0.463520,0.320802,0.368632
0.434672,0.318308,0.288637,0.152207,0.159527,-0.172652,-0.011874,-0.028482,0.330929,0.547462,0.257282,0.591279,0.225670,0.251623,0.664812,0.158688,0.095994,0.151966,0.006623,0.073151,0.452572,0.000000,0.399295,0.823794,0.513906,0.241247,0.169366,0.313217,0.245393,0.351986,0.355604,0.325150,0.336555,0.198606,0.206271
0.095968,0.146820,0.130897,-0.012149,-0.162264,-0.024814,0.016611,0.178317,0.017160,0.415139,-0.034611,0.445626,0.114040,0.100589,0.448426,0.160715,0.373466,0.331157,0.106504,0.076324,0.330310,0.399295,0.000000,0.364795,0.449196,0.109216,0.119842,0.065317,0.075650,0.056963,0.055662,0.273402,0.075550,0.268836,0.275460
0.421524,0.326459,0.352703,0.139115,0.099336,-0.095578,-0.045159,-0.100090,0.356062,0.453035,0.269957,0.603478,0.174291,0.250518,0.628960,0.160300,0.048486,0.185347,0.073792,0.126166,0.347980,0.823794,0.364795,0.000000,0.466448,0.240731,0.226384,0.327953,0.209359,0.314422,0.376613,0.335920,0.308505,0.221791,0.249452
0.261226,0.124994,0.301947,0.359267,-0.056611,-0.003855,0.049075,-0.024310,0.256809,0.377847,0.137595,0.388563,0.172835,0.239445,0.432412,0.098848,0.105539,0.351807,0.288417,0.279787,0.465716,0.513906,0.449196,0.466448,0.000000,0.146666,0.013184,0.530891,0.126032,0.216507,0.184831,0.246898,0.568123,0.282194,0.311202
0.232570,0.189670,0.035955,0.086865,0.162111,0.133960,-0.243647,-0.002946,0.241806,0.194597,0.172695,0.088434,0.355309,0.527703,0.097936,0.528974,0.243019,0.151531,0.124288,0.071635,0.198749,0.241247,0.109216,0.240731,0.146666,0.000000,0.718886,0.280515,0.416829,0.222752,0.298642,0.346530,0.133536,0.271744,0.153622
0.222624,0.187160,0.131731,-0.072289,0.108518,0.107637,-0.251134,0.032937,0.157414,0.174960,0.085459,0.068587,0.323355,0.319231,0.038969,0.428721,0.238532,0.138570,0.133283,0.034397,0.128855,0.169366,0.119842,0.226384,0.013184,0.718886,0.000000,0.157677,0.471036,0.102386,0.319931,0.281298,0.013194,0.190673,0.183516
0.214122,0.078065,0.470967,0.515996,0.182272,0.029273,0.049752,-0.367189,0.275846,0.222202,0.220795,0.198119,-0.026150,0.324631,0.201104,0.280487,0.009089,0.505612,0.475687,0.595097,0.518390,0.313217,0.065317,0.327953,0.530891,0.280515,0.157677,0.000000,0.224058,0.285950,0.371558,0.118237,0.762619,0.437158,0.537096
0.438396,0.373310,0.140957,0.077172,0.305554,-0.082357,-0.309388,-0.098515,0.270352,0.449743,0.298202,0.229013,0.323673,0.305908,0.225736,0.350468,0.395945,0.113604,0.050254,0.058368,0.175155,0.245393,0.075650,0.209359,0.126032,0.416829,0.471036,0.224058,0.000000,0.517054,0.558761,0.586175,0.188412,0.178537,0.206090
0.432804,0.387210,0.182233,0.114414,0.404931,-0.100378,-0.101318,-0.077152,0.357427,0.368112,0.466699,0.282565,0.284999,0.282120,0.340356,0.230722,0.257213,0.064755,-0.096881,-0.042209,0.229745,0.351986,0.056963,0.314422,0.216507,0.222752,0.102386,0.285950,0.517054,0.000000,0.562184,0.468805,0.204038,0.240288,0.047920
0.440182,0.356441,0.280181,-0.015878,0.455611,-0.132869,-0.179917,-0.290786,0.276950,0.400779,0.469874,0.337025,0.280183,0.260233,0.242576,0.352815,0.050427,0.168789,0.050353,0.124343,0.226659,0.355604,0.055662,0.376613,0.184831,0.298642,0.319931,0.371558,0.558761,0.562184,0.000000,0.464182,0.318486,0.336423,0.312946
0.548641,0.557511,0.133706,0.092936,0.246914,-0.183727,-0.170392,0.036828,0.278674,0.520015,0.320331,0.461138,0.406387,0.234507,0.434060,0.235454,0.392553,0.084236,-0.037856,-0.004476,0.051415,0.325150,0.273402,0.335920,0.246898,0.346530,0.281298,0.118237,0.586175,0.468805,0.464182,0.000000,0.103918,0.151325,0.059851
0.183199,0.108610,0.434496,0.601470,0.150345,0.005994,0.111125,-0.368111,0.254010,0.255961,0.211100,0.239930,-0.086237,0.185303,0.239183,0.123202,-0.018777,0.463839,0.516587,0.656152,0.463520,0.336555,0.075550,0.308505,0.568123,0.133536,0.013194,0.762619,0.188412,0.204038,0.318486,0.103918,0.000000,0.407215,0.595475
0.154315,0.027957,0.288515,0.086488,0.075262,0.124931,-0.166179,-0.307745,0.228554,0.166996,0.312567,0.161692,0.076520,0.336569,0.049398,0.288210,0.098693,0.627004,0.304169,0.438805,0.320802,0.198606,0.268836,0.221791,0.282194,0.271744,0.190673,0.437158,0.178537,0.240288,0.336423,0.151325,0.407215,0.000000,0.700582
0.085701,0.039736,0.402184,0.322971,0.022405,0.157784,-0.051125,-0.392061,0.122085,0.219986,0.202196,0.206645,-0.152132,0.185161,0.128951,0.265970,0.081213,0.671459,0.495160,0.702020,0.368632,0.206271,0.275460,0.249452,0.311202,0.153622,0.183516,0.537096,0.206090,0.047920,0.312946,0.059851,0.595475,0.700582,0.000000
