1.0000,0.7052,0.1258,0.1413,-0.1214,-0.0658,-0.3119,-0.0793,0.3110,0.1645,0.4060,0.1742,0.2220,-0.2273,-0.1019,0.0171,-0.1081,0.1227,0.0202,0.1354,0.1756,0.4487,-0.1209,0.3665,-0.0016,0.3411,0.2734,0.1834,0.2288,0.3608,0.2670,-0.0263,0.0603,0.3153,0.2727
0.7052,1.0000,0.1834,0.1781,-0.2441,0.0128,-0.3785,-0.0317,0.3777,0.1844,0.4161,0.2654,0.3232,-0.2353,0.0110,0.0058,-0.0058,0.2183,0.1270,0.1991,0.2645,0.4217,-0.0819,0.4349,-0.0084,0.3673,0.3342,0.1521,0.2338,0.3650,0.2652,-0.0386,0.0607,0.3172,0.2627
0.1258,0.1834,1.0000,0.7551,0.1649,0.1260,0.0928,0.0617,0.0816,0.0800,0.2312,0.1510,0.0748,0.0399,0.1015,0.2763,0.2427,0.3078,0.1758,0.2513,0.4356,0.3397,0.1192,0.3529,0.2919,0.2646,0.2860,0.3733,0.1496,0.1678,0.1587,0.2731,0.3802,0.3283,0.3738
0.1413,0.1781,0.7551,1.0000,0.1797,0.1396,0.1062,0.0334,0.1494,0.1024,0.2783,0.0841,0.0635,0.0504,0.0732,0.3736,0.3062,0.3394,0.1831,0.3655,0.3675,0.3623,0.0205,0.3237,0.3701,0.2557,0.2475,0.2997,0.1575,0.1808,0.1182,0.1747,0.3040,0.3652,0.4341
-0.1214,-0.2441,0.1649,0.1797,1.0000,-0.1672,0.2945,-0.1260,-0.0822,-0.0403,-0.0849,-0.0265,-0.0511,-0.0077,-0.1329,0.0380,0.0571,-0.0055,0.0815,-0.0504,0.0997,0.0531,0.1662,-0.0260,0.1068,-0.0460,0.0183,0.1203,0.0785,-0.1554,-0.1604,0.1118,0.1403,-0.0372,0.0008
-0.0658,0.0128,0.1260,0.1396,-0.1672,1.0000,0.1123,0.3459,0.0822,-0.0178,0.0083,-0.0448,-0.0025,0.2121,0.1169,0.1871,0.2885,-0.0214,-0.1487,0.0645,0.0489,-0.1627,-0.2178,-0.1532,-0.0333,0.1941,0.1667,0.0332,0.0375,-0.0211,-0.0505,-0.1590,-0.0724,-0.0073,0.0193
-0.3119,-0.3785,0.0928,0.1062,0.2945,0.1123,1.0000,0.1621,-0.1046,-0.0553,-0.0400,-0.0579,-0.0473,0.2245,0.0096,0.0821,0.0461,-0.1861,-0.2217,-0.2409,-0.0966,-0.2086,-0.0918,-0.2347,-0.1318,-0.0190,0.0212,-0.0130,-0.0038,-0.1389,-0.0827,0.1073,-0.0141,-0.1586,-0.0894
-0.0793,-0.0317,0.0617,0.0334,-0.1260,0.3459,0.1621,1.0000,0.0203,-0.0783,-0.0703,-0.1185,-0.0459,0.1318,0.1137,0.1533,0.0996,-0.0407,-0.0865,-0.0323,0.0112,-0.1317,-0.1010,-0.1650,-0.0718,0.1065,0.0805,-0.0647,0.0510,-0.0608,-0.0349,-0.0789,-0.0370,-0.1125,-0.1240
0.3110,0.3777,0.0816,0.1494,-0.0822,0.0822,-0.1046,0.0203,1.0000,0.5345,0.4490,0.2227,0.4269,-0.0421,-0.1845,0.0499,-0.1224,0.0453,-0.0877,0.1176,0.1843,0.2055,-0.1653,0.1876,-0.0581,0.4441,0.4002,0.1926,0.6050,0.2662,0.2361,0.0370,-0.0123,0.0136,0.0388
0.1645,0.1844,0.0800,0.1024,-0.0403,-0.0178,-0.0553,-0.0783,0.5345,1.0000,0.4511,0.2867,0.2237,0.0448,-0.0522,0.1077,-0.0462,0.0327,-0.0789,0.0701,0.1621,0.2308,-0.0945,0.1774,-0.0605,0.1826,0.1975,0.0303,0.4896,0.2281,0.1359,0.0553,-0.0405,0.0874,0.1167
0.4060,0.4161,0.2312,0.2783,-0.0849,0.0083,-0.0400,-0.0703,0.4490,0.4511,1.0000,0.2072,0.3863,-0.1129,-0.1694,0.1832,-0.1091,0.2278,0.0081,0.2666,0.1526,0.3805,-0.0900,0.3157,-0.1345,0.3929,0.3618,0.2385,0.4252,0.5416,0.4280,0.0305,0.0201,0.4947,0.4892
0.1742,0.2654,0.1510,0.0841,-0.0265,-0.0448,-0.0579,-0.1185,0.2227,0.2867,0.2072,1.0000,0.3004,-0.1830,-0.0361,0.0410,-0.0593,0.0190,0.0144,0.0331,0.2967,0.1152,-0.1064,0.2119,-0.0058,0.1245,0.1966,0.1990,0.2314,0.1012,0.2439,0.2321,0.0905,0.2190,0.1639
0.2220,0.3232,0.0748,0.0635,-0.0511,-0.0025,-0.0473,-0.0459,0.4269,0.2237,0.3863,0.3004,1.0000,-0.2426,-0.1457,0.0058,-0.1870,0.2344,0.0918,0.2139,0.2077,0.1527,-0.0934,0.2063,-0.0380,0.3971,0.4374,0.3259,0.4161,0.2160,0.4333,0.2790,0.1700,0.0954,0.1657
-0.2273,-0.2353,0.0399,0.0504,-0.0077,0.2121,0.2245,0.1318,-0.0421,0.0448,-0.1129,-0.1830,-0.2426,1.0000,0.4116,0.3483,0.3768,0.0302,-0.1099,0.0199,-0.0188,-0.0813,0.0169,-0.1401,0.0988,-0.1016,-0.1085,-0.0287,-0.0856,-0.1920,-0.0969,-0.0196,0.0033,-0.1286,-0.1074
-0.1019,0.0110,0.1015,0.0732,-0.1329,0.1169,0.0096,0.1137,-0.1845,-0.0522,-0.1694,-0.0361,-0.1457,0.4116,1.0000,0.2841,0.3866,0.1848,0.1194,0.1219,0.0911,-0.0645,0.0331,-0.0400,0.1428,-0.1046,-0.0524,0.0170,-0.1879,-0.0774,0.0152,0.0079,0.0783,0.0011,-0.0282
0.0171,0.0058,0.2763,0.3736,0.0380,0.1871,0.0821,0.1533,0.0499,0.1077,0.1832,0.0410,0.0058,0.3483,0.2841,1.0000,0.3723,0.3837,0.2378,0.3319,0.1388,0.1688,0.0378,0.1061,0.1812,0.2382,0.2290,0.0397,0.0292,0.0273,0.1435,0.1101,0.1147,0.3706,0.3717
-0.1081,-0.0058,0.2427,0.3062,0.0571,0.2885,0.0461,0.0996,-0.1224,-0.0462,-0.1091,-0.0593,-0.1870,0.3768,0.3866,0.3723,1.0000,0.2548,0.1422,0.2252,0.0608,0.0930,0.2075,0.0435,0.2815,0.0748,0.0501,0.0199,-0.1417,-0.0923,-0.1680,-0.0492,-0.0059,0.0479,-0.0081
0.1227,0.2183,0.3078,0.3394,-0.0055,-0.0214,-0.1861,-0.0407,0.0453,0.0327,0.2278,0.0190,0.2344,0.0302,0.1848,0.3837,0.2548,1.0000,0.6763,0.6751,0.3511,0.4324,0.3524,0.4427,0.3241,0.4236,0.4320,0.2334,0.1486,0.1033,0.1372,0.0898,0.1006,0.3874,0.4151
0.0202,0.1270,0.1758,0.1831,0.0815,-0.1487,-0.2217,-0.0865,-0.0877,-0.0789,0.0081,0.0144,0.0918,-0.1099,0.1194,0.2378,0.1422,0.6763,1.0000,0.4371,0.2451,0.3198,0.4332,0.3676,0.2681,0.2304,0.2693,0.0798,0.0257,0.0162,0.0106,0.1042,0.1024,0.2481,0.1998
0.1354,0.1991,0.2513,0.3655,-0.0504,0.0645,-0.2409,-0.0323,0.1176,0.0701,0.2666,0.0331,0.2139,0.0199,0.1219,0.3319,0.2252,0.6751,0.4371,1.0000,0.2406,0.1825,0.0849,0.1811,0.2598,0.2543,0.2767,0.2187,0.0972,0.1019,0.1574,0.0781,0.1134,0.3350,0.4041
0.1756,0.2645,0.4356,0.3675,0.0997,0.0489,-0.0966,0.0112,0.1843,0.1621,0.1526,0.2967,0.2077,-0.0188,0.0911,0.1388,0.0608,0.3511,0.2451,0.2406,1.0000,0.3172,0.0760,0.3884,0.3306,0.2861,0.3379,0.4025,0.3134,0.1653,0.1955,0.2524,0.3136,0.3161,0.3277
0.4487,0.4217,0.3397,0.3623,0.0531,-0.1627,-0.2086,-0.1317,0.2055,0.2308,0.3805,0.1152,0.1527,-0.0813,-0.0645,0.1688,0.0930,0.4324,0.3198,0.1825,0.3172,1.0000,0.2945,0.7563,0.3373,0.4178,0.3290,0.1883,0.2454,0.2939,0.1853,0.0373,0.1254,0.3926,0.3696
-0.1209,-0.0819,0.1192,0.0205,0.1662,-0.2178,-0.0918,-0.1010,-0.1653,-0.0945,-0.0900,-0.1064,-0.0934,0.0169,0.0331,0.0378,0.2075,0.3524,0.4332,0.0849,0.0760,0.2945,1.0000,0.3683,0.1652,-0.0115,-0.0322,0.0912,-0.0480,-0.0485,-0.0537,0.0393,0.0767,0.0196,-0.0158
0.3665,0.4349,0.3529,0.3237,-0.0260,-0.1532,-0.2347,-0.1650,0.1876,0.1774,0.3157,0.2119,0.2063,-0.1401,-0.0400,0.1061,0.0435,0.4427,0.3676,0.1811,0.3884,0.7563,0.3683,1.0000,0.3327,0.3846,0.3376,0.2266,0.2323,0.2234,0.1773,0.0868,0.1725,0.3559,0.3424
-0.0016,-0.0084,0.2919,0.3701,0.1068,-0.0333,-0.1318,-0.0718,-0.0581,-0.0605,-0.1345,-0.0058,-0.0380,0.0988,0.1428,0.1812,0.2815,0.3241,0.2681,0.2598,0.3306,0.3373,0.1652,0.3327,1.0000,0.1011,0.0959,0.1592,-0.0753,-0.0441,-0.0182,0.1962,0.2841,0.0495,0.0945
0.3411,0.3673,0.2646,0.2557,-0.0460,0.1941,-0.0190,0.1065,0.4441,0.1826,0.3929,0.1245,0.3971,-0.1016,-0.1046,0.2382,0.0748,0.4236,0.2304,0.2543,0.2861,0.4178,-0.0115,0.3846,0.1011,1.0000,0.7658,0.3300,0.4465,0.2460,0.1820,0.1287,0.0719,0.2307,0.2690
0.2734,0.3342,0.2860,0.2475,0.0183,0.1667,0.0212,0.0805,0.4002,0.1975,0.3618,0.1966,0.4374,-0.1085,-0.0524,0.2290,0.0501,0.4320,0.2693,0.2767,0.3379,0.3290,-0.0322,0.3376,0.0959,0.7658,1.0000,0.3043,0.4408,0.2377,0.2246,0.2213,0.0671,0.2277,0.2448
0.1834,0.1521,0.3733,0.2997,0.1203,0.0332,-0.0130,-0.0647,0.1926,0.0303,0.2385,0.1990,0.3259,-0.0287,0.0170,0.0397,0.0199,0.2334,0.0798,0.2187,0.4025,0.1883,0.0912,0.2266,0.1592,0.3300,0.3043,1.0000,0.2771,0.2242,0.3812,0.3000,0.3629,0.1949,0.2759
0.2288,0.2338,0.1496,0.1575,0.0785,0.0375,-0.0038,0.0510,0.6050,0.4896,0.4252,0.2314,0.4161,-0.0856,-0.1879,0.0292,-0.1417,0.1486,0.0257,0.0972,0.3134,0.2454,-0.0480,0.2323,-0.0753,0.4465,0.4408,0.2771,1.0000,0.4249,0.3315,0.2493,0.0937,0.1307,0.1766
0.3608,0.3650,0.1678,0.1808,-0.1554,-0.0211,-0.1389,-0.0608,0.2662,0.2281,0.5416,0.1012,0.2160,-0.1920,-0.0774,0.0273,-0.0923,0.1033,0.0162,0.1019,0.1653,0.2939,-0.0485,0.2234,-0.0441,0.2460,0.2377,0.2242,0.4249,1.0000,0.4881,0.1188,0.2056,0.3289,0.3175
0.2670,0.2652,0.1587,0.1182,-0.1604,-0.0505,-0.0827,-0.0349,0.2361,0.1359,0.4280,0.2439,0.4333,-0.0969,0.0152,0.1435,-0.1680,0.1372,0.0106,0.1574,0.1955,0.1853,-0.0537,0.1773,-0.0182,0.1820,0.2246,0.3812,0.3315,0.4881,1.0000,0.4646,0.3697,0.2296,0.2794
-0.0263,-0.0386,0.2731,0.1747,0.1118,-0.1590,0.1073,-0.0789,0.0370,0.0553,0.0305,0.2321,0.2790,-0.0196,0.0079,0.1101,-0.0492,0.0898,0.1042,0.0781,0.2524,0.0373,0.0393,0.0868,0.1962,0.1287,0.2213,0.3000,0.2493,0.1188,0.4646,1.0000,0.4491,-0.0010,0.0690
0.0603,0.0607,0.3802,0.3040,0.1403,-0.0724,-0.0141,-0.0370,-0.0123,-0.0405,0.0201,0.0905,0.1700,0.0033,0.0783,0.1147,-0.0059,0.1006,0.1024,0.1134,0.3136,0.1254,0.0767,0.1725,0.2841,0.0719,0.0671,0.3629,0.0937,0.2056,0.3697,0.4491,1.0000,0.0879,0.2060
0.3153,0.3172,0.3283,0.3652,-0.0372,-0.0073,-0.1586,-0.1125,0.0136,0.0874,0.4947,0.2190,0.0954,-0.1286,0.0011,0.3706,0.0479,0.3874,0.2481,0.3350,0.3161,0.3926,0.0196,0.3559,0.0495,0.2307,0.2277,0.1949,0.1307,0.3289,0.2296,-0.0010,0.0879,1.0000,0.8119
0.2727,0.2627,0.3738,0.4341,0.0008,0.0193,-0.0894,-0.1240,0.0388,0.1167,0.4892,0.1639,0.1657,-0.1074,-0.0282,0.3717,-0.0081,0.4151,0.1998,0.4041,0.3277,0.3696,-0.0158,0.3424,0.0945,0.2690,0.2448,0.2759,0.1766,0.3175,0.2794,0.0690,0.2060,0.8119,1.0000
