0.000000,0.780685,0.025293,-0.159300,0.040908,-0.225930,0.032697,-0.184888,0.085519,0.305681,0.450048,0.377521,0.316594,-0.100780,0.247449,-0.033462,-0.096529,0.345502,0.182219,0.147296,0.325093,0.425944,0.192745,0.350199,0.344044,0.369229,0.354737,0.195422,0.158375,0.315260,0.290873,0.187293,0.252447,0.318656,0.285774
0.780685,0.000000,0.007559,-0.163787,-0.065890,-0.200126,-0.066888,-0.129994,0.009512,0.291037,0.413413,0.422367,0.236542,0.010819,0.315103,0.117104,0.092820,0.321595,0.194519,0.148179,0.280817,0.346378,0.237856,0.412673,0.340866,0.434797,0.480977,0.085066,0.071209,0.183644,0.308062,0.230296,0.170899,0.218390,0.254514
0.025293,0.007559,0.000000,0.739853,0.187294,0.227022,0.088405,0.175740,0.080750,0.257220,0.301836,0.118259,-0.036213,0.057458,-0.041054,0.171150,0.028040,0.231731,0.081142,0.301946,0.019889,-0.045868,-0.090422,0.110598,0.077846,-0.095777,-0.107800,0.161433,0.094796,0.272504,0.170482,0.026873,0.195566,0.159225,0.155150
-0.159300,-0.163787,0.739853,0.000000,0.199263,0.262777,0.155705,0.172951,0.222285,0.251200,0.231679,0.114627,-0.044732,0.180011,-0.075816,0.152256,0.154246,0.092565,-0.000435,0.258932,-0.208957,-0.091720,-0.161181,0.089187,-0.171932,-0.097230,-0.120862,0.243421,0.219781,0.280849,0.214952,0.127263,0.246827,0.001618,-0.011273
0.040908,-0.065890,0.187294,0.199263,0.000000,-0.094359,0.072624,0.066379,0.097681,0.104308,0.106415,0.055783,-0.150555,-0.070430,-0.165122,-0.066987,-0.020368,0.208559,0.115693,0.167000,-0.074951,0.299386,0.062198,0.369317,-0.030773,0.043453,0.029052,0.146757,-0.001244,0.036511,0.012637,-0.029320,0.018677,0.182194,0.135210
-0.225930,-0.200126,0.227022,0.262777,-0.094359,0.000000,0.006169,0.177101,0.078102,0.128282,0.014705,0.066239,-0.017161,0.067920,-0.205619,0.229976,0.152274,-0.161770,-0.152927,-0.093000,-0.216730,-0.278058,-0.169380,-0.175459,-0.211331,0.058654,-0.031139,-0.066657,0.138552,0.048786,-0.098749,0.053232,0.008168,-0.047135,-0.019970
0.032697,-0.066888,0.088405,0.155705,0.072624,0.006169,0.000000,-0.048553,-0.146891,-0.130514,-0.080752,-0.089978,-0.065968,-0.163518,-0.006015,-0.198451,-0.154475,0.148959,0.005328,0.128215,-0.000777,-0.001897,0.061775,0.032219,-0.037884,-0.095534,-0.129103,0.068275,-0.084292,0.009009,0.020408,-0.055716,0.095072,0.157540,0.086751
-0.184888,-0.129994,0.175740,0.172951,0.066379,0.177101,-0.048553,0.000000,0.020236,0.012927,0.002681,0.017213,-0.065429,0.083440,-0.115409,0.117899,-0.011442,0.121052,0.139841,0.169240,-0.068856,-0.252770,-0.134719,-0.160005,-0.020763,-0.082133,0.019467,0.085060,-0.092181,-0.117382,-0.149239,-0.129940,-0.060856,0.079001,0.085144
0.085519,0.009512,0.080750,0.222285,0.097681,0.078102,-0.146891,0.020236,0.000000,0.498287,0.390494,0.325025,0.365223,0.405038,0.096521,0.195837,0.212556,-0.095799,-0.253957,-0.217733,0.143394,0.111289,0.044485,0.104918,0.075474,0.291826,0.231109,0.360059,0.555028,0.300722,0.105262,0.124462,0.214024,0.065104,0.159061
0.305681,0.291037,0.257220,0.251200,0.104308,0.128282,-0.130514,0.012927,0.498287,0.000000,0.547049,0.661303,0.344997,0.301891,0.204685,0.227105,0.185975,0.091072,-0.056120,0.052904,0.136487,0.068429,-0.062011,0.117084,0.112331,0.174376,0.185840,0.268399,0.382080,0.257051,0.177220,0.163183,0.274240,0.216114,0.251130
0.450048,0.413413,0.301836,0.231679,0.106415,0.014705,-0.080752,0.002681,0.390494,0.547049,0.000000,0.560878,0.467845,0.099656,-0.010476,0.186059,0.026489,0.272364,0.111543,0.211218,0.185801,0.130811,-0.020563,0.248706,0.185219,0.297207,0.255502,0.286758,0.296380,0.480260,0.449823,0.154332,0.354800,0.375615,0.395804
0.377521,0.422367,0.118259,0.114627,0.055783,0.066239,-0.089978,0.017213,0.325025,0.661303,0.560878,0.000000,0.486594,0.076679,0.077962,0.091242,0.013613,0.115279,0.031463,0.044812,0.139906,0.126250,-0.003766,0.263354,0.161396,0.305594,0.365265,0.252263,0.167820,0.222652,0.259565,0.183467,0.363673,0.221699,0.293201
0.316594,0.236542,-0.036213,-0.044732,-0.150555,-0.017161,-0.065968,-0.065429,0.365223,0.344997,0.467845,0.486594,0.000000,0.031378,0.063596,0.015862,-0.119691,0.055296,-0.016026,-0.026569,0.205513,0.051692,-0.043600,0.094356,0.192136,0.121341,0.116129,0.278062,0.212718,0.303193,0.329745,0.188247,0.460877,0.056645,0.114870
-0.100780,0.010819,0.057458,0.180011,-0.070430,0.067920,-0.163518,0.083440,0.405038,0.301891,0.099656,0.076679,0.031378,0.000000,0.530542,0.685267,0.551479,0.007922,-0.259954,-0.080412,0.220663,0.058093,0.330262,0.087312,0.184165,0.122865,0.160386,0.192374,0.324686,0.118662,0.218083,0.298190,0.159886,0.125855,0.249700
0.247449,0.315103,-0.041054,-0.075816,-0.165122,-0.205619,-0.006015,-0.115409,0.096521,0.204685,-0.010476,0.077962,0.063596,0.530542,0.000000,0.390715,0.259134,0.154663,-0.069528,-0.000058,0.358343,0.328888,0.381595,0.246258,0.363611,0.070436,0.148972,0.032540,0.064266,-0.047780,0.112997,0.166708,0.103733,0.043934,0.163065
-0.033462,0.117104,0.171150,0.152256,-0.066987,0.229976,-0.198451,0.117899,0.195837,0.227105,0.186059,0.091242,0.015862,0.685267,0.390715,0.000000,0.572828,0.048174,-0.212443,-0.030749,0.234988,0.039047,0.403734,0.139252,0.263708,0.214349,0.226621,0.043363,0.102009,0.070711,0.235151,0.306954,0.094721,0.212890,0.351147
-0.096529,0.092820,0.028040,0.154246,-0.020368,0.152274,-0.154475,-0.011442,0.212556,0.185975,0.026489,0.013613,-0.119691,0.551479,0.259134,0.572828,0.000000,-0.091070,-0.231522,-0.101971,-0.019056,0.041605,0.322553,0.139666,-0.011201,0.244414,0.250251,-0.012684,0.166934,-0.021721,0.213741,0.332120,-0.006191,-0.011705,0.054239
0.345502,0.321595,0.231731,0.092565,0.208559,-0.161770,0.148959,0.121052,-0.095799,0.091072,0.272364,0.115279,0.055296,0.007922,0.154663,0.048174,-0.091070,0.000000,0.647499,0.719191,0.265245,0.108146,0.162018,0.210036,0.364846,0.030685,0.114513,0.275427,-0.106386,0.030650,0.130303,0.076233,0.197809,0.328616,0.332231
0.182219,0.194519,0.081142,-0.000435,0.115693,-0.152927,0.005328,0.139841,-0.253957,-0.056120,0.111543,0.031463,-0.016026,-0.259954,-0.069528,-0.212443,-0.231522,0.647499,0.000000,0.726223,-0.162588,-0.155976,-0.310549,-0.052035,-0.062990,-0.167825,-0.077967,-0.090718,-0.248189,-0.163546,-0.054612,-0.019520,0.038457,-0.041006,-0.102044
0.147296,0.148179,0.301946,0.258932,0.167000,-0.093000,0.128215,0.169240,-0.217733,0.052904,0.211218,0.044812,-0.026569,-0.080412,-0.000058,-0.030749,-0.101971,0.719191,0.726223,0.000000,-0.132865,-0.096151,-0.194543,0.025450,-0.045794,-0.186315,-0.108539,0.103464,-0.104646,0.004397,0.124803,0.080779,0.145451,0.158105,0.053812
0.325093,0.280817,0.019889,-0.208957,-0.074951,-0.216730,-0.000777,-0.068856,0.143394,0.136487,0.185801,0.139906,0.205513,0.220663,0.358343,0.234988,-0.019056,0.265245,-0.162588,-0.132865,0.000000,0.373437,0.497931,0.275631,0.861294,0.257931,0.231260,0.227094,0.136599,0.237864,0.173659,-0.017901,0.104310,0.383740,0.503734
0.425944,0.346378,-0.045868,-0.091720,0.299386,-0.278058,-0.001897,-0.252770,0.111289,0.068429,0.130811,0.126250,0.051692,0.058093,0.328888,0.039047,0.041605,0.108146,-0.155976,-0.096151,0.373437,0.000000,0.503124,0.780950,0.372032,0.403819,0.391744,0.230007,0.099204,0.162609,0.198110,0.085499,0.084825,0.247479,0.277386
0.192745,0.237856,-0.090422,-0.161181,0.062198,-0.169380,0.061775,-0.134719,0.044485,-0.062011,-0.020563,-0.003766,-0.043600,0.330262,0.381595,0.403734,0.322553,0.162018,-0.310549,-0.194543,0.497931,0.503124,0.000000,0.477270,0.535643,0.429960,0.430177,0.238530,-0.019098,0.015139,0.210095,0.155406,0.065014,0.380824,0.504182
0.350199,0.412673,0.110598,0.089187,0.369317,-0.175459,0.032219,-0.160005,0.104918,0.117084,0.248706,0.263354,0.094356,0.087312,0.246258,0.139252,0.139666,0.210036,-0.052035,0.025450,0.275631,0.780950,0.477270,0.000000,0.332739,0.413282,0.463750,0.269881,0.064591,0.190762,0.367449,0.181506,0.230753,0.251298,0.322544
0.344044,0.340866,0.077846,-0.171932,-0.030773,-0.211331,-0.037884,-0.020763,0.075474,0.112331,0.185219,0.161396,0.192136,0.184165,0.363611,0.263708,-0.011201,0.364846,-0.062990,-0.045794,0.861294,0.372032,0.535643,0.332739,0.000000,0.267455,0.285158,0.231647,0.021714,0.133159,0.161600,0.028326,0.130742,0.385114,0.550297
0.369229,0.434797,-0.095777,-0.097230,0.043453,0.058654,-0.095534,-0.082133,0.291826,0.174376,0.297207,0.305594,0.121341,0.122865,0.070436,0.214349,0.244414,0.030685,-0.167825,-0.186315,0.257931,0.403819,0.429960,0.413282,0.267455,0.000000,0.815461,0.164557,0.184964,0.141768,0.206680,0.230976,0.125805,0.301305,0.371508
0.354737,0.480977,-0.107800,-0.120862,0.029052,-0.031139,-0.129103,0.019467,0.231109,0.185840,0.255502,0.365265,0.116129,0.160386,0.148972,0.226621,0.250251,0.114513,-0.077967,-0.108539,0.231260,0.391744,0.430177,0.463750,0.285158,0.815461,0.000000,0.211383,0.104263,0.068122,0.208522,0.243313,0.191620,0.256343,0.377017
0.195422,0.085066,0.161433,0.243421,0.146757,-0.066657,0.068275,0.085060,0.360059,0.268399,0.286758,0.252263,0.278062,0.192374,0.032540,0.043363,-0.012684,0.275427,-0.090718,0.103464,0.227094,0.230007,0.238530,0.269881,0.231647,0.164557,0.211383,0.000000,0.426988,0.465477,0.352086,0.203100,0.466475,0.297285,0.304763
0.158375,0.071209,0.094796,0.219781,-0.001244,0.138552,-0.084292,-0.092181,0.555028,0.382080,0.296380,0.167820,0.212718,0.324686,0.064266,0.102009,0.166934,-0.106386,-0.248189,-0.104646,0.136599,0.099204,-0.019098,0.064591,0.021714,0.184964,0.104263,0.426988,0.000000,0.694379,0.408676,0.446836,0.303303,0.044424,0.011344
0.315260,0.183644,0.272504,0.280849,0.036511,0.048786,0.009009,-0.117382,0.300722,0.257051,0.480260,0.222652,0.303193,0.118662,-0.047780,0.070711,-0.021721,0.030650,-0.163546,0.004397,0.237864,0.162609,0.015139,0.190762,0.133159,0.141768,0.068122,0.465477,0.694379,0.000000,0.650278,0.355372,0.449582,0.242694,0.157755
0.290873,0.308062,0.170482,0.214952,0.012637,-0.098749,0.020408,-0.149239,0.105262,0.177220,0.449823,0.259565,0.329745,0.218083,0.112997,0.235151,0.213741,0.130303,-0.054612,0.124803,0.173659,0.198110,0.210095,0.367449,0.161600,0.206680,0.208522,0.352086,0.408676,0.650278,0.000000,0.571111,0.564818,0.240809,0.202736
0.187293,0.230296,0.026873,0.127263,-0.029320,0.053232,-0.055716,-0.129940,0.124462,0.163183,0.154332,0.183467,0.188247,0.298190,0.166708,0.306954,0.332120,0.076233,-0.019520,0.080779,-0.017901,0.085499,0.155406,0.181506,0.028326,0.230976,0.243313,0.203100,0.446836,0.355372,0.571111,0.000000,0.401476,0.084398,0.047301
0.252447,0.170899,0.195566,0.246827,0.018677,0.008168,0.095072,-0.060856,0.214024,0.274240,0.354800,0.363673,0.460877,0.159886,0.103733,0.094721,-0.006191,0.197809,0.038457,0.145451,0.104310,0.084825,0.065014,0.230753,0.130742,0.125805,0.191620,0.466475,0.303303,0.449582,0.564818,0.401476,0.000000,0.207156,0.227953
0.318656,0.218390,0.159225,0.001618,0.182194,-0.047135,0.157540,0.079001,0.065104,0.216114,0.375615,0.221699,0.056645,0.125855,0.043934,0.212890,-0.011705,0.328616,-0.041006,0.158105,0.383740,0.247479,0.380824,0.251298,0.385114,0.301305,0.256343,0.297285,0.044424,0.242694,0.240809,0.084398,0.207156,0.000000,0.812999
0.285774,0.254514,0.155150,-0.011273,0.135210,-0.019970,0.086751,0.085144,0.159061,0.251130,0.395804,0.293201,0.114870,0.249700,0.163065,0.351147,0.054239,0.332231,-0.102044,0.053812,0.503734,0.277386,0.504182,0.322544,0.550297,0.371508,0.377017,0.304763,0.011344,0.157755,0.202736,0.047301,0.227953,0.812999,0.000000
