0.000000,0.727932,0.270381,0.228584,-0.073345,-0.001603,-0.210005,-0.144801,0.370456,0.438469,0.343957,0.307368,0.359441,0.190801,0.275206,0.162908,0.283990,0.348432,0.296291,0.338864,0.141471,0.383104,0.246599,0.353933,0.109668,0.416847,0.387339,0.162356,0.238988,0.457688,0.385094,0.177776,0.086179,0.184772,0.275999
0.727932,0.000000,0.237196,0.257453,-0.109617,-0.116322,-0.206559,-0.064218,0.385359,0.441215,0.464155,0.415862,0.465630,0.180197,0.325018,0.107711,0.158520,0.393777,0.330905,0.394911,0.187437,0.347451,0.156016,0.340445,0.090558,0.417881,0.488015,0.144617,0.117233,0.438101,0.409447,0.127802,0.103246,0.205521,0.302575
0.270381,0.237196,0.000000,0.794654,-0.076602,0.264931,0.120695,-0.003706,0.307636,0.494956,0.369629,0.309710,-0.006502,0.348454,0.305085,0.409058,0.493234,0.531055,0.347404,0.453256,0.447621,0.490176,0.361214,0.478305,0.337816,0.280499,0.292528,0.326397,0.393992,0.258216,0.210605,0.328881,0.245279,0.318290,0.382693
0.228584,0.257453,0.794654,0.000000,-0.100796,0.310854,0.194719,0.008289,0.394528,0.587026,0.490578,0.398603,0.071726,0.451565,0.437249,0.487813,0.460112,0.548801,0.303695,0.549097,0.479188,0.537907,0.312683,0.506660,0.310260,0.296695,0.357285,0.295548,0.433328,0.330070,0.319189,0.376848,0.246991,0.383709,0.462124
-0.073345,-0.109617,-0.076602,-0.100796,0.000000,0.007695,-0.160855,0.078946,-0.089692,-0.199752,-0.081767,-0.091179,-0.068979,-0.007340,-0.056126,0.060656,0.002026,-0.013783,-0.027114,-0.159659,-0.126114,-0.094497,-0.035938,-0.130817,0.101315,-0.168516,-0.185623,-0.204390,-0.147307,-0.093563,-0.069693,-0.102977,-0.153264,-0.046964,-0.022699
-0.001603,-0.116322,0.264931,0.310854,0.007695,0.000000,0.355972,0.110176,-0.039424,0.084946,0.100484,0.028978,-0.189645,0.361470,0.262009,0.469407,0.406672,0.124521,-0.052522,0.117113,0.067095,0.117913,0.191049,0.083709,0.028113,0.149651,0.109827,0.176530,0.294356,0.052472,0.093148,0.236379,0.135313,0.186926,0.138004
-0.210005,-0.206559,0.120695,0.194719,-0.160855,0.355972,0.000000,0.181012,-0.110152,0.106665,-0.025027,-0.055142,-0.217892,0.211038,0.093527,0.255429,0.252481,0.037280,-0.129741,0.108801,0.093203,0.037679,0.115792,0.089618,0.028532,0.149807,0.215176,0.145026,0.236525,-0.133780,-0.073964,0.168643,0.108219,0.162661,0.080200
-0.144801,-0.064218,-0.003706,0.008289,0.078946,0.110176,0.181012,0.000000,-0.060206,-0.072872,0.120279,-0.057141,-0.077393,0.105208,0.092418,0.152167,-0.032001,-0.073498,-0.053254,-0.101962,-0.109204,-0.186400,-0.161628,-0.191041,-0.162631,-0.048833,0.019890,0.006213,-0.020565,0.009176,0.115357,-0.020277,-0.002524,0.079416,0.060021
0.370456,0.385359,0.307636,0.394528,-0.089692,-0.039424,-0.110152,-0.060206,0.000000,0.640124,0.473521,0.487293,0.369542,0.255655,0.263858,0.172363,0.068206,0.281601,0.134528,0.271976,0.249463,0.397265,-0.033835,0.326046,0.132877,0.308151,0.349998,0.067657,0.386623,0.396218,0.406512,0.320546,-0.020743,0.351301,0.451629
0.438469,0.441215,0.494956,0.587026,-0.199752,0.084946,0.106665,-0.072872,0.640124,0.000000,0.542228,0.581675,0.295484,0.354135,0.420241,0.323381,0.332541,0.401769,0.239337,0.431080,0.352028,0.543085,0.173942,0.481590,0.205369,0.459124,0.490523,0.140036,0.464817,0.350629,0.357909,0.359681,0.058916,0.388782,0.520079
0.343957,0.464155,0.369629,0.490578,-0.081767,0.100484,-0.025027,0.120279,0.473521,0.542228,0.000000,0.391471,0.327413,0.346996,0.396104,0.280980,0.136866,0.442622,0.282331,0.426231,0.225244,0.374488,0.140462,0.310589,0.156058,0.291639,0.310070,0.175680,0.190536,0.591110,0.582313,0.101637,0.036445,0.302289,0.388896
0.307368,0.415862,0.309710,0.398603,-0.091179,0.028978,-0.055142,-0.057141,0.487293,0.581675,0.391471,0.000000,0.274182,0.124310,0.201815,0.071119,0.092397,0.333856,0.231027,0.330411,0.271149,0.365977,0.116312,0.386059,0.071579,0.317481,0.398037,0.072918,0.249738,0.208317,0.263027,0.276882,0.019742,0.303281,0.407937
0.359441,0.465630,-0.006502,0.071726,-0.068979,-0.189645,-0.217892,-0.077393,0.369542,0.295484,0.327413,0.274182,0.000000,0.018326,0.160723,-0.030999,-0.088520,0.172244,0.039596,0.174817,-0.069831,0.077618,-0.129759,0.070317,-0.060142,0.138377,0.212900,-0.013483,-0.000070,0.292109,0.316342,0.050569,-0.081650,0.016106,0.109854
0.190801,0.180197,0.348454,0.451565,-0.007340,0.361470,0.211038,0.105208,0.255655,0.354135,0.346996,0.124310,0.018326,0.000000,0.683708,0.728004,0.574072,0.312573,0.064386,0.363876,0.140683,0.290309,0.262103,0.212870,0.108744,0.217947,0.230786,0.091822,0.316995,0.253032,0.226179,0.382587,0.045179,0.306722,0.272799
0.275206,0.325018,0.305085,0.437249,-0.056126,0.262009,0.093527,0.092418,0.263858,0.420241,0.396104,0.201815,0.160723,0.683708,0.000000,0.587101,0.520729,0.332826,0.153101,0.345320,0.210025,0.374205,0.253142,0.314949,0.107270,0.258479,0.286162,0.106050,0.284403,0.294499,0.300699,0.347337,0.058207,0.234233,0.299190
0.162908,0.107711,0.409058,0.487813,0.060656,0.469407,0.255429,0.152167,0.172363,0.323381,0.280980,0.071119,-0.030999,0.728004,0.587101,0.000000,0.597309,0.291336,0.060890,0.329754,0.155901,0.316897,0.300618,0.246785,0.117806,0.218732,0.212861,0.116230,0.282345,0.182119,0.182759,0.362851,0.066373,0.284571,0.288757
0.283990,0.158520,0.493234,0.460112,0.002026,0.406672,0.252481,-0.032001,0.068206,0.332541,0.136866,0.092397,-0.088520,0.574072,0.520729,0.597309,0.000000,0.498139,0.287385,0.411685,0.331959,0.461163,0.579641,0.404051,0.382240,0.296472,0.284287,0.186686,0.303446,0.077029,0.021925,0.381100,0.254835,0.223160,0.259610
0.348432,0.393777,0.531055,0.548801,-0.013783,0.124521,0.037280,-0.073498,0.281601,0.401769,0.442622,0.333856,0.172244,0.312573,0.332826,0.291336,0.498139,0.000000,0.689509,0.765636,0.537696,0.537946,0.529109,0.539205,0.507452,0.441060,0.473535,0.194300,0.245666,0.295342,0.254905,0.315417,0.244612,0.306163,0.395268
0.296291,0.330905,0.347404,0.303695,-0.027114,-0.052522,-0.129741,-0.053254,0.134528,0.239337,0.282331,0.231027,0.039596,0.064386,0.153101,0.060890,0.287385,0.689509,0.000000,0.506555,0.515696,0.415660,0.511772,0.449699,0.494720,0.277421,0.293655,0.146481,0.111993,0.221814,0.159211,0.182532,0.225906,0.013873,0.095205
0.338864,0.394911,0.453256,0.549097,-0.159659,0.117113,0.108801,-0.101962,0.271976,0.431080,0.426231,0.330411,0.174817,0.363876,0.345320,0.329754,0.411685,0.765636,0.506555,0.000000,0.422294,0.440495,0.406777,0.443974,0.321271,0.516720,0.532021,0.132076,0.294076,0.302809,0.274640,0.343839,0.246365,0.355710,0.410431
0.141471,0.187437,0.447621,0.479188,-0.126114,0.067095,0.093203,-0.109204,0.249463,0.352028,0.225244,0.271149,-0.069831,0.140683,0.210025,0.155901,0.331959,0.537696,0.515696,0.422294,0.000000,0.651206,0.508216,0.690376,0.628992,0.185949,0.211207,0.337329,0.230337,0.168807,0.168900,0.264518,0.365335,0.227314,0.250823
0.383104,0.347451,0.490176,0.537907,-0.094497,0.117913,0.037679,-0.186400,0.397265,0.543085,0.374488,0.365977,0.077618,0.290309,0.374205,0.316897,0.461163,0.537946,0.415660,0.440495,0.651206,0.000000,0.537101,0.856869,0.595590,0.268609,0.289656,0.321292,0.264275,0.291461,0.238147,0.259062,0.216996,0.309470,0.415456
0.246599,0.156016,0.361214,0.312683,-0.035938,0.191049,0.115792,-0.161628,-0.033835,0.173942,0.140462,0.116312,-0.129759,0.262103,0.253142,0.300618,0.579641,0.529109,0.511772,0.406777,0.508216,0.537101,0.000000,0.542366,0.579461,0.181788,0.153800,0.334736,0.184049,0.169561,0.064904,0.213615,0.302034,0.095257,0.114751
0.353933,0.340445,0.478305,0.506660,-0.130817,0.083709,0.089618,-0.191041,0.326046,0.481590,0.310589,0.386059,0.070317,0.212870,0.314949,0.246785,0.404051,0.539205,0.449699,0.443974,0.690376,0.856869,0.542366,0.000000,0.594707,0.279129,0.308856,0.349480,0.238477,0.247250,0.216502,0.252814,0.272101,0.282031,0.364155
0.109668,0.090558,0.337816,0.310260,0.101315,0.028113,0.028532,-0.162631,0.132877,0.205369,0.156058,0.071579,-0.060142,0.108744,0.107270,0.117806,0.382240,0.507452,0.494720,0.321271,0.628992,0.595590,0.579461,0.594707,0.000000,0.024637,0.063905,0.252444,0.044938,0.096006,0.036236,0.069095,0.281205,0.088890,0.153092
0.416847,0.417881,0.280499,0.296695,-0.168516,0.149651,0.149807,-0.048833,0.308151,0.459124,0.291639,0.317481,0.138377,0.217947,0.258479,0.218732,0.296472,0.441060,0.277421,0.516720,0.185949,0.268609,0.181788,0.279129,0.024637,0.000000,0.806407,-0.019674,0.332806,0.104345,0.139253,0.386652,0.138939,0.410995,0.436664
0.387339,0.488015,0.292528,0.357285,-0.185623,0.109827,0.215176,0.019890,0.349998,0.490523,0.310070,0.398037,0.212900,0.230786,0.286162,0.212861,0.284287,0.473535,0.293655,0.532021,0.211207,0.289656,0.153800,0.308856,0.063905,0.806407,0.000000,0.018015,0.356293,0.107580,0.134718,0.464006,0.185916,0.403750,0.463688
0.162356,0.144617,0.326397,0.295548,-0.204390,0.176530,0.145026,0.006213,0.067657,0.140036,0.175680,0.072918,-0.013483,0.091822,0.106050,0.116230,0.186686,0.194300,0.146481,0.132076,0.337329,0.321292,0.334736,0.349480,0.252444,-0.019674,0.018015,0.000000,0.270828,0.388956,0.354207,0.172664,0.476100,0.166356,0.112232
0.238988,0.117233,0.393992,0.433328,-0.147307,0.294356,0.236525,-0.020565,0.386623,0.464817,0.190536,0.249738,-0.000070,0.316995,0.284403,0.282345,0.303446,0.245666,0.111993,0.294076,0.230337,0.264275,0.184049,0.238477,0.044938,0.332806,0.356293,0.270828,0.000000,0.397957,0.354508,0.578731,0.318808,0.280306,0.295140
0.457688,0.438101,0.258216,0.330070,-0.093563,0.052472,-0.133780,0.009176,0.396218,0.350629,0.591110,0.208317,0.292109,0.253032,0.294499,0.182119,0.077029,0.295342,0.221814,0.302809,0.168807,0.291461,0.169561,0.247250,0.096006,0.104345,0.107580,0.388956,0.397957,0.000000,0.767467,0.208481,0.239525,0.073751,0.140065
0.385094,0.409447,0.210605,0.319189,-0.069693,0.093148,-0.073964,0.115357,0.406512,0.357909,0.582313,0.263027,0.316342,0.226179,0.300699,0.182759,0.021925,0.254905,0.159211,0.274640,0.168900,0.238147,0.064904,0.216502,0.036236,0.139253,0.134718,0.354207,0.354508,0.767467,0.000000,0.278352,0.243023,0.187183,0.222607
0.177776,0.127802,0.328881,0.376848,-0.102977,0.236379,0.168643,-0.020277,0.320546,0.359681,0.101637,0.276882,0.050569,0.382587,0.347337,0.362851,0.381100,0.315417,0.182532,0.343839,0.264518,0.259062,0.213615,0.252814,0.069095,0.386652,0.464006,0.172664,0.578731,0.208481,0.278352,0.000000,0.357118,0.243774,0.229403
0.086179,0.103246,0.245279,0.246991,-0.153264,0.135313,0.108219,-0.002524,-0.020743,0.058916,0.036445,0.019742,-0.081650,0.045179,0.058207,0.066373,0.254835,0.244612,0.225906,0.246365,0.365335,0.216996,0.302034,0.272101,0.281205,0.138939,0.185916,0.476100,0.318808,0.239525,0.243023,0.357118,0.000000,0.167857,0.137436
0.184772,0.205521,0.318290,0.383709,-0.046964,0.186926,0.162661,0.079416,0.351301,0.388782,0.302289,0.303281,0.016106,0.306722,0.234233,0.284571,0.223160,0.306163,0.013873,0.355710,0.227314,0.309470,0.095257,0.282031,0.088890,0.410995,0.403750,0.166356,0.280306,0.073751,0.187183,0.243774,0.167857,0.000000,0.819341
0.275999,0.302575,0.382693,0.462124,-0.022699,0.138004,0.080200,0.060021,0.451629,0.520079,0.388896,0.407937,0.109854,0.272799,0.299190,0.288757,0.259610,0.395268,0.095205,0.410431,0.250823,0.415456,0.114751,0.364155,0.153092,0.436664,0.463688,0.112232,0.295140,0.140065,0.222607,0.229403,0.137436,0.819341,0.000000
