0.000000,0.638839,0.364925,0.361018,0.204295,-0.227760,-0.095982,0.009622,0.068502,0.160263,0.148331,0.179719,0.201042,0.054759,0.232957,0.068245,0.245963,0.388697,0.317240,0.310845,0.084986,0.476694,0.209715,0.446850,0.087530,0.592285,0.533975,0.376825,0.332005,0.224872,0.273708,0.461438,0.267362,0.372038,0.387991
0.638839,0.000000,0.432806,0.419185,0.090849,-0.217049,-0.090674,-0.130032,0.059028,0.279974,0.239738,0.364808,0.033933,0.312318,0.396246,0.285787,0.326469,0.304832,0.183950,0.331313,-0.009638,0.425374,0.148345,0.578552,0.041529,0.386653,0.459467,0.292050,0.262340,0.224188,0.414903,0.496146,0.251165,0.464612,0.513153
0.364925,0.432806,0.000000,0.890423,0.535225,-0.393469,0.099305,-0.109963,0.119469,0.518285,0.474175,0.412298,-0.112804,0.359574,0.444591,0.407809,0.674721,0.635129,0.487403,0.561034,0.398299,0.532040,0.475878,0.671328,0.359459,0.425323,0.509043,0.418573,0.477265,0.311799,0.460941,0.710411,0.397098,0.563620,0.600563
0.361018,0.419185,0.890423,0.000000,0.500418,-0.396415,0.153642,-0.082532,0.148538,0.464706,0.421126,0.341041,-0.199810,0.382510,0.516998,0.427461,0.699355,0.667864,0.483392,0.558608,0.369033,0.546004,0.499788,0.641701,0.349225,0.421467,0.518410,0.394577,0.526191,0.335467,0.388716,0.674544,0.321698,0.557291,0.614166
0.204295,0.090849,0.535225,0.500418,0.000000,-0.205975,0.102551,-0.160214,0.123618,0.365650,0.388627,0.147522,-0.148054,0.256954,0.181364,0.182326,0.423966,0.460901,0.341242,0.268805,0.209219,0.414123,0.389766,0.442115,0.237351,0.197193,0.220330,0.190401,0.226038,0.062204,0.119057,0.336836,0.075965,0.301556,0.277234
-0.227760,-0.217049,-0.393469,-0.396415,-0.205975,0.000000,0.075369,-0.048792,-0.192348,-0.274726,-0.158506,-0.221471,0.088020,0.037883,-0.235999,0.065185,-0.203065,-0.049665,-0.061304,-0.043043,-0.123264,-0.232925,-0.009534,-0.235255,0.034074,-0.240207,-0.335376,-0.261792,-0.335410,-0.272831,-0.169255,-0.351818,-0.180193,-0.205155,-0.244773
-0.095982,-0.090674,0.099305,0.153642,0.102551,0.075369,0.000000,0.071103,-0.122783,0.078883,0.117489,-0.017307,-0.086050,0.025632,0.085096,0.133274,0.186641,0.229791,0.127325,0.191098,0.114378,0.184242,0.143845,0.198109,0.233537,0.043521,0.089791,0.033039,0.089615,0.076709,0.071600,0.087568,0.014909,0.005431,0.012819
0.009622,-0.130032,-0.109963,-0.082532,-0.160214,-0.048792,0.071103,0.000000,-0.115091,0.012380,0.014051,0.008686,-0.058752,-0.247961,-0.217673,-0.181694,-0.075662,0.082921,0.211799,0.075752,-0.024877,-0.177018,-0.244621,-0.217550,-0.038311,0.065233,0.146565,-0.100760,0.076260,0.025086,-0.146706,-0.134085,-0.134712,-0.133007,-0.072405
0.068502,0.059028,0.119469,0.148538,0.123618,-0.192348,-0.122783,-0.115091,0.000000,0.399463,0.211592,0.205435,-0.038325,0.092096,0.143417,-0.081853,-0.016497,-0.193241,0.046508,-0.242526,0.090875,0.264237,0.051876,0.178436,0.195457,-0.125359,-0.059356,0.189325,0.342952,0.423236,0.139084,0.216799,0.011405,0.039958,0.107306
0.160263,0.279974,0.518285,0.464706,0.365650,-0.274726,0.078883,0.012380,0.399463,0.000000,0.561062,0.556837,-0.189198,0.282906,0.215943,0.184356,0.403304,0.238886,0.297815,0.207560,0.134976,0.326275,0.144295,0.439830,0.169176,0.160258,0.241839,0.116580,0.254888,0.149404,0.249385,0.451141,0.027495,0.378881,0.444661
0.148331,0.239738,0.474175,0.421126,0.388627,-0.158506,0.117489,0.014051,0.211592,0.561062,0.000000,0.569887,0.112413,0.183895,-0.094482,0.180507,0.306396,0.379634,0.257376,0.384277,0.158586,0.294365,0.047094,0.443782,0.264299,0.204812,0.269269,0.194649,0.238495,0.281888,0.547028,0.423162,0.114898,0.242437,0.334423
0.179719,0.364808,0.412298,0.341041,0.147522,-0.221471,-0.017307,0.008686,0.205435,0.556837,0.569887,0.000000,0.187065,0.056671,-0.089365,-0.009150,0.164522,0.137464,0.138514,0.198618,-0.021168,0.164996,-0.035463,0.388623,0.087929,0.263924,0.338779,0.040993,0.069371,0.041628,0.392611,0.411636,0.103803,0.261186,0.348162
0.201042,0.033933,-0.112804,-0.199810,-0.148054,0.088020,-0.086050,-0.058752,-0.038325,-0.189198,0.112413,0.187065,0.000000,-0.351473,-0.396317,-0.325343,-0.330047,-0.111485,-0.137355,-0.005994,-0.088881,-0.029151,-0.239639,-0.023062,-0.043765,0.164914,0.090948,0.192097,-0.013172,0.068485,0.357468,0.158318,0.385169,-0.269825,-0.274189
0.054759,0.312318,0.359574,0.382510,0.256954,0.037883,0.025632,-0.247961,0.092096,0.282906,0.183895,0.056671,-0.351473,0.000000,0.639542,0.684661,0.538822,0.360878,0.229088,0.351870,0.184088,0.203007,0.412533,0.309899,0.171646,-0.021983,-0.012789,0.015998,0.091608,-0.021346,0.109978,0.252396,-0.067001,0.387739,0.413344
0.232957,0.396246,0.444591,0.516998,0.181364,-0.235999,0.085096,-0.217673,0.143417,0.215943,-0.094482,-0.089365,-0.396317,0.639542,0.000000,0.610720,0.641438,0.314610,0.222629,0.255018,0.323514,0.364356,0.490786,0.372113,0.219199,0.079868,0.122772,0.164109,0.283754,0.187360,0.071269,0.339959,0.055183,0.501937,0.505154
0.068245,0.285787,0.407809,0.427461,0.182326,0.065185,0.133274,-0.181694,-0.081853,0.184356,0.180507,-0.009150,-0.325343,0.684661,0.610720,0.000000,0.665622,0.458276,0.181034,0.506893,0.244191,0.223386,0.412477,0.334449,0.211911,0.010210,0.046987,0.022210,0.132072,0.056949,0.168922,0.244766,0.015115,0.376905,0.426676
0.245963,0.326469,0.674721,0.699355,0.423966,-0.203065,0.186641,-0.075662,-0.016497,0.403304,0.306396,0.164522,-0.330047,0.538822,0.641438,0.665622,0.000000,0.613721,0.431093,0.563349,0.398369,0.430852,0.617767,0.535611,0.351896,0.262323,0.315669,0.104370,0.257117,0.111802,0.249222,0.504282,0.092070,0.574959,0.603616
0.388697,0.304832,0.635129,0.667864,0.460901,-0.049665,0.229791,0.082921,-0.193241,0.238886,0.379634,0.137464,-0.111485,0.360878,0.314610,0.458276,0.613721,0.000000,0.575428,0.811406,0.291281,0.400845,0.422309,0.454158,0.324677,0.468765,0.474778,0.233645,0.384035,0.121490,0.216811,0.449759,0.146377,0.457318,0.496962
0.317240,0.183950,0.487403,0.483392,0.341242,-0.061304,0.127325,0.211799,0.046508,0.297815,0.257376,0.138514,-0.137355,0.229088,0.222629,0.181034,0.431093,0.575428,0.000000,0.433947,0.472511,0.365624,0.353054,0.312538,0.508285,0.289736,0.283610,0.183950,0.281960,0.120989,0.099116,0.358205,0.080480,0.314783,0.344906
0.310845,0.331313,0.561034,0.558608,0.268805,-0.043043,0.191098,0.075752,-0.242526,0.207560,0.384277,0.198618,-0.005994,0.351870,0.255018,0.506893,0.563349,0.811406,0.433947,0.000000,0.278367,0.287929,0.294770,0.420213,0.249753,0.390618,0.403142,0.241051,0.282973,0.099797,0.323941,0.429887,0.155450,0.426575,0.490692
0.084986,-0.009638,0.398299,0.369033,0.209219,-0.123264,0.114378,-0.024877,0.090875,0.134976,0.158586,-0.021168,-0.088881,0.184088,0.323514,0.244191,0.398369,0.291281,0.472511,0.278367,0.000000,0.389747,0.344644,0.336134,0.601382,0.063082,0.078095,0.254184,0.283114,0.265509,0.185958,0.302672,0.245395,0.204988,0.246590
0.476694,0.425374,0.532040,0.546004,0.414123,-0.232925,0.184242,-0.177018,0.264237,0.326275,0.294365,0.164996,-0.029151,0.203007,0.364356,0.223386,0.430852,0.400845,0.365624,0.287929,0.389747,0.000000,0.484334,0.791620,0.376195,0.392910,0.424254,0.494533,0.434418,0.412168,0.365142,0.480195,0.403471,0.338480,0.389634
0.209715,0.148345,0.475878,0.499788,0.389766,-0.009534,0.143845,-0.244621,0.051876,0.144295,0.047094,-0.035463,-0.239639,0.412533,0.490786,0.412477,0.617767,0.422309,0.353054,0.294770,0.344644,0.484334,0.000000,0.466129,0.416293,0.192680,0.161596,0.138704,0.139755,0.072098,0.142024,0.324669,0.177544,0.364946,0.351152
0.446850,0.578552,0.671328,0.641701,0.442115,-0.235255,0.198109,-0.217550,0.178436,0.439830,0.443782,0.388623,-0.023062,0.309899,0.372113,0.334449,0.535611,0.454158,0.312538,0.420213,0.336134,0.791620,0.466129,0.000000,0.348955,0.431933,0.500823,0.416923,0.361932,0.317237,0.544974,0.616179,0.434623,0.468256,0.519433
0.087530,0.041529,0.359459,0.349225,0.237351,0.034074,0.233537,-0.038311,0.195457,0.169176,0.264299,0.087929,-0.043765,0.171646,0.219199,0.211911,0.351896,0.324677,0.508285,0.249753,0.601382,0.376195,0.416293,0.348955,0.000000,0.089520,0.063466,0.073482,0.192752,0.165087,0.256649,0.356156,0.130338,0.145269,0.174630
0.592285,0.386653,0.425323,0.421467,0.197193,-0.240207,0.043521,0.065233,-0.125359,0.160258,0.204812,0.263924,0.164914,-0.021983,0.079868,0.010210,0.262323,0.468765,0.289736,0.390618,0.063082,0.392910,0.192680,0.431933,0.089520,0.000000,0.847340,0.229164,0.283798,0.038744,0.172748,0.448912,0.291595,0.272117,0.295573
0.533975,0.459467,0.509043,0.518410,0.220330,-0.335376,0.089791,0.146565,-0.059356,0.241839,0.269269,0.338779,0.090948,-0.012789,0.122772,0.046987,0.315669,0.474778,0.283610,0.403142,0.078095,0.424254,0.161596,0.500823,0.063466,0.847340,0.000000,0.309321,0.414543,0.159942,0.201216,0.489447,0.356864,0.325411,0.377864
0.376825,0.292050,0.418573,0.394577,0.190401,-0.261792,0.033039,-0.100760,0.189325,0.116580,0.194649,0.040993,0.192097,0.015998,0.164109,0.022210,0.104370,0.233645,0.183950,0.241051,0.254184,0.494533,0.138704,0.416923,0.073482,0.229164,0.309321,0.000000,0.703263,0.712214,0.463909,0.400163,0.634520,0.163528,0.180970
0.332005,0.262340,0.477265,0.526191,0.226038,-0.335410,0.089615,0.076260,0.342952,0.254888,0.238495,0.069371,-0.013172,0.091608,0.283754,0.132072,0.257117,0.384035,0.281960,0.282973,0.283114,0.434418,0.139755,0.361932,0.192752,0.283798,0.414543,0.703263,0.000000,0.729251,0.317377,0.502438,0.451646,0.217686,0.311006
0.224872,0.224188,0.311799,0.335467,0.062204,-0.272831,0.076709,0.025086,0.423236,0.149404,0.281888,0.041628,0.068485,-0.021346,0.187360,0.056949,0.111802,0.121490,0.120989,0.099797,0.265509,0.412168,0.072098,0.317237,0.165087,0.038744,0.159942,0.712214,0.729251,0.000000,0.514714,0.338962,0.471856,0.087694,0.171115
0.273708,0.414903,0.460941,0.388716,0.119057,-0.169255,0.071600,-0.146706,0.139084,0.249385,0.547028,0.392611,0.357468,0.109978,0.071269,0.168922,0.249222,0.216811,0.099116,0.323941,0.185958,0.365142,0.142024,0.544974,0.256649,0.172748,0.201216,0.463909,0.317377,0.514714,0.000000,0.622150,0.565741,0.118608,0.167092
0.461438,0.496146,0.710411,0.674544,0.336836,-0.351818,0.087568,-0.134085,0.216799,0.451141,0.423162,0.411636,0.158318,0.252396,0.339959,0.244766,0.504282,0.449759,0.358205,0.429887,0.302672,0.480195,0.324669,0.616179,0.356156,0.448912,0.489447,0.400163,0.502438,0.338962,0.622150,0.000000,0.475927,0.399674,0.438794
0.267362,0.251165,0.397098,0.321698,0.075965,-0.180193,0.014909,-0.134712,0.011405,0.027495,0.114898,0.103803,0.385169,-0.067001,0.055183,0.015115,0.092070,0.146377,0.080480,0.155450,0.245395,0.403471,0.177544,0.434623,0.130338,0.291595,0.356864,0.634520,0.451646,0.471856,0.565741,0.475927,0.000000,0.007947,0.020287
0.372038,0.464612,0.563620,0.557291,0.301556,-0.205155,0.005431,-0.133007,0.039958,0.378881,0.242437,0.261186,-0.269825,0.387739,0.501937,0.376905,0.574959,0.457318,0.314783,0.426575,0.204988,0.338480,0.364946,0.468256,0.145269,0.272117,0.325411,0.163528,0.217686,0.087694,0.118608,0.399674,0.007947,0.000000,0.860171
0.387991,0.513153,0.600563,0.614166,0.277234,-0.244773,0.012819,-0.072405,0.107306,0.444661,0.334423,0.348162,-0.274189,0.413344,0.505154,0.426676,0.603616,0.496962,0.344906,0.490692,0.246590,0.389634,0.351152,0.519433,0.174630,0.295573,0.377864,0.180970,0.311006,0.171115,0.167092,0.438794,0.020287,0.860171,0.000000
