1.0000,0.6479,0.2119,0.2987,0.2250,-0.0193,-0.1111,0.0108,0.2354,0.3856,0.4990,0.6076,0.2188,0.1891,0.3491,0.2982,0.2773,0.2107,0.1841,0.3506,0.0549,0.6798,0.3114,0.6439,0.2394,0.5213,0.4248,0.1563,0.2195,0.5688,0.5263,0.3333,0.3088,0.4575,0.4503
0.6479,1.0000,-0.0369,0.0336,-0.0128,-0.1903,-0.0015,0.0376,0.2495,0.1205,0.2336,0.5216,0.1135,-0.0476,0.4833,0.0793,0.0905,0.0848,0.1194,0.1154,0.0601,0.4036,0.3001,0.4871,0.0926,0.3147,0.2892,0.0032,0.0472,0.3059,0.4574,0.0947,0.0807,0.0755,0.0653
0.2119,-0.0369,1.0000,0.7388,0.5263,0.1194,-0.1193,0.0943,0.0660,0.3461,0.3373,0.2010,0.0755,0.2672,-0.0219,0.2859,0.2529,0.4667,0.3454,0.4635,0.3099,0.4184,0.1797,0.3385,0.4821,0.1827,0.1545,0.2596,0.2097,0.3687,0.2648,0.1765,0.3887,0.5143,0.5241
0.2987,0.0336,0.7388,1.0000,0.6035,0.1633,-0.2132,0.0766,0.1348,0.3500,0.3830,0.2814,0.0175,0.3144,0.1075,0.3908,0.3583,0.4648,0.3878,0.4883,0.2891,0.5434,0.2889,0.4657,0.5142,0.2462,0.2172,0.3135,0.2321,0.4001,0.3668,0.2913,0.4340,0.5239,0.5506
0.2250,-0.0128,0.5263,0.6035,1.0000,0.0573,-0.0152,0.0298,0.1408,0.3067,0.4120,0.2833,-0.0056,0.2866,0.1239,0.3486,0.2734,0.5103,0.3457,0.4875,0.1842,0.4362,0.1511,0.3014,0.3820,0.1045,0.0828,0.2623,0.1244,0.4157,0.3462,0.2094,0.3594,0.5204,0.5464
-0.0193,-0.1903,0.1194,0.1633,0.0573,1.0000,0.0299,0.1912,-0.0165,-0.0372,0.0450,-0.0361,-0.1703,0.2528,-0.0403,0.3658,0.3477,-0.2377,-0.1416,-0.1689,-0.0491,0.0290,0.0385,0.0810,-0.0368,0.0854,0.0323,-0.0292,0.0623,-0.0034,-0.0156,0.2111,0.0897,0.0229,0.0660
-0.1111,-0.0015,-0.1193,-0.2132,-0.0152,0.0299,1.0000,-0.0036,0.0823,-0.0752,-0.0395,-0.0343,-0.0174,-0.1393,0.0022,-0.1383,-0.1081,-0.1243,-0.0583,-0.1656,-0.0679,-0.1638,-0.1099,-0.1772,-0.2052,-0.1014,-0.0729,-0.1099,-0.1626,-0.1326,-0.1002,-0.0788,-0.1963,-0.1398,-0.1385
0.0108,0.0376,0.0943,0.0766,0.0298,0.1912,-0.0036,1.0000,-0.2209,-0.0383,0.0285,0.0336,0.1462,0.0834,-0.0832,0.2308,-0.0243,-0.0476,-0.0712,0.0452,0.0411,0.1617,0.0399,0.2079,0.0587,0.1496,0.2252,-0.0866,0.1318,-0.0265,0.0699,-0.0016,0.0821,0.1795,0.1428
0.2354,0.2495,0.0660,0.1348,0.1408,-0.0165,0.0823,-0.2209,1.0000,0.4981,0.6014,0.4209,0.1203,0.3761,0.4948,0.2869,0.1545,0.1162,-0.0167,0.1150,0.1121,0.2287,0.1145,0.1435,0.0990,0.0146,0.0093,0.3153,0.1533,0.3183,0.3966,0.3539,0.1075,-0.0394,-0.0020
0.3856,0.1205,0.3461,0.3500,0.3067,-0.0372,-0.0752,-0.0383,0.4981,1.0000,0.6092,0.5989,0.4326,0.2869,0.2216,0.2190,0.2009,0.2302,0.0715,0.2566,0.0724,0.4515,0.0638,0.3311,0.1130,0.3537,0.3060,0.3223,0.3221,0.4031,0.2523,0.2990,0.2427,0.3391,0.3375
0.4990,0.2336,0.3373,0.3830,0.4120,0.0450,-0.0395,0.0285,0.6014,0.6092,1.0000,0.5559,0.3410,0.5042,0.2742,0.4873,0.2632,0.3181,0.0886,0.4228,0.1324,0.5498,0.1655,0.4533,0.2985,0.2471,0.1862,0.3447,0.2736,0.6472,0.5972,0.4291,0.3664,0.4006,0.4215
0.6076,0.5216,0.2010,0.2814,0.2833,-0.0361,-0.0343,0.0336,0.4209,0.5989,0.5559,1.0000,0.2661,0.1083,0.4389,0.2310,0.1893,0.2521,0.1757,0.3068,0.1073,0.4584,0.2194,0.4082,0.1790,0.2568,0.1958,0.0663,0.1276,0.3933,0.4308,0.3689,0.1407,0.2579,0.2441
0.2188,0.1135,0.0755,0.0175,-0.0056,-0.1703,-0.0174,0.1462,0.1203,0.4326,0.3410,0.2661,1.0000,0.0142,-0.1295,-0.0677,-0.1107,0.0241,-0.1066,0.0224,0.0153,0.2644,-0.1191,0.2501,-0.0252,0.2572,0.2700,0.1245,0.1885,0.2549,0.1441,0.0770,0.1584,0.1250,0.1026
0.1891,-0.0476,0.2672,0.3144,0.2866,0.2528,-0.1393,0.0834,0.3761,0.2869,0.5042,0.1083,0.0142,1.0000,0.3668,0.6646,0.5021,0.1510,-0.0073,0.3086,0.1565,0.3418,0.2603,0.3116,0.3394,0.1596,0.0912,0.4408,0.3953,0.3941,0.4843,0.3603,0.4601,0.3404,0.3877
0.3491,0.4833,-0.0219,0.1075,0.1239,-0.0403,0.0022,-0.0832,0.4948,0.2216,0.2742,0.4389,-0.1295,0.3668,1.0000,0.3347,0.2540,0.0968,0.0346,0.1368,0.1004,0.2618,0.3160,0.2565,0.1443,0.0320,-0.0113,0.1920,0.0871,0.1705,0.4724,0.2061,0.1314,-0.0284,-0.0067
0.2982,0.0793,0.2859,0.3908,0.3486,0.3658,-0.1383,0.2308,0.2869,0.2190,0.4873,0.2310,-0.0677,0.6646,0.3347,1.0000,0.5738,0.1899,0.0824,0.3681,0.0934,0.4895,0.3812,0.4774,0.3062,0.2392,0.2378,0.2108,0.1943,0.3299,0.4800,0.4093,0.3445,0.4039,0.4353
0.2773,0.0905,0.2529,0.3583,0.2734,0.3477,-0.1081,-0.0243,0.1545,0.2009,0.2632,0.1893,-0.1107,0.5021,0.2540,0.5738,1.0000,0.1411,0.0957,0.2873,0.0561,0.3972,0.4451,0.3772,0.1931,0.3664,0.3061,0.1863,0.0900,0.2857,0.3497,0.2879,0.2722,0.3627,0.4102
0.2107,0.0848,0.4667,0.4648,0.5103,-0.2377,-0.1243,-0.0476,0.1162,0.2302,0.3181,0.2521,0.0241,0.1510,0.0968,0.1899,0.1411,1.0000,0.6297,0.8321,0.2259,0.2836,0.1941,0.1958,0.5001,0.0331,0.0383,0.1977,0.0079,0.3254,0.2868,0.1083,0.2659,0.4297,0.4575
0.1841,0.1194,0.3454,0.3878,0.3457,-0.1416,-0.0583,-0.0712,-0.0167,0.0715,0.0886,0.1757,-0.1066,-0.0073,0.0346,0.0824,0.0957,0.6297,1.0000,0.5597,0.1346,0.2101,0.2931,0.1325,0.3048,0.0570,0.0615,0.0534,-0.0776,0.1032,0.0929,0.0291,0.1072,0.2296,0.2353
0.3506,0.1154,0.4635,0.4883,0.4875,-0.1689,-0.1656,0.0452,0.1150,0.2566,0.4228,0.3068,0.0224,0.3086,0.1368,0.3681,0.2873,0.8321,0.5597,1.0000,0.1654,0.4035,0.2891,0.3386,0.5331,0.1207,0.0968,0.1840,0.0874,0.3881,0.3935,0.1960,0.3150,0.5528,0.5602
0.0549,0.0601,0.3099,0.2891,0.1842,-0.0491,-0.0679,0.0411,0.1121,0.0724,0.1324,0.1073,0.0153,0.1565,0.1004,0.0934,0.0561,0.2259,0.1346,0.1654,1.0000,0.1581,0.2563,0.1564,0.4031,-0.0123,-0.0072,0.3878,0.2027,0.2483,0.2038,0.0902,0.2616,0.1132,0.1332
0.6798,0.4036,0.4184,0.5434,0.4362,0.0290,-0.1638,0.1617,0.2287,0.4515,0.5498,0.4584,0.2644,0.3418,0.2618,0.4895,0.3972,0.2836,0.2101,0.4035,0.1581,1.0000,0.4459,0.8712,0.3859,0.6007,0.5730,0.3675,0.3279,0.5761,0.5370,0.3744,0.4874,0.5517,0.5586
0.3114,0.3001,0.1797,0.2889,0.1511,0.0385,-0.1099,0.0399,0.1145,0.0638,0.1655,0.2194,-0.1191,0.2603,0.3160,0.3812,0.4451,0.1941,0.2931,0.2891,0.2563,0.4459,1.0000,0.4511,0.2879,0.3367,0.2921,0.1323,0.1420,0.2355,0.2796,0.2965,0.2355,0.2645,0.2722
0.6439,0.4871,0.3385,0.4657,0.3014,0.0810,-0.1772,0.2079,0.1435,0.3311,0.4533,0.4082,0.2501,0.3116,0.2565,0.4774,0.3772,0.1958,0.1325,0.3386,0.1564,0.8712,0.4511,1.0000,0.3774,0.5862,0.5694,0.2981,0.3372,0.5068,0.5493,0.3592,0.4858,0.4918,0.4985
0.2394,0.0926,0.4821,0.5142,0.3820,-0.0368,-0.2052,0.0587,0.0990,0.1130,0.2985,0.1790,-0.0252,0.3394,0.1443,0.3062,0.1931,0.5001,0.3048,0.5331,0.4031,0.3859,0.2879,0.3774,1.0000,0.1090,0.1119,0.3859,0.3198,0.4556,0.4757,0.3424,0.5144,0.4254,0.4763
0.5213,0.3147,0.1827,0.2462,0.1045,0.0854,-0.1014,0.1496,0.0146,0.3537,0.2471,0.2568,0.2572,0.1596,0.0320,0.2392,0.3664,0.0331,0.0570,0.1207,-0.0123,0.6007,0.3367,0.5862,0.1090,1.0000,0.7880,0.2025,0.4063,0.3014,0.2009,0.3074,0.3012,0.4374,0.4200
0.4248,0.2892,0.1545,0.2172,0.0828,0.0323,-0.0729,0.2252,0.0093,0.3060,0.1862,0.1958,0.2700,0.0912,-0.0113,0.2378,0.3061,0.0383,0.0615,0.0968,-0.0072,0.5730,0.2921,0.5694,0.1119,0.7880,1.0000,0.1628,0.3188,0.2304,0.1536,0.2829,0.2772,0.3945,0.3859
0.1563,0.0032,0.2596,0.3135,0.2623,-0.0292,-0.1099,-0.0866,0.3153,0.3223,0.3447,0.0663,0.1245,0.4408,0.1920,0.2108,0.1863,0.1977,0.0534,0.1840,0.3878,0.3675,0.1323,0.2981,0.3859,0.2025,0.1628,1.0000,0.5524,0.4681,0.4250,0.2783,0.6032,0.1839,0.2454
0.2195,0.0472,0.2097,0.2321,0.1244,0.0623,-0.1626,0.1318,0.1533,0.3221,0.2736,0.1276,0.1885,0.3953,0.0871,0.1943,0.0900,0.0079,-0.0776,0.0874,0.2027,0.3279,0.1420,0.3372,0.3198,0.4063,0.3188,0.5524,1.0000,0.4170,0.3552,0.4086,0.5700,0.2667,0.2916
0.5688,0.3059,0.3687,0.4001,0.4157,-0.0034,-0.1326,-0.0265,0.3183,0.4031,0.6472,0.3933,0.2549,0.3941,0.1705,0.3299,0.2857,0.3254,0.1032,0.3881,0.2483,0.5761,0.2355,0.5068,0.4556,0.3014,0.2304,0.4681,0.4170,1.0000,0.7240,0.3642,0.6342,0.5165,0.5575
0.5263,0.4574,0.2648,0.3668,0.3462,-0.0156,-0.1002,0.0699,0.3966,0.2523,0.5972,0.4308,0.1441,0.4843,0.4724,0.4800,0.3497,0.2868,0.0929,0.3935,0.2038,0.5370,0.2796,0.5493,0.4757,0.2009,0.1536,0.4250,0.3552,0.7240,1.0000,0.4068,0.5697,0.3189,0.3774
0.3333,0.0947,0.1765,0.2913,0.2094,0.2111,-0.0788,-0.0016,0.3539,0.2990,0.4291,0.3689,0.0770,0.3603,0.2061,0.4093,0.2879,0.1083,0.0291,0.1960,0.0902,0.3744,0.2965,0.3592,0.3424,0.3074,0.2829,0.2783,0.4086,0.3642,0.4068,1.0000,0.3698,0.2958,0.3348
0.3088,0.0807,0.3887,0.4340,0.3594,0.0897,-0.1963,0.0821,0.1075,0.2427,0.3664,0.1407,0.1584,0.4601,0.1314,0.3445,0.2722,0.2659,0.1072,0.3150,0.2616,0.4874,0.2355,0.4858,0.5144,0.3012,0.2772,0.6032,0.5700,0.6342,0.5697,0.3698,1.0000,0.4517,0.5164
0.4575,0.0755,0.5143,0.5239,0.5204,0.0229,-0.1398,0.1795,-0.0394,0.3391,0.4006,0.2579,0.1250,0.3404,-0.0284,0.4039,0.3627,0.4297,0.2296,0.5528,0.1132,0.5517,0.2645,0.4918,0.4254,0.4374,0.3945,0.1839,0.2667,0.5165,0.3189,0.2958,0.4517,1.0000,0.9202
0.4503,0.0653,0.5241,0.5506,0.5464,0.0660,-0.1385,0.1428,-0.0020,0.3375,0.4215,0.2441,0.1026,0.3877,-0.0067,0.4353,0.4102,0.4575,0.2353,0.5602,0.1332,0.5586,0.2722,0.4985,0.4763,0.4200,0.3859,0.2454,0.2916,0.5575,0.3774,0.3348,0.5164,0.9202,1.0000
