1.0000,0.7834,0.3603,0.2166,-0.2449,0.1059,-0.0209,-0.1067,0.1871,0.2887,0.3589,0.4308,0.4267,-0.0451,0.0330,0.1240,0.1467,0.3303,0.1270,0.2921,0.2820,0.5506,0.0757,0.5486,0.2501,0.4618,0.4215,0.4176,0.2563,0.2695,0.4897,0.3182,0.4692,0.3419,0.3215
0.7834,1.0000,0.4334,0.2489,-0.2439,0.1087,-0.0155,-0.0839,0.1027,0.2251,0.3122,0.3884,0.5153,0.1120,0.1431,0.2057,0.2740,0.3262,0.1063,0.3044,0.2634,0.3970,0.0687,0.6382,0.3001,0.3532,0.3441,0.3450,0.2570,0.2519,0.5450,0.3864,0.4621,0.3491,0.3145
0.3603,0.4334,1.0000,0.7789,0.1550,0.1215,-0.0643,0.1139,-0.0360,0.2096,0.3487,0.3790,0.3081,0.2415,0.1115,0.2822,0.3913,0.4699,0.2050,0.4659,0.3244,0.3716,0.3344,0.5220,0.4043,0.3333,0.4197,0.3416,0.2502,0.2804,0.5710,0.5143,0.5789,0.6202,0.5889
0.2166,0.2489,0.7789,1.0000,0.2759,0.0298,0.0853,0.0711,0.0142,0.2489,0.2875,0.2700,0.1543,0.1969,0.1594,0.1752,0.2938,0.3919,0.0847,0.3137,0.2330,0.2222,0.2990,0.3122,0.2572,0.2614,0.3101,0.2396,0.2862,0.2702,0.3679,0.3815,0.4147,0.5342,0.5341
-0.2449,-0.2439,0.1550,0.2759,1.0000,0.0652,0.1456,0.1758,-0.0029,0.0940,0.1518,-0.0360,-0.2188,0.1985,0.0610,0.1508,0.1569,0.0871,0.0035,0.1300,-0.0324,-0.2401,0.1252,-0.2129,0.0253,-0.0784,-0.0634,-0.2266,0.1192,0.0368,-0.0285,0.0650,-0.1163,0.0504,0.0461
0.1059,0.1087,0.1215,0.0298,0.0652,1.0000,-0.1947,0.3652,-0.0152,0.2046,0.4060,0.2676,0.0121,0.1490,0.0471,0.3151,0.2302,0.4301,0.4065,0.3785,0.1349,-0.0699,0.0258,-0.0006,0.1842,0.1875,0.1882,0.1929,0.0229,0.1978,0.2529,0.0977,0.1598,0.2593,0.2074
-0.0209,-0.0155,-0.0643,0.0853,0.1456,-0.1947,1.0000,-0.1462,0.0493,-0.1097,-0.1087,-0.0820,0.0084,-0.2365,-0.1953,-0.2000,-0.1877,-0.3098,-0.3733,-0.2864,-0.0969,-0.0647,-0.1695,-0.0057,-0.2743,-0.1919,-0.2396,-0.0955,0.0264,-0.0368,-0.1245,-0.1108,-0.1110,-0.1927,-0.1717
-0.1067,-0.0839,0.1139,0.0711,0.1758,0.3652,-0.1462,1.0000,-0.0536,0.0415,0.2371,0.0864,-0.0261,0.0764,-0.0815,0.3216,0.2561,0.1875,0.1913,0.1971,-0.0160,-0.1188,0.2264,-0.0706,0.0031,0.2171,0.3397,0.1120,0.1760,0.1760,0.1820,0.2164,0.1077,0.2929,0.3109
0.1871,0.1027,-0.0360,0.0142,-0.0029,-0.0152,0.0493,-0.0536,1.0000,0.5488,0.3307,0.3099,0.2264,-0.1227,0.1387,-0.3319,-0.3788,-0.0905,-0.0940,-0.1652,0.1007,0.1075,-0.0323,-0.0028,-0.0101,0.1038,0.0811,0.3048,0.5105,0.4770,0.2563,0.1798,0.1883,-0.0385,-0.0752
0.2887,0.2251,0.2096,0.2489,0.0940,0.2046,-0.1097,0.0415,0.5488,1.0000,0.5922,0.6194,0.1573,0.0720,0.4095,0.0110,-0.0447,0.2403,0.1204,0.2336,0.3331,0.2718,0.0536,0.1584,0.2304,0.1951,0.2200,0.2117,0.4668,0.4811,0.3838,0.2436,0.2633,0.1915,0.2161
0.3589,0.3122,0.3487,0.2875,0.1518,0.4060,-0.1087,0.2371,0.3307,0.5922,1.0000,0.5236,0.1722,0.2222,0.2332,0.3578,0.1346,0.4866,0.2741,0.4689,0.3882,0.2913,0.0655,0.1887,0.3378,0.3051,0.3011,0.2980,0.3853,0.6154,0.5446,0.2537,0.3349,0.4597,0.4623
0.4308,0.3884,0.3790,0.2700,-0.0360,0.2676,-0.0820,0.0864,0.3099,0.6194,0.5236,1.0000,0.3400,-0.0213,0.1946,0.0019,0.0294,0.3513,0.2452,0.3736,0.3233,0.4071,0.1382,0.3828,0.2474,0.1992,0.2323,0.4391,0.1741,0.2563,0.5570,0.3985,0.4721,0.3799,0.3410
0.4267,0.5153,0.3081,0.1543,-0.2188,0.0121,0.0084,-0.0261,0.2264,0.1573,0.1722,0.3400,1.0000,-0.0824,-0.0525,-0.0416,0.0041,0.1075,-0.0343,0.1241,0.1668,0.2223,0.0414,0.3966,0.1422,0.0754,0.1198,0.4494,0.2344,0.2251,0.5143,0.4058,0.5286,0.1900,0.1329
-0.0451,0.1120,0.2415,0.1969,0.1985,0.1490,-0.2365,0.0764,-0.1227,0.0720,0.2222,-0.0213,-0.0824,1.0000,0.4742,0.5754,0.5318,0.2538,0.2057,0.2844,-0.0387,-0.1552,0.1261,0.0323,0.2509,0.0604,0.0589,-0.1709,0.0181,0.0635,0.0794,0.0110,-0.0852,0.1801,0.1498
0.0330,0.1431,0.1115,0.1594,0.0610,0.0471,-0.1953,-0.0815,0.1387,0.4095,0.2332,0.1946,-0.0525,0.4742,1.0000,0.2631,0.1235,0.1641,0.0783,0.1733,0.1584,0.0126,-0.0185,0.0853,0.2330,-0.0869,-0.0532,-0.1966,0.2233,0.2253,0.1526,0.1218,-0.0331,0.0126,0.0027
0.1240,0.2057,0.2822,0.1752,0.1508,0.3151,-0.2000,0.3216,-0.3319,0.0110,0.3578,0.0019,-0.0416,0.5754,0.2631,1.0000,0.6912,0.4911,0.2959,0.5549,0.0959,0.0124,0.1342,0.1059,0.2226,0.2376,0.2573,-0.1548,-0.0038,0.0882,0.1695,0.0499,-0.0011,0.3986,0.4067
0.1467,0.2740,0.3913,0.2938,0.1569,0.2302,-0.1877,0.2561,-0.3788,-0.0447,0.1346,0.0294,0.0041,0.5318,0.1235,0.6912,1.0000,0.4307,0.3859,0.4820,0.0984,0.0359,0.2992,0.2430,0.1949,0.1757,0.2382,-0.0544,-0.1045,-0.1328,0.0373,0.0363,0.0436,0.3848,0.3662
0.3303,0.3262,0.4699,0.3919,0.0871,0.4301,-0.3098,0.1875,-0.0905,0.2403,0.4866,0.3513,0.1075,0.2538,0.1641,0.4911,0.4307,1.0000,0.6664,0.8200,0.3278,0.2509,0.2102,0.2904,0.3790,0.3761,0.4174,0.3274,0.1680,0.2870,0.3804,0.2416,0.3341,0.6233,0.5867
0.1270,0.1063,0.2050,0.0847,0.0035,0.4065,-0.3733,0.1913,-0.0940,0.1204,0.2741,0.2452,-0.0343,0.2057,0.0783,0.2959,0.3859,0.6664,1.0000,0.6173,0.2788,0.1445,0.2620,0.1747,0.2512,0.2105,0.2759,0.3011,0.0442,0.1359,0.1562,0.1541,0.2554,0.3883,0.3571
0.2921,0.3044,0.4659,0.3137,0.1300,0.3785,-0.2864,0.1971,-0.1652,0.2336,0.4689,0.3736,0.1241,0.2844,0.1733,0.5549,0.4820,0.8200,0.6173,1.0000,0.2972,0.2668,0.2514,0.3044,0.3526,0.2421,0.3093,0.2133,0.1129,0.1904,0.3589,0.2128,0.2941,0.5529,0.5645
0.2820,0.2634,0.3244,0.2330,-0.0324,0.1349,-0.0969,-0.0160,0.1007,0.3331,0.3882,0.3233,0.1668,-0.0387,0.1584,0.0959,0.0984,0.3278,0.2788,0.2972,1.0000,0.4173,0.0993,0.4011,0.5027,0.3026,0.3290,0.2194,0.1739,0.2401,0.3330,0.2357,0.4528,0.3040,0.3004
0.5506,0.3970,0.3716,0.2222,-0.2401,-0.0699,-0.0647,-0.1188,0.1075,0.2718,0.2913,0.4071,0.2223,-0.1552,0.0126,0.0124,0.0359,0.2509,0.1445,0.2668,0.4173,1.0000,0.2518,0.6911,0.2584,0.3933,0.4062,0.2825,0.1021,0.1203,0.3344,0.2343,0.4346,0.3129,0.3343
0.0757,0.0687,0.3344,0.2990,0.1252,0.0258,-0.1695,0.2264,-0.0323,0.0536,0.0655,0.1382,0.0414,0.1261,-0.0185,0.1342,0.2992,0.2102,0.2620,0.2514,0.0993,0.2518,1.0000,0.2438,-0.0388,0.2464,0.3492,0.2069,0.1469,0.0837,0.1231,0.2370,0.2613,0.4072,0.4030
0.5486,0.6382,0.5220,0.3122,-0.2129,-0.0006,-0.0057,-0.0706,-0.0028,0.1584,0.1887,0.3828,0.3966,0.0323,0.0853,0.1059,0.2430,0.2904,0.1747,0.3044,0.4011,0.6911,0.2438,1.0000,0.3615,0.2846,0.3233,0.3029,0.1085,0.0849,0.4448,0.3454,0.4763,0.3165,0.3022
0.2501,0.3001,0.4043,0.2572,0.0253,0.1842,-0.2743,0.0031,-0.0101,0.2304,0.3378,0.2474,0.1422,0.2509,0.2330,0.2226,0.1949,0.3790,0.2512,0.3526,0.5027,0.2584,-0.0388,0.3615,1.0000,0.3139,0.3020,0.1280,0.1588,0.2551,0.4327,0.3582,0.4196,0.2288,0.2124
0.4618,0.3532,0.3333,0.2614,-0.0784,0.1875,-0.1919,0.2171,0.1038,0.1951,0.3051,0.1992,0.0754,0.0604,-0.0869,0.2376,0.1757,0.3761,0.2105,0.2421,0.3026,0.3933,0.2464,0.2846,0.3139,1.0000,0.8501,0.3016,0.2448,0.2360,0.3194,0.3226,0.3574,0.4387,0.4272
0.4215,0.3441,0.4197,0.3101,-0.0634,0.1882,-0.2396,0.3397,0.0811,0.2200,0.3011,0.2323,0.1198,0.0589,-0.0532,0.2573,0.2382,0.4174,0.2759,0.3093,0.3290,0.4062,0.3492,0.3233,0.3020,0.8501,1.0000,0.3410,0.3153,0.2597,0.3622,0.3982,0.4562,0.4723,0.4823
0.4176,0.3450,0.3416,0.2396,-0.2266,0.1929,-0.0955,0.1120,0.3048,0.2117,0.2980,0.4391,0.4494,-0.1709,-0.1966,-0.1548,-0.0544,0.3274,0.3011,0.2133,0.2194,0.2825,0.2069,0.3029,0.1280,0.3016,0.3410,1.0000,0.2782,0.4213,0.5349,0.3914,0.5624,0.4326,0.3738
0.2563,0.2570,0.2502,0.2862,0.1192,0.0229,0.0264,0.1760,0.5105,0.4668,0.3853,0.1741,0.2344,0.0181,0.2233,-0.0038,-0.1045,0.1680,0.0442,0.1129,0.1739,0.1021,0.1469,0.1085,0.1588,0.2448,0.3153,0.2782,1.0000,0.7136,0.4535,0.4943,0.3156,0.2328,0.2228
0.2695,0.2519,0.2804,0.2702,0.0368,0.1978,-0.0368,0.1760,0.4770,0.4811,0.6154,0.2563,0.2251,0.0635,0.2253,0.0882,-0.1328,0.2870,0.1359,0.1904,0.2401,0.1203,0.0837,0.0849,0.2551,0.2360,0.2597,0.4213,0.7136,1.0000,0.5933,0.4310,0.4153,0.3336,0.3163
0.4897,0.5450,0.5710,0.3679,-0.0285,0.2529,-0.1245,0.1820,0.2563,0.3838,0.5446,0.5570,0.5143,0.0794,0.1526,0.1695,0.0373,0.3804,0.1562,0.3589,0.3330,0.3344,0.1231,0.4448,0.4327,0.3194,0.3622,0.5349,0.4535,0.5933,1.0000,0.7586,0.7059,0.4877,0.4194
0.3182,0.3864,0.5143,0.3815,0.0650,0.0977,-0.1108,0.2164,0.1798,0.2436,0.2537,0.3985,0.4058,0.0110,0.1218,0.0499,0.0363,0.2416,0.1541,0.2128,0.2357,0.2343,0.2370,0.3454,0.3582,0.3226,0.3982,0.3914,0.4943,0.4310,0.7586,1.0000,0.6432,0.3680,0.3194
0.4692,0.4621,0.5789,0.4147,-0.1163,0.1598,-0.1110,0.1077,0.1883,0.2633,0.3349,0.4721,0.5286,-0.0852,-0.0331,-0.0011,0.0436,0.3341,0.2554,0.2941,0.4528,0.4346,0.2613,0.4763,0.4196,0.3574,0.4562,0.5624,0.3156,0.4153,0.7059,0.6432,1.0000,0.4240,0.3797
0.3419,0.3491,0.6202,0.5342,0.0504,0.2593,-0.1927,0.2929,-0.0385,0.1915,0.4597,0.3799,0.1900,0.1801,0.0126,0.3986,0.3848,0.6233,0.3883,0.5529,0.3040,0.3129,0.4072,0.3165,0.2288,0.4387,0.4723,0.4326,0.2328,0.3336,0.4877,0.3680,0.4240,1.0000,0.8793
0.3215,0.3145,0.5889,0.5341,0.0461,0.2074,-0.1717,0.3109,-0.0752,0.2161,0.4623,0.3410,0.1329,0.1498,0.0027,0.4067,0.3662,0.5867,0.3571,0.5645,0.3004,0.3343,0.4030,0.3022,0.2124,0.4272,0.4823,0.3738,0.2228,0.3163,0.4194,0.3194,0.3797,0.8793,1.0000
