0.000000,0.871582,0.366784,0.417911,-0.024591,-0.053517,0.059716,0.118906,0.570507,0.163611,0.457655,0.121593,0.533740,0.352767,0.175593,0.419775,0.279511,0.358857,0.203621,0.372481,0.246742,0.378033,0.071020,0.418362,0.165375,0.540654,0.523518,0.405802,0.319242,0.535795,0.455052,0.349949,0.355154,0.265381,0.261371
0.871582,0.000000,0.409245,0.465087,0.046000,0.044660,0.063795,0.162851,0.550522,0.228467,0.513667,0.200123,0.528889,0.378261,0.280495,0.469053,0.370046,0.376955,0.232610,0.401156,0.217355,0.390390,0.132615,0.448690,0.155482,0.519751,0.542679,0.384265,0.349175,0.588713,0.518885,0.400521,0.348212,0.318200,0.311262
0.366784,0.409245,0.000000,0.912587,0.404613,0.016375,0.338420,0.086108,0.423031,0.203263,0.619175,0.158699,0.426148,0.367188,0.174030,0.579670,0.345661,0.698750,0.592084,0.639275,0.549310,0.516710,0.236179,0.555005,0.495678,0.409991,0.435831,0.563443,0.281770,0.499256,0.550548,0.399001,0.611419,0.530836,0.504587
0.417911,0.465087,0.912587,0.000000,0.380172,0.051502,0.334790,0.091107,0.472283,0.272748,0.688077,0.229976,0.439383,0.384235,0.229923,0.617982,0.426245,0.688769,0.579796,0.663790,0.546171,0.533763,0.297303,0.582130,0.483958,0.411279,0.464125,0.577843,0.362623,0.577132,0.611494,0.489029,0.642930,0.585667,0.560694
-0.024591,0.046000,0.404613,0.380172,0.000000,0.011816,0.215211,0.041655,0.178495,0.139969,0.288904,0.065130,0.098283,0.067629,0.194058,0.108364,0.182615,0.252749,0.283919,0.192166,0.175873,0.289891,0.435021,0.365337,0.296335,0.011076,-0.001879,0.105012,-0.013982,0.245153,0.245761,-0.017310,0.071654,-0.056429,-0.100469
-0.053517,0.044660,0.016375,0.051502,0.011816,0.000000,0.074078,0.442882,0.021924,0.266572,0.061196,0.241128,-0.027210,0.169645,0.220223,0.211470,0.525649,0.194933,0.223186,0.051896,-0.043365,0.062407,0.484640,0.166232,0.014403,0.103476,0.160893,-0.178227,0.223837,-0.001901,0.127647,0.287533,-0.003010,0.074143,0.096450
0.059716,0.063795,0.338420,0.334790,0.215211,0.074078,0.000000,0.204452,0.055258,0.033741,0.228966,0.115896,0.240882,0.170654,-0.044834,0.188279,0.178285,0.160644,0.239469,0.032338,0.260470,0.169150,0.100842,0.206208,0.173536,0.253893,0.249154,0.119629,0.204798,0.142985,0.204623,0.227176,0.189215,0.165226,0.164295
0.118906,0.162851,0.086108,0.091107,0.041655,0.442882,0.204452,0.000000,0.082427,-0.035954,0.109029,0.072412,0.173417,0.246945,-0.081665,0.196605,0.229234,0.158894,0.128207,0.126076,0.037899,0.038260,0.208390,0.139141,-0.000925,0.166075,0.264804,-0.024730,0.019830,0.021013,0.148251,0.107156,0.001443,0.136088,0.150554
0.570507,0.550522,0.423031,0.472283,0.178495,0.021924,0.055258,0.082427,0.000000,0.243621,0.553675,0.127345,0.571114,0.591972,0.147843,0.518128,0.344297,0.428140,0.277713,0.440094,0.323368,0.455326,0.275033,0.540358,0.336515,0.393831,0.399438,0.529676,0.373996,0.589315,0.571330,0.393970,0.460346,0.302740,0.284073
0.163611,0.228467,0.203263,0.272748,0.139969,0.266572,0.033741,-0.035954,0.243621,0.000000,0.195412,0.793628,0.143063,0.016361,0.655141,0.092048,0.469889,0.274472,0.247443,0.213823,0.310113,0.390867,0.352459,0.373708,0.385028,0.242557,0.222186,0.129133,0.580621,0.175438,0.111819,0.513928,0.289163,0.148757,0.139624
0.457655,0.513667,0.619175,0.688077,0.288904,0.061196,0.228966,0.109029,0.553675,0.195412,0.000000,0.206235,0.532245,0.464094,0.198861,0.625130,0.373694,0.552622,0.401896,0.595392,0.373158,0.493762,0.344069,0.600211,0.328768,0.358267,0.393898,0.526345,0.395831,0.804497,0.831340,0.490075,0.602533,0.639736,0.623947
0.121593,0.200123,0.158699,0.229976,0.065130,0.241128,0.115896,0.072412,0.127345,0.793628,0.206235,0.000000,0.167726,-0.018967,0.526167,0.094606,0.369892,0.223740,0.222767,0.190506,0.316579,0.347591,0.271969,0.317430,0.375916,0.232019,0.261918,0.111705,0.510965,0.132858,0.120774,0.492051,0.319080,0.202662,0.226111
0.533740,0.528889,0.426148,0.439383,0.098283,-0.027210,0.240882,0.173417,0.571114,0.143063,0.532245,0.167726,0.000000,0.370965,0.040509,0.412816,0.238581,0.402356,0.291890,0.431945,0.311409,0.392822,0.154103,0.423887,0.295300,0.478621,0.500740,0.425886,0.208081,0.478597,0.527021,0.315029,0.412519,0.355028,0.381364
0.352767,0.378261,0.367188,0.384235,0.067629,0.169645,0.170654,0.246945,0.591972,0.016361,0.464094,-0.018967,0.370965,0.000000,0.216176,0.693344,0.407964,0.380921,0.237280,0.402676,0.263039,0.296420,0.302168,0.434395,0.197923,0.320101,0.364604,0.389944,0.322460,0.432880,0.566395,0.344154,0.322662,0.394717,0.381051
0.175593,0.280495,0.174030,0.229923,0.194058,0.220223,-0.044834,-0.081665,0.147843,0.655141,0.198861,0.526167,0.040509,0.216176,0.000000,0.243047,0.475396,0.220111,0.156293,0.212584,0.235287,0.401871,0.387881,0.412430,0.294472,0.105371,0.075102,0.078261,0.481100,0.242091,0.216802,0.409583,0.186060,0.113806,0.104092
0.419775,0.469053,0.579670,0.617982,0.108364,0.211470,0.188279,0.196605,0.518128,0.092048,0.625130,0.094606,0.412816,0.693344,0.243047,0.000000,0.488086,0.575253,0.377787,0.610035,0.350083,0.433834,0.262419,0.488271,0.333687,0.362180,0.444713,0.403865,0.315094,0.493834,0.614668,0.423113,0.463540,0.511964,0.507222
0.279511,0.370046,0.345661,0.426245,0.182615,0.525649,0.178285,0.229234,0.344297,0.469889,0.373694,0.369892,0.238581,0.407964,0.475396,0.488086,0.000000,0.332279,0.384782,0.256476,0.163043,0.314942,0.675621,0.445815,0.157486,0.234569,0.326564,0.070791,0.563342,0.346401,0.446109,0.649460,0.194901,0.245621,0.250017
0.358857,0.376955,0.698750,0.688769,0.252749,0.194933,0.160644,0.158894,0.428140,0.274472,0.552622,0.223740,0.402356,0.380921,0.220111,0.575253,0.332279,0.000000,0.794160,0.853531,0.505334,0.553151,0.337900,0.563891,0.480469,0.532122,0.518655,0.492623,0.334129,0.487424,0.498438,0.339631,0.592853,0.515567,0.502080
0.203621,0.232610,0.592084,0.579796,0.283919,0.223186,0.239469,0.128207,0.277713,0.247443,0.401896,0.222767,0.291890,0.237280,0.156293,0.377787,0.384782,0.794160,0.000000,0.631121,0.447303,0.476083,0.417492,0.484205,0.434291,0.483972,0.501310,0.325468,0.291955,0.317622,0.382484,0.315983,0.453104,0.350488,0.347532
0.372481,0.401156,0.639275,0.663790,0.192166,0.051896,0.032338,0.126076,0.440094,0.213823,0.595392,0.190506,0.431945,0.402676,0.212584,0.610035,0.256476,0.853531,0.631121,0.000000,0.459725,0.543813,0.232259,0.538267,0.435920,0.426132,0.464859,0.521735,0.250692,0.544302,0.540450,0.260574,0.581866,0.588511,0.573714
0.246742,0.217355,0.549310,0.546171,0.175873,-0.043365,0.260470,0.037899,0.323368,0.310113,0.373158,0.316579,0.311409,0.263039,0.235287,0.350083,0.163043,0.505334,0.447303,0.459725,0.000000,0.645904,0.255926,0.598659,0.762380,0.371072,0.424137,0.603293,0.287243,0.357096,0.343592,0.319066,0.642133,0.378060,0.372936
0.378033,0.390390,0.516710,0.533763,0.289891,0.062407,0.169150,0.038260,0.455326,0.390867,0.493762,0.347591,0.392822,0.296420,0.401871,0.433834,0.314942,0.553151,0.476083,0.543813,0.645904,0.000000,0.369672,0.831006,0.723073,0.468768,0.466840,0.435882,0.338560,0.469915,0.485430,0.350592,0.599331,0.363715,0.374220
0.071020,0.132615,0.236179,0.297303,0.435021,0.484640,0.100842,0.208390,0.275033,0.352459,0.344069,0.271969,0.154103,0.302168,0.387881,0.262419,0.675621,0.337900,0.417492,0.232259,0.255926,0.369672,0.000000,0.522517,0.253163,0.134791,0.205909,0.078628,0.338616,0.344547,0.393657,0.373026,0.129344,0.185769,0.172981
0.418362,0.448690,0.555005,0.582130,0.365337,0.166232,0.206208,0.139141,0.540358,0.373708,0.600211,0.317430,0.423887,0.434395,0.412430,0.488271,0.445815,0.563891,0.484205,0.538267,0.598659,0.831006,0.522517,0.000000,0.600824,0.418756,0.444149,0.425762,0.454949,0.578514,0.636302,0.495001,0.561460,0.398027,0.387168
0.165375,0.155482,0.495678,0.483958,0.296335,0.014403,0.173536,-0.000925,0.336515,0.385028,0.328768,0.375916,0.295300,0.197923,0.294472,0.333687,0.157486,0.480469,0.434291,0.435920,0.762380,0.723073,0.253163,0.600824,0.000000,0.363822,0.384701,0.461208,0.241521,0.286323,0.278028,0.286373,0.623964,0.248178,0.266055
0.540654,0.519751,0.409991,0.411279,0.011076,0.103476,0.253893,0.166075,0.393831,0.242557,0.358267,0.232019,0.478621,0.320101,0.105371,0.362180,0.234569,0.532122,0.483972,0.426132,0.371072,0.468768,0.134791,0.418756,0.363822,0.000000,0.846930,0.452839,0.425929,0.350714,0.347779,0.365043,0.473964,0.406571,0.413521
0.523518,0.542679,0.435831,0.464125,-0.001879,0.160893,0.249154,0.264804,0.399438,0.222186,0.393898,0.261918,0.500740,0.364604,0.075102,0.444713,0.326564,0.518655,0.501310,0.464859,0.424137,0.466840,0.205909,0.444149,0.384701,0.846930,0.000000,0.456816,0.365389,0.343234,0.380514,0.423005,0.488968,0.478944,0.494747
0.405802,0.384265,0.563443,0.577843,0.105012,-0.178227,0.119629,-0.024730,0.529676,0.129133,0.526345,0.111705,0.425886,0.389944,0.078261,0.403865,0.070791,0.492623,0.325468,0.521735,0.603293,0.435882,0.078628,0.425762,0.461208,0.452839,0.456816,0.000000,0.295444,0.551666,0.503691,0.341691,0.688562,0.532880,0.513753
0.319242,0.349175,0.281770,0.362623,-0.013982,0.223837,0.204798,0.019830,0.373996,0.580621,0.395831,0.510965,0.208081,0.322460,0.481100,0.315094,0.563342,0.334129,0.291955,0.250692,0.287243,0.338560,0.338616,0.454949,0.241521,0.425929,0.365389,0.295444,0.000000,0.459952,0.458639,0.801257,0.445090,0.385151,0.386433
0.535795,0.588713,0.499256,0.577132,0.245153,-0.001901,0.142985,0.021013,0.589315,0.175438,0.804497,0.132858,0.478597,0.432880,0.242091,0.493834,0.346401,0.487424,0.317622,0.544302,0.357096,0.469915,0.344547,0.578514,0.286323,0.350714,0.343234,0.551666,0.459952,0.000000,0.822851,0.451804,0.549831,0.591653,0.559636
0.455052,0.518885,0.550548,0.611494,0.245761,0.127647,0.204623,0.148251,0.571330,0.111819,0.831340,0.120774,0.527021,0.566395,0.216802,0.614668,0.446109,0.498438,0.382484,0.540450,0.343592,0.485430,0.393657,0.636302,0.278028,0.347779,0.380514,0.503691,0.458639,0.822851,0.000000,0.560132,0.572735,0.572412,0.582963
0.349949,0.400521,0.399001,0.489029,-0.017310,0.287533,0.227176,0.107156,0.393970,0.513928,0.490075,0.492051,0.315029,0.344154,0.409583,0.423113,0.649460,0.339631,0.315983,0.260574,0.319066,0.350592,0.373026,0.495001,0.286373,0.365043,0.423005,0.341691,0.801257,0.451804,0.560132,0.000000,0.503316,0.432497,0.448594
0.355154,0.348212,0.611419,0.642930,0.071654,-0.003010,0.189215,0.001443,0.460346,0.289163,0.602533,0.319080,0.412519,0.322662,0.186060,0.463540,0.194901,0.592853,0.453104,0.581866,0.642133,0.599331,0.129344,0.561460,0.623964,0.473964,0.488968,0.688562,0.445090,0.549831,0.572735,0.503316,0.000000,0.593460,0.618978
0.265381,0.318200,0.530836,0.585667,-0.056429,0.074143,0.165226,0.136088,0.302740,0.148757,0.639736,0.202662,0.355028,0.394717,0.113806,0.511964,0.245621,0.515567,0.350488,0.588511,0.378060,0.363715,0.185769,0.398027,0.248178,0.406571,0.478944,0.532880,0.385151,0.591653,0.572412,0.432497,0.593460,0.000000,0.920303
0.261371,0.311262,0.504587,0.560694,-0.100469,0.096450,0.164295,0.150554,0.284073,0.139624,0.623947,0.226111,0.381364,0.381051,0.104092,0.507222,0.250017,0.502080,0.347532,0.573714,0.372936,0.374220,0.172981,0.387168,0.266055,0.413521,0.494747,0.513753,0.386433,0.559636,0.582963,0.448594,0.618978,0.920303,0.000000
