1.0000,0.8844,0.2871,0.1549,0.4886,-0.1481,-0.1273,-0.1958,0.2627,0.5208,0.5682,0.4835,0.2672,0.2523,0.5081,0.3489,0.2075,0.3886,0.1900,0.3270,0.2829,0.7183,0.2823,0.6529,0.3042,0.6156,0.6018,0.2259,0.5929,0.6279,0.6194,0.6638,0.2677,0.4288,0.4129
0.8844,1.0000,0.2696,0.1771,0.4346,-0.1047,-0.0900,-0.2271,0.3047,0.5587,0.5802,0.5698,0.3426,0.2640,0.5309,0.3758,0.2249,0.4042,0.2025,0.3686,0.2742,0.6835,0.2801,0.6732,0.3383,0.6360,0.6335,0.1942,0.5975,0.6060,0.6463,0.6774,0.2012,0.3995,0.3953
0.2871,0.2696,1.0000,0.8520,0.4591,-0.1368,0.1134,-0.1164,0.1029,0.3358,0.3976,0.1857,0.0075,0.2572,0.3661,0.1790,0.3676,0.4973,0.4281,0.6527,0.2042,0.5071,0.2088,0.4717,0.2113,0.2883,0.2219,0.3284,0.3522,0.3082,0.3235,0.3655,0.2719,0.4298,0.4448
0.1549,0.1771,0.8520,1.0000,0.3836,-0.1386,0.3098,-0.1844,0.1625,0.3446,0.3541,0.1746,0.0746,0.2143,0.3683,0.1329,0.2808,0.4159,0.3707,0.6000,0.1738,0.4077,0.1657,0.3858,0.2077,0.1993,0.1452,0.2774,0.3113,0.2413,0.2365,0.2735,0.1601,0.3157,0.3694
0.4886,0.4346,0.4591,0.3836,1.0000,-0.3270,-0.1325,-0.2871,0.1726,0.3102,0.5709,0.2530,0.1229,0.2788,0.4569,0.2967,0.2856,0.4937,0.1198,0.4562,0.1527,0.7327,0.2021,0.6290,0.1322,0.4053,0.3858,0.2089,0.3777,0.3959,0.4177,0.3655,0.1684,0.4641,0.5203
-0.1481,-0.1047,-0.1368,-0.1386,-0.3270,1.0000,-0.1227,0.3612,-0.0881,-0.0916,-0.1481,-0.0071,-0.0784,0.1262,-0.0960,0.1726,0.0853,-0.0436,0.0352,-0.0010,-0.1442,-0.2661,0.0195,-0.2259,-0.0497,0.0861,0.0728,-0.1770,-0.1102,-0.1363,-0.0780,-0.0332,-0.2026,-0.0732,-0.1411
-0.1273,-0.0900,0.1134,0.3098,-0.1325,-0.1227,1.0000,-0.0739,-0.0596,-0.0924,-0.0618,-0.0377,0.1310,-0.2416,-0.0620,-0.1915,-0.2398,-0.2186,-0.1528,-0.1456,-0.0507,-0.1116,-0.1705,-0.1064,-0.0345,-0.2460,-0.2649,-0.1338,-0.1355,-0.0996,-0.1320,-0.1706,-0.2399,-0.3009,-0.2772
-0.1958,-0.2271,-0.1164,-0.1844,-0.2871,0.3612,-0.0739,1.0000,-0.2853,-0.3046,-0.3401,-0.2297,-0.1052,-0.1067,-0.2650,-0.0544,0.0553,-0.1646,0.0094,-0.2334,0.1671,-0.2351,0.0705,-0.2627,0.0208,-0.0135,0.0425,0.0802,-0.2318,-0.2948,-0.2913,-0.1368,0.1466,-0.1064,-0.1543
0.2627,0.3047,0.1029,0.1625,0.1726,-0.0881,-0.0596,-0.2853,1.0000,0.5703,0.5571,0.5883,0.4885,0.0509,0.2913,-0.0006,-0.0808,0.1166,0.0092,0.1649,0.0769,0.2245,-0.0134,0.2490,0.1524,0.2956,0.3245,0.1346,0.4536,0.4355,0.4064,0.3302,0.0227,0.2355,0.2814
0.5208,0.5587,0.3358,0.3446,0.3102,-0.0916,-0.0924,-0.3046,0.5703,1.0000,0.5362,0.5933,0.2875,0.2412,0.5115,0.2596,0.2340,0.3240,0.0682,0.3385,0.2065,0.4464,0.1660,0.4143,0.1957,0.5080,0.4677,0.2172,0.6822,0.4804,0.5055,0.5884,0.1081,0.4177,0.4498
0.5682,0.5802,0.3976,0.3541,0.5709,-0.1481,-0.0618,-0.3401,0.5571,0.5362,1.0000,0.5947,0.3831,0.3471,0.5876,0.3984,0.1808,0.3822,0.1352,0.4252,0.1583,0.6223,0.1690,0.5901,0.1928,0.4762,0.4698,0.2499,0.5361,0.6843,0.7519,0.5571,0.1865,0.4912,0.5003
0.4835,0.5698,0.1857,0.1746,0.2530,-0.0071,-0.0377,-0.2297,0.5883,0.5933,0.5947,1.0000,0.5552,0.0929,0.3310,0.2128,0.0917,0.2033,0.1105,0.2965,0.0478,0.3780,0.0543,0.4083,0.1417,0.4968,0.5495,0.0967,0.4818,0.4286,0.4585,0.5388,0.0438,0.2755,0.2747
0.2672,0.3426,0.0075,0.0746,0.1229,-0.0784,0.1310,-0.1052,0.4885,0.2875,0.3831,0.5552,1.0000,-0.1712,0.0762,-0.0394,-0.1627,0.0705,0.0752,0.0631,0.1474,0.1793,-0.0064,0.2148,0.1045,0.2341,0.3202,0.0820,0.2324,0.2284,0.2549,0.3015,0.0508,0.0261,0.0663
0.2523,0.2640,0.2572,0.2143,0.2788,0.1262,-0.2416,-0.1067,0.0509,0.2412,0.3471,0.0929,-0.1712,1.0000,0.6913,0.7908,0.5574,0.3613,0.1218,0.3077,0.1247,0.3393,0.3978,0.3443,0.2182,0.3596,0.3082,0.1788,0.2984,0.2445,0.3509,0.2496,0.0688,0.3219,0.3236
0.5081,0.5309,0.3661,0.3683,0.4569,-0.0960,-0.0620,-0.2650,0.2913,0.5115,0.5876,0.3310,0.0762,0.6913,1.0000,0.6147,0.4888,0.4290,0.0768,0.3798,0.2290,0.5635,0.4057,0.5272,0.3140,0.3818,0.3608,0.2545,0.5423,0.5135,0.5628,0.5002,0.1098,0.3202,0.3874
0.3489,0.3758,0.1790,0.1329,0.2967,0.1726,-0.1915,-0.0544,-0.0006,0.2596,0.3984,0.2128,-0.0394,0.7908,0.6147,1.0000,0.5880,0.3788,0.0943,0.2818,0.1410,0.3690,0.4045,0.3469,0.2283,0.4527,0.4510,0.1115,0.3631,0.3167,0.4220,0.3483,0.0410,0.3636,0.3501
0.2075,0.2249,0.3676,0.2808,0.2856,0.0853,-0.2398,0.0553,-0.0808,0.2340,0.1808,0.0917,-0.1627,0.5574,0.4888,0.5880,1.0000,0.4703,0.2621,0.3844,0.1996,0.3342,0.4958,0.3126,0.2797,0.3676,0.3640,0.2647,0.2829,0.0860,0.1915,0.3128,0.1775,0.3798,0.4019
0.3886,0.4042,0.4973,0.4159,0.4937,-0.0436,-0.2186,-0.1646,0.1166,0.3240,0.3822,0.2033,0.0705,0.3613,0.4290,0.3788,0.4703,1.0000,0.5177,0.7816,0.3852,0.4710,0.5830,0.4338,0.3440,0.3261,0.3471,0.4031,0.3700,0.3441,0.3468,0.3810,0.2588,0.4485,0.5121
0.1900,0.2025,0.4281,0.3707,0.1198,0.0352,-0.1528,0.0094,0.0092,0.0682,0.1352,0.1105,0.0752,0.1218,0.0768,0.0943,0.2621,0.5177,1.0000,0.5973,0.2965,0.2407,0.4135,0.2645,0.2589,0.1618,0.1689,0.4560,0.1425,0.1877,0.1603,0.2228,0.5353,0.2871,0.2512
0.3270,0.3686,0.6527,0.6000,0.4562,-0.0010,-0.1456,-0.2334,0.1649,0.3385,0.4252,0.2965,0.0631,0.3077,0.3798,0.2818,0.3844,0.7816,0.5973,1.0000,0.1584,0.4447,0.3184,0.4188,0.1551,0.3447,0.3418,0.3143,0.3936,0.3715,0.3811,0.4294,0.2283,0.4863,0.5256
0.2829,0.2742,0.2042,0.1738,0.1527,-0.1442,-0.0507,0.1671,0.0769,0.2065,0.1583,0.0478,0.1474,0.1247,0.2290,0.1410,0.1996,0.3852,0.2965,0.1584,1.0000,0.4113,0.7162,0.4338,0.6763,0.2077,0.2265,0.7252,0.2381,0.2122,0.2244,0.2872,0.6134,0.2675,0.2783
0.7183,0.6835,0.5071,0.4077,0.7327,-0.2661,-0.1116,-0.2351,0.2245,0.4464,0.6223,0.3780,0.1793,0.3393,0.5635,0.3690,0.3342,0.4710,0.2407,0.4447,0.4113,1.0000,0.3969,0.9031,0.4772,0.6232,0.5678,0.3520,0.5670,0.5713,0.5925,0.6045,0.3739,0.5362,0.5500
0.2823,0.2801,0.2088,0.1657,0.2021,0.0195,-0.1705,0.0705,-0.0134,0.1660,0.1690,0.0543,-0.0064,0.3978,0.4057,0.4045,0.4958,0.5830,0.4135,0.3184,0.7162,0.3969,1.0000,0.4214,0.5890,0.2660,0.2852,0.6409,0.2390,0.1870,0.2298,0.2973,0.5253,0.2846,0.3061
0.6529,0.6732,0.4717,0.3858,0.6290,-0.2259,-0.1064,-0.2627,0.2490,0.4143,0.5901,0.4083,0.2148,0.3443,0.5272,0.3469,0.3126,0.4338,0.2645,0.4188,0.4338,0.9031,0.4214,1.0000,0.5343,0.5982,0.5412,0.3587,0.5096,0.4888,0.5447,0.5647,0.3588,0.4825,0.4876
0.3042,0.3383,0.2113,0.2077,0.1322,-0.0497,-0.0345,0.0208,0.1524,0.1957,0.1928,0.1417,0.1045,0.2182,0.3140,0.2283,0.2797,0.3440,0.2589,0.1551,0.6763,0.4772,0.5890,0.5343,1.0000,0.2959,0.2862,0.4017,0.2720,0.2544,0.2921,0.3093,0.3774,0.2318,0.2457
0.6156,0.6360,0.2883,0.1993,0.4053,0.0861,-0.2460,-0.0135,0.2956,0.5080,0.4762,0.4968,0.2341,0.3596,0.3818,0.4527,0.3676,0.3261,0.1618,0.3447,0.2077,0.6232,0.2660,0.5982,0.2959,1.0000,0.8611,0.1793,0.6207,0.3939,0.4916,0.6410,0.2473,0.6111,0.5616
0.6018,0.6335,0.2219,0.1452,0.3858,0.0728,-0.2649,0.0425,0.3245,0.4677,0.4698,0.5495,0.3202,0.3082,0.3608,0.4510,0.3640,0.3471,0.1689,0.3418,0.2265,0.5678,0.2852,0.5412,0.2862,0.8611,1.0000,0.2145,0.5960,0.4128,0.4898,0.6734,0.2434,0.5711,0.5459
0.2259,0.1942,0.3284,0.2774,0.2089,-0.1770,-0.1338,0.0802,0.1346,0.2172,0.2499,0.0967,0.0820,0.1788,0.2545,0.1115,0.2647,0.4031,0.4560,0.3143,0.7252,0.3520,0.6409,0.3587,0.4017,0.1793,0.2145,1.0000,0.2967,0.2719,0.2908,0.3743,0.7609,0.4008,0.3897
0.5929,0.5975,0.3522,0.3113,0.3777,-0.1102,-0.1355,-0.2318,0.4536,0.6822,0.5361,0.4818,0.2324,0.2984,0.5423,0.3631,0.2829,0.3700,0.1425,0.3936,0.2381,0.5670,0.2390,0.5096,0.2720,0.6207,0.5960,0.2967,1.0000,0.6917,0.6802,0.7660,0.2710,0.5641,0.5946
0.6279,0.6060,0.3082,0.2413,0.3959,-0.1363,-0.0996,-0.2948,0.4355,0.4804,0.6843,0.4286,0.2284,0.2445,0.5135,0.3167,0.0860,0.3441,0.1877,0.3715,0.2122,0.5713,0.1870,0.4888,0.2544,0.3939,0.4128,0.2719,0.6917,1.0000,0.8456,0.6344,0.3163,0.4420,0.4553
0.6194,0.6463,0.3235,0.2365,0.4177,-0.0780,-0.1320,-0.2913,0.4064,0.5055,0.7519,0.4585,0.2549,0.3509,0.5628,0.4220,0.1915,0.3468,0.1603,0.3811,0.2244,0.5925,0.2298,0.5447,0.2921,0.4916,0.4898,0.2908,0.6802,0.8456,1.0000,0.7203,0.3038,0.5278,0.5188
0.6638,0.6774,0.3655,0.2735,0.3655,-0.0332,-0.1706,-0.1368,0.3302,0.5884,0.5571,0.5388,0.3015,0.2496,0.5002,0.3483,0.3128,0.3810,0.2228,0.4294,0.2872,0.6045,0.2973,0.5647,0.3093,0.6410,0.6734,0.3743,0.7660,0.6344,0.7203,1.0000,0.3713,0.5835,0.5576
0.2677,0.2012,0.2719,0.1601,0.1684,-0.2026,-0.2399,0.1466,0.0227,0.1081,0.1865,0.0438,0.0508,0.0688,0.1098,0.0410,0.1775,0.2588,0.5353,0.2283,0.6134,0.3739,0.5253,0.3588,0.3774,0.2473,0.2434,0.7609,0.2710,0.3163,0.3038,0.3713,1.0000,0.4562,0.4113
0.4288,0.3995,0.4298,0.3157,0.4641,-0.0732,-0.3009,-0.1064,0.2355,0.4177,0.4912,0.2755,0.0261,0.3219,0.3202,0.3636,0.3798,0.4485,0.2871,0.4863,0.2675,0.5362,0.2846,0.4825,0.2318,0.6111,0.5711,0.4008,0.5641,0.4420,0.5278,0.5835,0.4562,1.0000,0.9064
0.4129,0.3953,0.4448,0.3694,0.5203,-0.1411,-0.2772,-0.1543,0.2814,0.4498,0.5003,0.2747,0.0663,0.3236,0.3874,0.3501,0.4019,0.5121,0.2512,0.5256,0.2783,0.5500,0.3061,0.4876,0.2457,0.5616,0.5459,0.3897,0.5946,0.4553,0.5188,0.5576,0.4113,0.9064,1.0000
