0.000000,0.853354,0.137205,0.133160,0.034192,-0.107511,-0.082057,-0.057740,0.473587,0.239439,0.431092,0.335792,0.412910,0.073615,0.255403,0.247415,0.198247,0.210084,0.170521,0.289440,0.004022,0.576762,0.152178,0.507355,0.127366,0.431501,0.468653,0.256818,0.363821,0.410261,0.518292,0.492558,0.259479,0.179020,0.150006
0.853354,0.000000,0.145553,0.117014,-0.005893,-0.189782,-0.120154,-0.081070,0.475896,0.257624,0.373198,0.383338,0.445106,0.049012,0.218813,0.193446,0.167586,0.185394,0.172312,0.253491,-0.018193,0.570858,0.117720,0.615079,0.102397,0.425292,0.505993,0.249131,0.375652,0.425447,0.569875,0.521219,0.231752,0.100133,0.079112
0.137205,0.145553,0.000000,0.886099,0.654904,0.173792,0.339854,-0.140741,0.261037,0.320351,0.390129,0.479779,0.074437,0.350071,0.361062,0.391955,0.473947,0.635620,0.565756,0.596887,0.238268,0.377551,0.470306,0.346741,0.450776,0.193113,0.221067,0.443735,0.288345,0.096167,0.308439,0.400161,0.299314,0.323134,0.290588
0.133160,0.117014,0.886099,0.000000,0.643962,0.168593,0.282350,-0.130167,0.277678,0.435341,0.507716,0.518106,0.070410,0.471754,0.477545,0.516537,0.594260,0.698550,0.579125,0.690764,0.218155,0.378489,0.492894,0.316580,0.398904,0.211733,0.243231,0.435926,0.313395,0.076097,0.276263,0.377938,0.289058,0.484702,0.455675
0.034192,-0.005893,0.654904,0.643962,0.000000,0.087448,0.332432,-0.147886,0.326358,0.227837,0.333631,0.328630,0.174952,0.226753,0.240723,0.253812,0.298275,0.528078,0.407825,0.473483,0.268120,0.233415,0.333765,0.110925,0.344503,0.251900,0.219580,0.379674,0.252230,0.086687,0.208691,0.330636,0.274537,0.339579,0.333897
-0.107511,-0.189782,0.173792,0.168593,0.087448,0.000000,0.034614,0.341320,-0.079570,-0.079767,-0.026318,-0.096684,-0.055009,0.038860,0.028861,0.065057,0.087393,0.002351,0.078649,-0.016744,0.036638,-0.138624,0.129395,-0.168303,0.138976,-0.033672,-0.029563,0.039155,0.013791,-0.100945,-0.093746,-0.066883,0.017765,-0.022295,-0.057261
-0.082057,-0.120154,0.339854,0.282350,0.332432,0.034614,0.000000,-0.136814,-0.052609,-0.066197,0.055923,-0.007733,-0.065385,-0.034212,0.006449,-0.020443,-0.012387,0.324774,0.104657,0.185255,0.119368,-0.123188,0.077970,-0.119341,0.220438,-0.080184,-0.070989,0.314432,0.006226,0.022860,0.016519,0.048009,0.173153,0.073554,0.046700
-0.057740,-0.081070,-0.140741,-0.130167,-0.147886,0.341320,-0.136814,0.000000,-0.095694,-0.105702,-0.150714,-0.106712,0.006709,-0.060601,-0.101816,-0.131885,-0.170559,-0.282252,-0.123851,-0.225691,-0.271874,-0.173569,-0.178203,-0.187632,-0.295569,-0.082413,-0.096160,-0.172913,0.014125,-0.100831,-0.121836,-0.066338,-0.085327,-0.117608,-0.064808
0.473587,0.475896,0.261037,0.277678,0.326358,-0.079570,-0.052609,-0.095694,0.000000,0.497754,0.461059,0.518495,0.622199,0.208076,0.258077,0.230326,0.208923,0.358303,0.315541,0.333947,0.150006,0.472184,0.236858,0.356888,0.308108,0.558036,0.566424,0.275446,0.611096,0.370340,0.457924,0.615127,0.230674,0.241368,0.242232
0.239439,0.257624,0.320351,0.435341,0.227837,-0.079767,-0.066197,-0.105702,0.497754,0.000000,0.562830,0.769895,0.245060,0.545230,0.566483,0.554234,0.582030,0.486781,0.378998,0.462943,0.230440,0.450133,0.410372,0.376042,0.288635,0.433756,0.511451,0.117378,0.363250,0.126129,0.280742,0.438862,0.031045,0.345850,0.396675
0.431092,0.373198,0.390129,0.507716,0.333631,-0.026318,0.055923,-0.150714,0.461059,0.562830,0.000000,0.528802,0.235157,0.387819,0.506674,0.590730,0.474506,0.501284,0.386802,0.563392,0.093605,0.383301,0.291733,0.294616,0.216260,0.266003,0.341281,0.356459,0.434613,0.463819,0.585259,0.438537,0.323089,0.436291,0.473991
0.335792,0.383338,0.479779,0.518106,0.328630,-0.096684,-0.007733,-0.106712,0.518495,0.769895,0.528802,0.000000,0.310038,0.546443,0.582717,0.585990,0.557184,0.566277,0.485448,0.575626,0.203803,0.543276,0.450851,0.517495,0.350389,0.493050,0.545969,0.191400,0.384829,0.127911,0.453383,0.624869,0.146974,0.328126,0.349459
0.412910,0.445106,0.074437,0.070410,0.174952,-0.055009,-0.065385,0.006709,0.622199,0.245060,0.235157,0.310038,0.000000,-0.023258,0.060406,0.069246,0.011724,0.134931,0.127074,0.117635,0.044424,0.318400,0.100400,0.259810,0.151840,0.506453,0.471010,0.076089,0.361412,0.133140,0.251326,0.412088,0.085700,0.026202,0.023162
0.073615,0.049012,0.350071,0.471754,0.226753,0.038860,-0.034212,-0.060601,0.208076,0.545230,0.387819,0.546443,-0.023258,0.000000,0.750238,0.804897,0.719426,0.472670,0.495524,0.555591,0.113457,0.275521,0.535329,0.208187,0.248102,0.204029,0.267474,0.067855,0.144006,-0.104362,0.175541,0.288295,-0.088761,0.279368,0.267997
0.255403,0.218813,0.361062,0.477545,0.240723,0.028861,0.006449,-0.101816,0.258077,0.566483,0.506674,0.582717,0.060406,0.750238,0.000000,0.774350,0.682877,0.513000,0.398652,0.585504,0.134910,0.344742,0.503696,0.268064,0.307152,0.229012,0.315876,0.215179,0.228469,0.102761,0.342830,0.341427,0.117821,0.370286,0.368804
0.247415,0.193446,0.391955,0.516537,0.253812,0.065057,-0.020443,-0.131885,0.230326,0.554234,0.590730,0.585990,0.069246,0.804897,0.774350,0.000000,0.801912,0.543479,0.524391,0.663851,0.120708,0.377189,0.540221,0.310351,0.268119,0.272738,0.332929,0.163987,0.208694,0.044556,0.321122,0.375974,0.078118,0.385911,0.379175
0.198247,0.167586,0.473947,0.594260,0.298275,0.087393,-0.012387,-0.170559,0.208923,0.582030,0.474506,0.557184,0.011724,0.719426,0.682877,0.801912,0.000000,0.579315,0.552552,0.629376,0.242105,0.443256,0.721811,0.386707,0.400766,0.293190,0.360102,0.193131,0.234306,-0.019119,0.206561,0.353489,0.117156,0.460060,0.444630
0.210084,0.185394,0.635620,0.698550,0.528078,0.002351,0.324774,-0.282252,0.358303,0.486781,0.501284,0.566277,0.134931,0.472670,0.513000,0.543479,0.579315,0.000000,0.727734,0.858599,0.361069,0.436634,0.565925,0.372117,0.470019,0.427835,0.469537,0.428110,0.372682,0.201552,0.360890,0.495059,0.304470,0.533359,0.481149
0.170521,0.172312,0.565756,0.579125,0.407825,0.078649,0.104657,-0.123851,0.315541,0.378998,0.386802,0.485448,0.127074,0.495524,0.398652,0.524391,0.552552,0.727734,0.000000,0.660806,0.221593,0.425688,0.558757,0.391328,0.343632,0.338533,0.475653,0.251512,0.358481,0.090632,0.300480,0.443232,0.150049,0.323781,0.288326
0.289440,0.253491,0.596887,0.690764,0.473483,-0.016744,0.185255,-0.225691,0.333947,0.462943,0.563392,0.575626,0.117635,0.555591,0.585504,0.663851,0.629376,0.858599,0.660806,0.000000,0.216014,0.489164,0.513870,0.417309,0.306965,0.409966,0.397076,0.385197,0.343250,0.199170,0.430121,0.473633,0.349453,0.574408,0.527323
0.004022,-0.018193,0.238268,0.218155,0.268120,0.036638,0.119368,-0.271874,0.150006,0.230440,0.093605,0.203803,0.044424,0.113457,0.134910,0.120708,0.242105,0.361069,0.221593,0.216014,0.000000,0.209744,0.476214,0.164904,0.562102,0.182595,0.135151,0.120186,0.117306,0.086202,0.110764,0.167009,0.100866,0.115991,0.103139
0.576762,0.570858,0.377551,0.378489,0.233415,-0.138624,-0.123188,-0.173569,0.472184,0.450133,0.383301,0.543276,0.318400,0.275521,0.344742,0.377189,0.443256,0.436634,0.425688,0.489164,0.209744,0.000000,0.434041,0.876528,0.347114,0.482906,0.501027,0.290187,0.413387,0.265908,0.483922,0.543204,0.264941,0.259896,0.221059
0.152178,0.117720,0.470306,0.492894,0.333765,0.129395,0.077970,-0.178203,0.236858,0.410372,0.291733,0.450851,0.100400,0.535329,0.503696,0.540221,0.721811,0.565925,0.558757,0.513870,0.476214,0.434041,0.000000,0.372371,0.658344,0.223271,0.288259,0.135455,0.253500,-0.004690,0.193174,0.328136,0.067562,0.287990,0.264524
0.507355,0.615079,0.346741,0.316580,0.110925,-0.168303,-0.119341,-0.187632,0.356888,0.376042,0.294616,0.517495,0.259810,0.208187,0.268064,0.310351,0.386707,0.372117,0.391328,0.417309,0.164904,0.876528,0.372371,0.000000,0.263260,0.419442,0.468052,0.239327,0.339247,0.234644,0.453360,0.477456,0.213966,0.139502,0.104200
0.127366,0.102397,0.450776,0.398904,0.344503,0.138976,0.220438,-0.295569,0.308108,0.288635,0.216260,0.350389,0.151840,0.248102,0.307152,0.268119,0.400766,0.470019,0.343632,0.306965,0.562102,0.347114,0.658344,0.263260,0.000000,0.218486,0.277801,0.276337,0.259973,0.100382,0.259110,0.390538,0.179102,0.197881,0.148220
0.431501,0.425292,0.193113,0.211733,0.251900,-0.033672,-0.080184,-0.082413,0.558036,0.433756,0.266003,0.493050,0.506453,0.204029,0.229012,0.272738,0.293190,0.427835,0.338533,0.409966,0.182595,0.482906,0.223271,0.419442,0.218486,0.000000,0.790958,0.260448,0.361692,0.155443,0.318706,0.620770,0.176353,0.268729,0.240804
0.468653,0.505993,0.221067,0.243231,0.219580,-0.029563,-0.070989,-0.096160,0.566424,0.511451,0.341281,0.545969,0.471010,0.267474,0.315876,0.332929,0.360102,0.469537,0.475653,0.397076,0.135151,0.501027,0.288259,0.468052,0.277801,0.790958,0.000000,0.251999,0.449274,0.193783,0.350384,0.621507,0.110729,0.290125,0.267497
0.256818,0.249131,0.443735,0.435926,0.379674,0.039155,0.314432,-0.172913,0.275446,0.117378,0.356459,0.191400,0.076089,0.067855,0.215179,0.163987,0.193131,0.428110,0.251512,0.385197,0.120186,0.290187,0.135455,0.239327,0.276337,0.260448,0.251999,0.000000,0.428264,0.558187,0.529122,0.442510,0.598683,0.366238,0.325135
0.363821,0.375652,0.288345,0.313395,0.252230,0.013791,0.006226,0.014125,0.611096,0.363250,0.434613,0.384829,0.361412,0.144006,0.228469,0.208694,0.234306,0.372682,0.358481,0.343250,0.117306,0.413387,0.253500,0.339247,0.259973,0.361692,0.449274,0.428264,0.000000,0.623551,0.562553,0.651902,0.374827,0.340232,0.335985
0.410261,0.425447,0.096167,0.076097,0.086687,-0.100945,0.022860,-0.100831,0.370340,0.126129,0.463819,0.127911,0.133140,-0.104362,0.102761,0.044556,-0.019119,0.201552,0.090632,0.199170,0.086202,0.265908,-0.004690,0.234644,0.100382,0.155443,0.193783,0.558187,0.623551,0.000000,0.732504,0.426585,0.561247,0.201976,0.233362
0.518292,0.569875,0.308439,0.276263,0.208691,-0.093746,0.016519,-0.121836,0.457924,0.280742,0.585259,0.453383,0.251326,0.175541,0.342830,0.321122,0.206561,0.360890,0.300480,0.430121,0.110764,0.483922,0.193174,0.453360,0.259110,0.318706,0.350384,0.529122,0.562553,0.732504,0.000000,0.694680,0.570072,0.267623,0.263405
0.492558,0.521219,0.400161,0.377938,0.330636,-0.066883,0.048009,-0.066338,0.615127,0.438862,0.438537,0.624869,0.412088,0.288295,0.341427,0.375974,0.353489,0.495059,0.443232,0.473633,0.167009,0.543204,0.328136,0.477456,0.390538,0.620770,0.621507,0.442510,0.651902,0.426585,0.694680,0.000000,0.367924,0.328097,0.295092
0.259479,0.231752,0.299314,0.289058,0.274537,0.017765,0.173153,-0.085327,0.230674,0.031045,0.323089,0.146974,0.085700,-0.088761,0.117821,0.078118,0.117156,0.304470,0.150049,0.349453,0.100866,0.264941,0.067562,0.213966,0.179102,0.176353,0.110729,0.598683,0.374827,0.561247,0.570072,0.367924,0.000000,0.390669,0.397905
0.179020,0.100133,0.323134,0.484702,0.339579,-0.022295,0.073554,-0.117608,0.241368,0.345850,0.436291,0.328126,0.026202,0.279368,0.370286,0.385911,0.460060,0.533359,0.323781,0.574408,0.115991,0.259896,0.287990,0.139502,0.197881,0.268729,0.290125,0.366238,0.340232,0.201976,0.267623,0.328097,0.390669,0.000000,0.901243
0.150006,0.079112,0.290588,0.455675,0.333897,-0.057261,0.046700,-0.064808,0.242232,0.396675,0.473991,0.349459,0.023162,0.267997,0.368804,0.379175,0.444630,0.481149,0.288326,0.527323,0.103139,0.221059,0.264524,0.104200,0.148220,0.240804,0.267497,0.325135,0.335985,0.233362,0.263405,0.295092,0.397905,0.901243,0.000000
