0.000000,0.751480,0.134627,0.025371,0.420868,-0.127901,-0.239220,0.057491,0.029384,0.112205,0.286719,0.111970,0.160041,-0.095580,0.040931,0.010884,-0.125851,0.144454,0.009520,0.052335,0.121253,0.587018,0.094474,0.537211,0.044972,0.545477,0.410643,0.145668,-0.122991,0.141967,0.029897,-0.138128,0.015110,0.212218,0.269042
0.751480,0.000000,0.134227,0.014752,0.347513,-0.090823,-0.221777,0.043451,0.097053,0.087211,0.204163,0.152612,0.131130,-0.054902,0.062208,0.027150,-0.146420,0.119908,-0.033542,-0.021754,0.097162,0.428627,0.106975,0.621915,0.090144,0.505792,0.432948,0.051331,-0.102292,0.004614,0.066303,-0.045527,0.049026,0.234852,0.301880
0.134627,0.134227,0.000000,0.745842,0.269310,0.160372,-0.058756,0.017957,0.055617,0.364133,0.130365,0.325752,-0.190618,0.310136,0.284546,0.311762,0.370141,0.361948,0.228720,0.244594,0.263259,0.177426,0.244347,0.167423,0.273360,0.055874,-0.007150,-0.120965,0.320273,0.178137,0.266970,0.351332,0.155008,0.538365,0.440707
0.025371,0.014752,0.745842,0.000000,0.261522,0.247048,-0.020876,-0.013467,0.001050,0.278957,0.024058,0.160106,-0.369475,0.432092,0.430216,0.438695,0.534104,0.495816,0.361917,0.381798,0.283905,0.103168,0.262297,0.157289,0.284528,0.034150,-0.012592,-0.108072,0.383855,0.170541,0.216287,0.298089,0.075481,0.554428,0.440014
0.420868,0.347513,0.269310,0.261522,0.000000,-0.090255,0.011158,0.061643,0.083029,0.223092,0.310823,0.166531,0.078190,-0.102734,-0.071837,-0.076595,-0.064495,0.069295,0.000648,0.099582,0.169366,0.548445,0.137244,0.491307,0.087616,0.346379,0.348609,0.301770,0.091014,0.242235,0.015606,-0.059924,-0.038780,0.260083,0.296589
-0.127901,-0.090823,0.160372,0.247048,-0.090255,0.000000,-0.028342,-0.009105,-0.131367,-0.045403,-0.200197,-0.003652,-0.226720,0.200428,0.186900,0.212631,0.302126,0.231865,0.239987,0.181387,0.008778,-0.107415,-0.049402,-0.064808,0.098479,0.095748,0.121366,-0.141637,0.064102,-0.165553,-0.065670,0.003190,0.102702,0.157415,0.078901
-0.239220,-0.221777,-0.058756,-0.020876,0.011158,-0.028342,0.000000,-0.046987,-0.144042,-0.160350,-0.193984,-0.134073,-0.025909,-0.075477,-0.156940,-0.127393,0.072869,-0.398539,-0.394568,-0.176678,-0.168416,-0.143983,0.014379,0.039505,-0.360777,0.019678,0.143566,-0.048670,0.055436,-0.017230,-0.082005,-0.050922,0.027534,0.002650,0.078531
0.057491,0.043451,0.017957,-0.013467,0.061643,-0.009105,-0.046987,0.000000,-0.103323,0.009337,-0.029428,0.139177,-0.070989,-0.127910,-0.095603,-0.025963,-0.025163,-0.011830,0.009465,-0.006666,0.026708,0.046157,-0.042517,0.045825,0.003427,0.155457,0.148180,0.035481,-0.050477,-0.058017,-0.060640,0.048817,-0.107751,0.076520,0.087357
0.029384,0.097053,0.055617,0.001050,0.083029,-0.131367,-0.144042,-0.103323,0.000000,0.579535,0.310655,0.374182,0.329300,-0.091831,-0.023586,-0.204558,-0.253569,-0.053124,-0.115496,-0.211263,0.090992,0.103340,-0.041159,-0.057531,0.108217,-0.070502,-0.091149,0.019380,0.454896,0.195884,0.207613,0.349396,-0.034908,-0.076561,-0.062096
0.112205,0.087211,0.364133,0.278957,0.223092,-0.045403,-0.160350,0.009337,0.579535,0.000000,0.460092,0.571375,0.115550,-0.010736,0.084777,0.027676,-0.070781,0.078341,-0.003321,-0.033202,0.126988,0.243552,0.034937,-0.050245,0.236243,0.054001,-0.015023,-0.040418,0.512455,0.320525,0.294707,0.420700,-0.126635,0.130608,0.110393
0.286719,0.204163,0.130365,0.024058,0.310823,-0.200197,-0.193984,-0.029428,0.310655,0.460092,0.000000,0.341708,0.419737,-0.003783,-0.004891,-0.056701,-0.250274,0.007057,-0.088953,-0.066184,0.080517,0.346679,0.111551,0.014592,0.119582,0.105413,-0.057172,0.208047,0.119626,0.464556,0.288191,-0.004916,0.072722,0.085709,0.081799
0.111970,0.152612,0.325752,0.160106,0.166531,-0.003652,-0.134073,0.139177,0.374182,0.571375,0.341708,0.000000,0.271424,-0.088898,-0.000190,-0.022699,-0.098187,0.011590,-0.031107,-0.016289,0.210988,0.173917,0.003977,0.051087,0.320585,0.103404,0.045080,0.121779,0.251670,0.139601,0.294543,0.437374,0.085768,0.230163,0.212428
0.160041,0.131130,-0.190618,-0.369475,0.078190,-0.226720,-0.025909,-0.070989,0.329300,0.115550,0.419737,0.271424,0.000000,-0.226068,-0.164727,-0.369542,-0.411396,-0.287469,-0.345444,-0.202203,-0.026327,0.207997,0.006333,-0.017191,0.016583,-0.001972,-0.083461,0.207493,-0.167388,0.023752,-0.029737,-0.108584,-0.022414,-0.156245,-0.106604
-0.095580,-0.054902,0.310136,0.432092,-0.102734,0.200428,-0.075477,-0.127910,-0.091831,-0.010736,-0.003783,-0.088898,-0.226068,0.000000,0.725821,0.760370,0.690263,0.490783,0.347183,0.404938,0.080481,-0.118219,0.239081,0.007004,0.223914,-0.025606,-0.180465,-0.153973,0.136699,-0.080097,0.118378,0.003401,0.180499,0.407849,0.277105
0.040931,0.062208,0.284546,0.430216,-0.071837,0.186900,-0.156940,-0.095603,-0.023586,0.084777,-0.004891,-0.000190,-0.164727,0.725821,0.000000,0.698767,0.624687,0.476127,0.364628,0.378054,0.180983,-0.058904,0.198192,0.024775,0.274934,0.043281,-0.132824,-0.131101,0.132286,-0.086425,0.089298,0.001865,0.111756,0.346807,0.244196
0.010884,0.027150,0.311762,0.438695,-0.076595,0.212631,-0.127393,-0.025963,-0.204558,0.027676,-0.056701,-0.022699,-0.369542,0.760370,0.698767,0.000000,0.726177,0.548486,0.414281,0.444537,0.012340,-0.096719,0.187874,0.093297,0.195985,0.122891,-0.050348,-0.220783,0.113000,-0.109268,0.156348,0.032007,0.132569,0.477705,0.351584
-0.125851,-0.146420,0.370141,0.534104,-0.064495,0.302126,0.072869,-0.025163,-0.253569,-0.070781,-0.250274,-0.098187,-0.411396,0.690263,0.624687,0.726177,0.000000,0.502805,0.434539,0.463406,0.114936,-0.079846,0.252798,0.061888,0.185993,-0.016108,-0.106944,-0.177764,0.100484,-0.130051,0.039364,0.024295,0.125974,0.427001,0.306104
0.144454,0.119908,0.361948,0.495816,0.069295,0.231865,-0.398539,-0.011830,-0.053124,0.078341,0.007057,0.011590,-0.287469,0.490783,0.476127,0.548486,0.502805,0.000000,0.763428,0.659359,0.268603,0.143587,0.354866,0.180050,0.440472,0.120124,-0.007898,-0.095671,0.143065,-0.019717,0.095489,0.071858,0.174339,0.418851,0.347625
0.009520,-0.033542,0.228720,0.361917,0.000648,0.239987,-0.394568,0.009465,-0.115496,-0.003321,-0.088953,-0.031107,-0.345444,0.347183,0.364628,0.414281,0.434539,0.763428,0.000000,0.553106,0.257772,0.040372,0.173279,0.008057,0.348287,0.067646,-0.007574,-0.077724,0.116287,-0.068375,-0.048286,0.012290,0.132285,0.276172,0.211985
0.052335,-0.021754,0.244594,0.381798,0.099582,0.181387,-0.176678,-0.006666,-0.211263,-0.033202,-0.066184,-0.016289,-0.202203,0.404938,0.378054,0.444537,0.463406,0.659359,0.553106,0.000000,0.210877,0.088318,0.175084,0.117119,0.328004,0.107314,0.087654,0.000307,0.006324,-0.118320,-0.054688,-0.092080,0.090859,0.452456,0.435150
0.121253,0.097162,0.263259,0.283905,0.169366,0.008778,-0.168416,0.026708,0.090992,0.126988,0.080517,0.210988,-0.026327,0.080481,0.180983,0.012340,0.114936,0.268603,0.257772,0.210877,0.000000,0.239911,0.190058,0.108954,0.482763,-0.083391,-0.056144,0.228356,0.152632,0.236232,0.169218,0.163109,0.226926,0.114967,0.117786
0.587018,0.428627,0.177426,0.103168,0.548445,-0.107415,-0.143983,0.046157,0.103340,0.243552,0.346679,0.173917,0.207997,-0.118219,-0.058904,-0.096719,-0.079846,0.143587,0.040372,0.088318,0.239911,0.000000,0.232163,0.514641,0.155248,0.429903,0.331146,0.257887,0.044118,0.216455,0.018281,-0.102234,-0.018919,0.183544,0.260465
0.094474,0.106975,0.244347,0.262297,0.137244,-0.049402,0.014379,-0.042517,-0.041159,0.034937,0.111551,0.003977,0.006333,0.239081,0.198192,0.187874,0.252798,0.354866,0.173279,0.175084,0.190058,0.232163,0.000000,0.254314,0.261410,0.019270,-0.074977,0.038879,-0.026520,0.088334,0.157215,0.058441,0.065458,0.156464,0.146518
0.537211,0.621915,0.167423,0.157289,0.491307,-0.064808,0.039505,0.045825,-0.057531,-0.050245,0.014592,0.051087,-0.017191,0.007004,0.024775,0.093297,0.061888,0.180050,0.008057,0.117119,0.108954,0.514641,0.254314,0.000000,0.129040,0.426536,0.447487,0.148754,-0.062972,-0.006157,0.109682,-0.002192,0.110674,0.331879,0.385989
0.044972,0.090144,0.273360,0.284528,0.087616,0.098479,-0.360777,0.003427,0.108217,0.236243,0.119582,0.320585,0.016583,0.223914,0.274934,0.195985,0.185993,0.440472,0.348287,0.328004,0.482763,0.155248,0.261410,0.129040,0.000000,-0.117995,-0.176423,0.129810,0.087882,0.108211,0.260161,0.221132,0.131423,0.201526,0.188065
0.545477,0.505792,0.055874,0.034150,0.346379,0.095748,0.019678,0.155457,-0.070502,0.054001,0.105413,0.103404,-0.001972,-0.025606,0.043281,0.122891,-0.016108,0.120124,0.067646,0.107314,-0.083391,0.429903,0.019270,0.426536,-0.117995,0.000000,0.781356,-0.076774,-0.088772,-0.175904,-0.222628,-0.215593,-0.082037,0.312670,0.372742
0.410643,0.432948,-0.007150,-0.012592,0.348609,0.121366,0.143566,0.148180,-0.091149,-0.015023,-0.057172,0.045080,-0.083461,-0.180465,-0.132824,-0.050348,-0.106944,-0.007898,-0.007574,0.087654,-0.056144,0.331146,-0.074977,0.447487,-0.176423,0.781356,0.000000,-0.044588,-0.092136,-0.246601,-0.313850,-0.204403,-0.115408,0.252612,0.343941
0.145668,0.051331,-0.120965,-0.108072,0.301770,-0.141637,-0.048670,0.035481,0.019380,-0.040418,0.208047,0.121779,0.207493,-0.153973,-0.131101,-0.220783,-0.177764,-0.095671,-0.077724,0.000307,0.228356,0.257887,0.038879,0.148754,0.129810,-0.076774,-0.044588,0.000000,-0.019739,0.391454,0.227318,0.026457,0.227844,-0.117783,0.001215
-0.122991,-0.102292,0.320273,0.383855,0.091014,0.064102,0.055436,-0.050477,0.454896,0.512455,0.119626,0.251670,-0.167388,0.136699,0.132286,0.113000,0.100484,0.143065,0.116287,0.006324,0.152632,0.044118,-0.026520,-0.062972,0.087882,-0.088772,-0.092136,-0.019739,0.000000,0.452377,0.349842,0.601877,0.201429,0.234139,0.173063
0.141967,0.004614,0.178137,0.170541,0.242235,-0.165553,-0.017230,-0.058017,0.195884,0.320525,0.464556,0.139601,0.023752,-0.080097,-0.086425,-0.109268,-0.130051,-0.019717,-0.068375,-0.118320,0.236232,0.216455,0.088334,-0.006157,0.108211,-0.175904,-0.246601,0.391454,0.452377,0.000000,0.594351,0.365954,0.303076,0.010797,0.013754
0.029897,0.066303,0.266970,0.216287,0.015606,-0.065670,-0.082005,-0.060640,0.207613,0.294707,0.288191,0.294543,-0.029737,0.118378,0.089298,0.156348,0.039364,0.095489,-0.048286,-0.054688,0.169218,0.018281,0.157215,0.109682,0.260161,-0.222628,-0.313850,0.227318,0.349842,0.594351,0.000000,0.589336,0.490592,0.088663,0.037035
-0.138128,-0.045527,0.351332,0.298089,-0.059924,0.003190,-0.050922,0.048817,0.349396,0.420700,-0.004916,0.437374,-0.108584,0.003401,0.001865,0.032007,0.024295,0.071858,0.012290,-0.092080,0.163109,-0.102234,0.058441,-0.002192,0.221132,-0.215593,-0.204403,0.026457,0.601877,0.365954,0.589336,0.000000,0.291285,0.151262,0.061380
0.015110,0.049026,0.155008,0.075481,-0.038780,0.102702,0.027534,-0.107751,-0.034908,-0.126635,0.072722,0.085768,-0.022414,0.180499,0.111756,0.132569,0.125974,0.174339,0.132285,0.090859,0.226926,-0.018919,0.065458,0.110674,0.131423,-0.082037,-0.115408,0.227844,0.201429,0.303076,0.490592,0.291285,0.000000,0.105246,0.136913
0.212218,0.234852,0.538365,0.554428,0.260083,0.157415,0.002650,0.076520,-0.076561,0.130608,0.085709,0.230163,-0.156245,0.407849,0.346807,0.477705,0.427001,0.418851,0.276172,0.452456,0.114967,0.183544,0.156464,0.331879,0.201526,0.312670,0.252612,-0.117783,0.234139,0.010797,0.088663,0.151262,0.105246,0.000000,0.789678
0.269042,0.301880,0.440707,0.440014,0.296589,0.078901,0.078531,0.087357,-0.062096,0.110393,0.081799,0.212428,-0.106604,0.277105,0.244196,0.351584,0.306104,0.347625,0.211985,0.435150,0.117786,0.260465,0.146518,0.385989,0.188065,0.372742,0.343941,0.001215,0.173063,0.013754,0.037035,0.061380,0.136913,0.789678,0.000000
