0.000000,0.755240,0.183904,0.119467,0.012975,0.110407,-0.004013,-0.048581,0.360547,0.285397,0.287232,0.394620,0.194842,0.014204,0.354722,-0.083831,0.017327,-0.084268,-0.044711,0.044307,0.092662,0.529861,-0.154965,0.499664,0.103584,0.410251,0.291437,0.244378,0.251965,0.336667,0.276138,0.269047,0.267474,0.274662,0.289074
0.755240,0.000000,0.168810,0.145148,-0.035927,0.038269,-0.006243,0.178288,0.303372,0.183023,0.245890,0.477624,0.304283,0.077301,0.298466,0.043239,0.091647,0.018285,0.025172,0.145679,-0.063467,0.351573,-0.190064,0.460886,-0.006648,0.479053,0.498803,0.184977,0.228363,0.158735,0.328160,0.386348,0.249634,0.291316,0.333182
0.183904,0.168810,0.000000,0.813673,0.168624,0.178439,0.084256,0.220263,0.101091,0.187283,0.444824,0.193224,0.128090,-0.024786,-0.023211,0.184335,0.179849,0.319772,0.071002,0.411803,0.325094,0.343130,0.252071,0.228109,0.092391,0.154905,0.181929,0.385790,0.149543,0.327250,0.355900,0.263419,0.380682,0.486881,0.463015
0.119467,0.145148,0.813673,0.000000,0.118429,0.229488,0.154152,0.280959,0.162819,0.239934,0.465079,0.221912,0.174217,0.077875,0.051891,0.242748,0.225512,0.412152,0.142531,0.501073,0.309117,0.348029,0.267550,0.222544,0.067909,0.174557,0.239869,0.382388,0.226337,0.314504,0.323149,0.281731,0.378840,0.460778,0.470173
0.012975,-0.035927,0.168624,0.118429,0.000000,0.102605,-0.096631,0.206436,-0.127239,-0.173894,-0.112816,-0.215025,-0.010547,0.012392,-0.134548,0.213030,0.213645,0.122401,0.215559,0.069744,0.123323,0.249803,0.261354,0.218493,0.143695,0.043961,-0.016633,0.069827,-0.144991,-0.009084,-0.119498,-0.119039,0.028025,-0.000467,0.001616
0.110407,0.038269,0.178439,0.229488,0.102605,0.000000,0.179033,-0.032804,0.161944,0.229318,0.325761,-0.069849,-0.155817,0.186442,0.060980,0.212883,0.179380,0.101509,0.068714,0.104597,0.202155,0.258980,0.112932,0.144446,0.150991,0.234117,0.092754,0.259695,0.285495,0.239924,0.123899,0.123546,0.188037,0.216741,0.151183
-0.004013,-0.006243,0.084256,0.154152,-0.096631,0.179033,0.000000,-0.065628,0.068645,0.179747,0.033840,0.164542,-0.274905,0.074520,-0.038869,-0.011386,-0.067218,-0.297605,-0.274992,-0.132986,0.174313,0.124765,0.078425,0.087241,-0.043786,-0.010178,0.054048,0.128436,0.159923,0.127274,0.075743,0.113086,0.060781,0.005613,-0.013851
-0.048581,0.178288,0.220263,0.280959,0.206436,-0.032804,-0.065628,0.000000,-0.107969,-0.196560,0.042867,0.147870,0.204734,0.040072,-0.046678,0.300826,0.279973,0.162992,0.166330,0.211247,-0.070635,-0.089845,0.135650,-0.008672,-0.005949,-0.058996,0.245886,-0.000872,-0.123686,-0.057703,0.165257,0.231432,0.099857,0.026886,0.134711
0.360547,0.303372,0.101091,0.162819,-0.127239,0.161944,0.068645,-0.107969,0.000000,0.622704,0.332508,0.387030,0.209100,0.348987,0.258789,0.038911,0.047257,0.055346,0.016774,0.088653,0.140833,0.438587,0.002399,0.341948,0.004501,0.458699,0.313511,0.245040,0.426062,0.126836,0.096190,0.280671,0.265485,0.208335,0.208678
0.285397,0.183023,0.187283,0.239934,-0.173894,0.229318,0.179747,-0.196560,0.622704,0.000000,0.317432,0.411759,0.029708,0.196995,0.325049,-0.115819,-0.032159,0.000830,-0.141698,0.105836,0.268684,0.377218,0.052773,0.250166,-0.007038,0.294549,0.114727,0.352428,0.425358,0.301546,0.182636,0.223165,0.217124,0.220086,0.218852
0.287232,0.245890,0.444824,0.465079,-0.112816,0.325761,0.033840,0.042867,0.332508,0.317432,0.000000,0.213198,0.249855,0.010636,0.120355,0.036146,-0.043871,0.100796,0.018055,0.115164,0.174114,0.268093,-0.063529,0.186165,-0.027734,0.198744,0.148602,0.261350,0.233464,0.355587,0.348585,0.185845,0.366044,0.353339,0.327131
0.394620,0.477624,0.193224,0.221912,-0.215025,-0.069849,0.164542,0.147870,0.387030,0.411759,0.213198,0.000000,0.231228,0.084185,0.260176,-0.062855,0.052750,-0.001941,-0.046456,0.171432,-0.005475,0.128550,-0.096671,0.196353,-0.134668,0.151396,0.229655,0.135223,0.094652,0.013717,0.188555,0.305401,0.185095,0.113568,0.136394
0.194842,0.304283,0.128090,0.174217,-0.010547,-0.155817,-0.274905,0.204734,0.209100,0.029708,0.249855,0.231228,0.000000,-0.051377,0.124959,-0.026778,0.040173,0.359154,0.384917,0.224706,-0.248119,0.033190,-0.120607,0.032993,-0.168736,0.074285,0.163794,-0.078036,-0.127113,-0.117132,-0.021420,-0.059012,-0.021245,0.131580,0.149005
0.014204,0.077301,-0.024786,0.077875,0.012392,0.186442,0.074520,0.040072,0.348987,0.196995,0.010636,0.084185,-0.051377,0.000000,0.429482,0.599404,0.375418,0.024071,-0.003491,0.155141,-0.122658,0.106900,0.074335,0.069524,0.162744,0.341770,0.256757,0.011417,0.202239,-0.134342,-0.042058,0.101825,0.074738,-0.010342,-0.040649
0.354722,0.298466,-0.023211,0.051891,-0.134548,0.060980,-0.038869,-0.046678,0.258789,0.325049,0.120355,0.260176,0.124959,0.429482,0.000000,0.181346,0.119925,-0.015702,-0.011819,0.054732,-0.108001,0.059970,-0.297433,0.019689,0.200893,0.153737,0.046949,-0.059737,0.133495,0.040593,-0.007009,-0.035747,-0.016404,-0.034530,0.003283
-0.083831,0.043239,0.184335,0.242748,0.213030,0.212883,-0.011386,0.300826,0.038911,-0.115819,0.036146,-0.062855,-0.026778,0.599404,0.181346,0.000000,0.595676,0.242605,0.194680,0.341848,-0.108112,0.036296,0.198366,0.004904,0.184280,0.203672,0.266199,-0.015070,0.044362,-0.151786,-0.034578,0.062052,0.014943,0.124468,0.113820
0.017327,0.091647,0.179849,0.225512,0.213645,0.179380,-0.067218,0.279973,0.047257,-0.032159,-0.043871,0.052750,0.040173,0.375418,0.119925,0.595676,0.000000,0.404509,0.416059,0.298230,-0.126480,0.135059,0.331629,0.125209,0.039431,0.222211,0.274441,0.030782,0.014025,-0.254918,-0.228108,0.028046,-0.079998,0.089119,0.082727
-0.084268,0.018285,0.319772,0.412152,0.122401,0.101509,-0.297605,0.162992,0.055346,0.000830,0.100796,-0.001941,0.359154,0.024071,-0.015702,0.242605,0.404509,0.000000,0.600356,0.639161,0.035673,0.154564,0.309657,0.109170,-0.070427,0.193501,0.196354,0.178286,0.120641,-0.057539,-0.028200,0.095016,0.059534,0.281209,0.252730
-0.044711,0.025172,0.071002,0.142531,0.215559,0.068714,-0.274992,0.166330,0.016774,-0.141698,0.018055,-0.046456,0.384917,-0.003491,-0.011819,0.194680,0.416059,0.600356,0.000000,0.151925,-0.190336,-0.024666,0.256664,-0.065223,-0.007431,0.039948,0.142066,-0.045490,-0.097093,-0.253271,-0.233917,-0.074959,-0.050087,-0.040499,-0.005297
0.044307,0.145679,0.411803,0.501073,0.069744,0.104597,-0.132986,0.211247,0.088653,0.105836,0.115164,0.171432,0.224706,0.155141,0.054732,0.341848,0.298230,0.639161,0.151925,0.000000,0.080729,0.253274,0.178950,0.218435,-0.036257,0.257394,0.267365,0.199492,0.195220,0.091434,0.195795,0.252739,0.224812,0.387462,0.347797
0.092662,-0.063467,0.325094,0.309117,0.123323,0.202155,0.174313,-0.070635,0.140833,0.268684,0.174114,-0.005475,-0.248119,-0.122658,-0.108001,-0.108112,-0.126480,0.035673,-0.190336,0.080729,0.000000,0.454090,0.237304,0.371430,0.260297,0.021368,-0.124253,0.625912,0.387928,0.523775,0.331329,0.195326,0.324642,0.286903,0.228508
0.529861,0.351573,0.343130,0.348029,0.249803,0.258980,0.124765,-0.089845,0.438587,0.377218,0.268093,0.128550,0.033190,0.106900,0.059970,0.036296,0.135059,0.154564,-0.024666,0.253274,0.454090,0.000000,0.209078,0.779564,0.145848,0.443446,0.225741,0.516941,0.457513,0.402775,0.194202,0.309769,0.338783,0.432730,0.378345
-0.154965,-0.190064,0.252071,0.267550,0.261354,0.112932,0.078425,0.135650,0.002399,0.052773,-0.063529,-0.096671,-0.120607,0.074335,-0.297433,0.198366,0.331629,0.309657,0.256664,0.178950,0.237304,0.209078,0.000000,0.121195,0.006700,0.022863,0.011435,0.239614,0.044343,0.018990,0.064702,0.068218,0.111642,0.059800,0.019922
0.499664,0.460886,0.228109,0.222544,0.218493,0.144446,0.087241,-0.008672,0.341948,0.250166,0.186165,0.196353,0.032993,0.069524,0.019689,0.004904,0.125209,0.109170,-0.065223,0.218435,0.371430,0.779564,0.121195,0.000000,0.138670,0.448143,0.261343,0.477953,0.405804,0.271285,0.225374,0.323851,0.366473,0.331308,0.306941
0.103584,-0.006648,0.092391,0.067909,0.143695,0.150991,-0.043786,-0.005949,0.004501,-0.007038,-0.027734,-0.134668,-0.168736,0.162744,0.200893,0.184280,0.039431,-0.070427,-0.007431,-0.036257,0.260297,0.145848,0.006700,0.138670,0.000000,-0.140122,-0.266944,0.165985,0.028238,0.089878,0.064928,-0.123678,0.192598,-0.123264,-0.081064
0.410251,0.479053,0.154905,0.174557,0.043961,0.234117,-0.010178,-0.058996,0.458699,0.294549,0.198744,0.151396,0.074285,0.341770,0.153737,0.203672,0.222211,0.193501,0.039948,0.257394,0.021368,0.443446,0.022863,0.448143,-0.140122,0.000000,0.706742,0.332948,0.542500,0.143005,0.192907,0.536386,0.303370,0.452280,0.446174
0.291437,0.498803,0.181929,0.239869,-0.016633,0.092754,0.054048,0.245886,0.313511,0.114727,0.148602,0.229655,0.163794,0.256757,0.046949,0.266199,0.274441,0.196354,0.142066,0.267365,-0.124253,0.225741,0.011435,0.261343,-0.266944,0.706742,0.000000,0.196728,0.387138,0.031799,0.175174,0.570647,0.217800,0.370558,0.454140
0.244378,0.184977,0.385790,0.382388,0.069827,0.259695,0.128436,-0.000872,0.245040,0.352428,0.261350,0.135223,-0.078036,0.011417,-0.059737,-0.015070,0.030782,0.178286,-0.045490,0.199492,0.625912,0.516941,0.239614,0.477953,0.165985,0.332948,0.196728,0.000000,0.522795,0.478092,0.413822,0.379418,0.417043,0.411312,0.370758
0.251965,0.228363,0.149543,0.226337,-0.144991,0.285495,0.159923,-0.123686,0.426062,0.425358,0.233464,0.094652,-0.127113,0.202239,0.133495,0.044362,0.014025,0.120641,-0.097093,0.195220,0.387928,0.457513,0.044343,0.405804,0.028238,0.542500,0.387138,0.522795,0.000000,0.497412,0.396120,0.588628,0.407598,0.452633,0.443447
0.336667,0.158735,0.327250,0.314504,-0.009084,0.239924,0.127274,-0.057703,0.126836,0.301546,0.355587,0.013717,-0.117132,-0.134342,0.040593,-0.151786,-0.254918,-0.057539,-0.253271,0.091434,0.523775,0.402775,0.018990,0.271285,0.089878,0.143005,0.031799,0.478092,0.497412,0.000000,0.593876,0.283866,0.411109,0.321066,0.329851
0.276138,0.328160,0.355900,0.323149,-0.119498,0.123899,0.075743,0.165257,0.096190,0.182636,0.348585,0.188555,-0.021420,-0.042058,-0.007009,-0.034578,-0.228108,-0.028200,-0.233917,0.195795,0.331329,0.194202,0.064702,0.225374,0.064928,0.192907,0.175174,0.413822,0.396120,0.593876,0.000000,0.493468,0.544679,0.362593,0.391233
0.269047,0.386348,0.263419,0.281731,-0.119039,0.123546,0.113086,0.231432,0.280671,0.223165,0.185845,0.305401,-0.059012,0.101825,-0.035747,0.062052,0.028046,0.095016,-0.074959,0.252739,0.195326,0.309769,0.068218,0.323851,-0.123678,0.536386,0.570647,0.379418,0.588628,0.283866,0.493468,0.000000,0.431973,0.449115,0.472436
0.267474,0.249634,0.380682,0.378840,0.028025,0.188037,0.060781,0.099857,0.265485,0.217124,0.366044,0.185095,-0.021245,0.074738,-0.016404,0.014943,-0.079998,0.059534,-0.050087,0.224812,0.324642,0.338783,0.111642,0.366473,0.192598,0.303370,0.217800,0.417043,0.407598,0.411109,0.544679,0.431973,0.000000,0.263402,0.308190
0.274662,0.291316,0.486881,0.460778,-0.000467,0.216741,0.005613,0.026886,0.208335,0.220086,0.353339,0.113568,0.131580,-0.010342,-0.034530,0.124468,0.089119,0.281209,-0.040499,0.387462,0.286903,0.432730,0.059800,0.331308,-0.123264,0.452280,0.370558,0.411312,0.452633,0.321066,0.362593,0.449115,0.263402,0.000000,0.826905
0.289074,0.333182,0.463015,0.470173,0.001616,0.151183,-0.013851,0.134711,0.208678,0.218852,0.327131,0.136394,0.149005,-0.040649,0.003283,0.113820,0.082727,0.252730,-0.005297,0.347797,0.228508,0.378345,0.019922,0.306941,-0.081064,0.446174,0.454140,0.370758,0.443447,0.329851,0.391233,0.472436,0.308190,0.826905,0.000000
