0.000000,0.714009,0.321802,0.329004,0.140327,0.194663,-0.057432,0.113172,0.166669,0.415550,0.236993,0.388409,0.136961,-0.068454,-0.054432,-0.022737,0.086037,0.037842,0.010817,0.129664,0.074963,0.633813,0.215035,0.486978,-0.024311,0.414411,0.425686,0.390107,0.162889,0.395580,0.359141,0.233550,0.357764,0.380006,0.386972
0.714009,0.000000,0.341731,0.324909,0.064713,0.228430,0.034533,0.045516,0.210200,0.416757,0.203222,0.347757,0.094771,0.004937,0.122966,0.018973,0.175551,0.022176,0.091485,0.069753,0.057892,0.519871,0.310021,0.611615,0.109079,0.394983,0.448682,0.283922,0.163430,0.351539,0.324157,0.142207,0.274542,0.383166,0.363271
0.321802,0.341731,0.000000,0.664206,-0.005253,0.135145,0.155821,0.081261,0.114762,0.187605,-0.051178,0.355207,0.030515,-0.034659,-0.041346,-0.131815,0.161919,-0.004889,0.026907,0.070618,0.083466,0.342672,0.244695,0.314209,-0.245187,0.240483,0.290331,0.174752,0.130661,0.163637,0.267013,0.312186,0.359757,0.336135,0.354997
0.329004,0.324909,0.664206,0.000000,0.065895,0.031329,0.218264,0.049097,0.187687,0.191362,0.086143,0.134432,-0.089603,0.259880,0.128535,0.178909,0.374679,0.168679,-0.002240,0.245115,0.223468,0.334761,0.284749,0.245758,-0.136998,0.310833,0.311442,0.083045,0.204191,0.132026,0.218378,0.248995,0.261170,0.348841,0.399146
0.140327,0.064713,-0.005253,0.065895,0.000000,0.006144,-0.089027,-0.008205,0.120077,0.338528,0.246979,0.226621,0.127514,-0.029052,-0.074734,0.005549,0.027399,0.027420,-0.050002,-0.008680,0.208331,0.103009,0.079191,-0.031317,0.103201,0.270192,0.300501,0.004064,0.145835,0.069047,0.072634,0.167565,0.109950,0.111937,0.186322
0.194663,0.228430,0.135145,0.031329,0.006144,0.000000,-0.010464,-0.045050,0.158946,0.119623,0.036285,0.065185,0.101413,0.038398,0.153062,-0.123422,0.007007,0.003151,0.103822,-0.045611,-0.114220,0.177794,0.042959,0.204117,0.055499,0.224293,0.296531,0.164664,0.158067,0.060044,0.045664,0.029414,0.109894,0.136388,0.140475
-0.057432,0.034533,0.155821,0.218264,-0.089027,-0.010464,0.000000,-0.061586,-0.034455,-0.080156,-0.075484,0.030740,0.088334,-0.039914,0.041497,-0.060681,0.174181,0.126686,0.332556,0.149985,-0.098989,-0.052442,0.052392,-0.048089,-0.155405,0.219611,0.176669,0.015603,-0.010725,-0.103836,-0.060609,0.010082,0.022552,0.043930,0.022824
0.113172,0.045516,0.081261,0.049097,-0.008205,-0.045050,-0.061586,0.000000,-0.091571,-0.074284,-0.080349,-0.016709,-0.032686,-0.038485,0.004281,0.014913,0.027315,-0.180687,-0.060208,-0.072998,0.182981,0.166401,-0.063664,0.121729,-0.001419,-0.096646,-0.100280,0.036189,-0.050372,0.119228,0.059135,-0.032670,0.113281,-0.020123,-0.045753
0.166669,0.210200,0.114762,0.187687,0.120077,0.158946,-0.034455,-0.091571,0.000000,0.566402,0.388278,0.409930,0.495611,0.012388,0.112635,-0.173449,-0.071788,-0.042198,-0.147650,0.005560,-0.118865,0.170479,0.192428,0.269673,0.005174,0.198186,0.305397,0.397112,0.661576,0.344904,0.354240,0.329696,0.345575,0.042022,0.155235
0.415550,0.416757,0.187605,0.191362,0.338528,0.119623,-0.080156,-0.074284,0.566402,0.000000,0.630503,0.693675,0.415334,-0.093172,-0.016513,-0.062159,0.054534,0.056140,-0.023796,0.046800,0.010941,0.297820,0.248481,0.358371,0.156994,0.361510,0.510688,0.385793,0.375256,0.365040,0.358486,0.226703,0.277739,0.314254,0.384538
0.236993,0.203222,-0.051178,0.086143,0.246979,0.036285,-0.075484,-0.080349,0.388278,0.630503,0.000000,0.390072,0.288693,0.114645,-0.090949,0.214929,0.070459,0.102560,-0.007401,0.143294,0.003136,0.094989,0.021143,0.137696,0.110810,0.309780,0.414414,0.296481,0.185850,0.357136,0.359696,0.078999,0.233647,0.264176,0.328206
0.388409,0.347757,0.355207,0.134432,0.226621,0.065185,0.030740,-0.016709,0.409930,0.693675,0.390072,0.000000,0.567013,-0.425564,-0.265085,-0.387650,-0.153893,0.004753,0.047489,0.026466,-0.045772,0.284640,0.212978,0.388077,-0.130791,0.358048,0.461957,0.442792,0.297867,0.303550,0.419069,0.467837,0.479469,0.249251,0.272151
0.136961,0.094771,0.030515,-0.089603,0.127514,0.101413,0.088334,-0.032686,0.495611,0.415334,0.288693,0.567013,0.000000,-0.460480,-0.337717,-0.496176,-0.337416,-0.022728,0.009414,0.027231,-0.135979,0.190596,0.117469,0.282431,-0.217170,0.344720,0.415948,0.495304,0.423390,0.351478,0.416338,0.408031,0.442664,0.141195,0.115027
-0.068454,0.004937,-0.034659,0.259880,-0.029052,0.038398,-0.039914,-0.038485,0.012388,-0.093172,0.114645,-0.425564,-0.460480,0.000000,0.601399,0.674151,0.518204,0.150344,0.060454,0.122418,0.086030,-0.012841,0.048716,-0.147905,0.089271,-0.053574,-0.021852,-0.251962,0.012069,-0.121956,-0.134031,-0.156271,-0.187771,0.015799,0.139783
-0.054432,0.122966,-0.041346,0.128535,-0.074734,0.153062,0.041497,0.004281,0.112635,-0.016513,-0.090949,-0.265085,-0.337717,0.601399,0.000000,0.415142,0.318030,-0.004071,0.036605,-0.031922,-0.080048,-0.013020,0.135803,0.041728,0.054363,-0.154947,-0.121730,-0.115645,0.192859,-0.083287,-0.085817,-0.073797,-0.099767,-0.245908,-0.114351
-0.022737,0.018973,-0.131815,0.178909,0.005549,-0.123422,-0.060681,0.014913,-0.173449,-0.062159,0.214929,-0.387650,-0.496176,0.674151,0.415142,0.000000,0.589012,0.132149,0.034355,0.186919,0.139392,-0.032027,0.027514,-0.147005,0.154625,-0.023439,-0.078341,-0.199473,-0.115781,-0.068219,-0.133428,-0.236514,-0.245121,0.020353,0.078353
0.086037,0.175551,0.161919,0.374679,0.027399,0.007007,0.174181,0.027315,-0.071788,0.054534,0.070459,-0.153893,-0.337416,0.518204,0.318030,0.589012,0.000000,0.277773,0.273021,0.288527,0.195653,0.128290,0.346198,0.004104,0.021909,0.248369,0.213036,-0.193522,-0.089353,-0.112700,-0.087297,-0.087565,-0.097289,0.153556,0.232835
0.037842,0.022176,-0.004889,0.168679,0.027420,0.003151,0.126686,-0.180687,-0.042198,0.056140,0.102560,0.004753,-0.022728,0.150344,-0.004071,0.132149,0.277773,0.000000,0.624286,0.806500,-0.146282,0.070460,0.050987,0.000573,-0.156321,0.225649,0.253422,0.053343,0.012403,0.003150,0.015208,-0.020564,-0.012497,0.150619,0.179914
0.010817,0.091485,0.026907,-0.002240,-0.050002,0.103822,0.332556,-0.060208,-0.147650,-0.023796,-0.007401,0.047489,0.009414,0.060454,0.036605,0.034355,0.273021,0.624286,0.000000,0.573383,-0.184990,-0.006301,0.002823,-0.024107,-0.215026,0.254314,0.259155,0.022755,-0.132896,-0.121261,-0.133444,-0.087004,-0.046869,0.076983,0.098009
0.129664,0.069753,0.070618,0.245115,-0.008680,-0.045611,0.149985,-0.072998,0.005560,0.046800,0.143294,0.026466,0.027231,0.122418,-0.031922,0.186919,0.288527,0.806500,0.573383,0.000000,-0.115879,0.101167,0.001438,0.016685,-0.289833,0.273894,0.250345,0.112259,0.064828,0.081871,0.113166,0.089959,0.075277,0.192420,0.210543
0.074963,0.057892,0.083466,0.223468,0.208331,-0.114220,-0.098989,0.182981,-0.118865,0.010941,0.003136,-0.045772,-0.135979,0.086030,-0.080048,0.139392,0.195653,-0.146282,-0.184990,-0.115879,0.000000,0.202530,0.106315,0.131700,0.279909,0.061064,0.019646,-0.155757,-0.073147,0.047712,0.151977,0.048744,0.071588,0.204959,0.163206
0.633813,0.519871,0.342672,0.334761,0.103009,0.177794,-0.052442,0.166401,0.170479,0.297820,0.094989,0.284640,0.190596,-0.012841,-0.013020,-0.032027,0.128290,0.070460,-0.006301,0.101167,0.202530,0.000000,0.306892,0.644608,-0.106316,0.353541,0.353625,0.498975,0.288369,0.496813,0.465474,0.347852,0.487684,0.403721,0.450770
0.215035,0.310021,0.244695,0.284749,0.079191,0.042959,0.052392,-0.063664,0.192428,0.248481,0.021143,0.212978,0.117469,0.048716,0.135803,0.027514,0.346198,0.050987,0.002823,0.001438,0.106315,0.306892,0.000000,0.376991,-0.020269,0.229271,0.296014,0.137671,0.199626,0.104419,0.205765,0.161567,0.213376,0.219257,0.271341
0.486978,0.611615,0.314209,0.245758,-0.031317,0.204117,-0.048089,0.121729,0.269673,0.358371,0.137696,0.388077,0.282431,-0.147905,0.041728,-0.147005,0.004104,0.000573,-0.024107,0.016685,0.131700,0.644608,0.376991,0.000000,0.007932,0.245259,0.319241,0.427983,0.296777,0.391674,0.476954,0.293721,0.493681,0.386463,0.369974
-0.024311,0.109079,-0.245187,-0.136998,0.103201,0.055499,-0.155405,-0.001419,0.005174,0.156994,0.110810,-0.130791,-0.217170,0.089271,0.054363,0.154625,0.021909,-0.156321,-0.215026,-0.289833,0.279909,-0.106316,-0.020269,0.007932,0.000000,-0.189426,-0.129979,-0.203901,-0.222692,-0.081255,-0.249091,-0.461988,-0.465384,0.041394,-0.070567
0.414411,0.394983,0.240483,0.310833,0.270192,0.224293,0.219611,-0.096646,0.198186,0.361510,0.309780,0.358048,0.344720,-0.053574,-0.154947,-0.023439,0.248369,0.225649,0.254314,0.273894,0.061064,0.353541,0.229271,0.245259,-0.189426,0.000000,0.823742,0.291171,0.237904,0.218382,0.223181,0.241338,0.308755,0.475323,0.496922
0.425686,0.448682,0.290331,0.311442,0.300501,0.296531,0.176669,-0.100280,0.305397,0.510688,0.414414,0.461957,0.415948,-0.021852,-0.121730,-0.078341,0.213036,0.253422,0.259155,0.250345,0.019646,0.353625,0.296014,0.319241,-0.129979,0.823742,0.000000,0.325500,0.280844,0.229074,0.233208,0.235113,0.322758,0.512217,0.535652
0.390107,0.283922,0.174752,0.083045,0.004064,0.164664,0.015603,0.036189,0.397112,0.385793,0.296481,0.442792,0.495304,-0.251962,-0.115645,-0.199473,-0.193522,0.053343,0.022755,0.112259,-0.155757,0.498975,0.137671,0.427983,-0.203901,0.291171,0.325500,0.000000,0.429791,0.604288,0.522545,0.269052,0.618550,0.181335,0.213298
0.162889,0.163430,0.130661,0.204191,0.145835,0.158067,-0.010725,-0.050372,0.661576,0.375256,0.185850,0.297867,0.423390,0.012069,0.192859,-0.115781,-0.089353,0.012403,-0.132896,0.064828,-0.073147,0.288369,0.199626,0.296777,-0.222692,0.237904,0.280844,0.429791,0.000000,0.510146,0.509853,0.571346,0.522842,0.142089,0.291607
0.395580,0.351539,0.163637,0.132026,0.069047,0.060044,-0.103836,0.119228,0.344904,0.365040,0.357136,0.303550,0.351478,-0.121956,-0.083287,-0.068219,-0.112700,0.003150,-0.121261,0.081871,0.047712,0.496813,0.104419,0.391674,-0.081255,0.218382,0.229074,0.604288,0.510146,0.000000,0.743061,0.311979,0.570591,0.349713,0.427194
0.359141,0.324157,0.267013,0.218378,0.072634,0.045664,-0.060609,0.059135,0.354240,0.358486,0.359696,0.419069,0.416338,-0.134031,-0.085817,-0.133428,-0.087297,0.015208,-0.133444,0.113166,0.151977,0.465474,0.205765,0.476954,-0.249091,0.223181,0.233208,0.522545,0.509853,0.743061,0.000000,0.574576,0.717812,0.301557,0.397877
0.233550,0.142207,0.312186,0.248995,0.167565,0.029414,0.010082,-0.032670,0.329696,0.226703,0.078999,0.467837,0.408031,-0.156271,-0.073797,-0.236514,-0.087565,-0.020564,-0.087004,0.089959,0.048744,0.347852,0.161567,0.293721,-0.461988,0.241338,0.235113,0.269052,0.571346,0.311979,0.574576,0.000000,0.637555,0.197428,0.267223
0.357764,0.274542,0.359757,0.261170,0.109950,0.109894,0.022552,0.113281,0.345575,0.277739,0.233647,0.479469,0.442664,-0.187771,-0.099767,-0.245121,-0.097289,-0.012497,-0.046869,0.075277,0.071588,0.487684,0.213376,0.493681,-0.465384,0.308755,0.322758,0.618550,0.522842,0.570591,0.717812,0.637555,0.000000,0.234692,0.344746
0.380006,0.383166,0.336135,0.348841,0.111937,0.136388,0.043930,-0.020123,0.042022,0.314254,0.264176,0.249251,0.141195,0.015799,-0.245908,0.020353,0.153556,0.150619,0.076983,0.192420,0.204959,0.403721,0.219257,0.386463,0.041394,0.475323,0.512217,0.181335,0.142089,0.349713,0.301557,0.197428,0.234692,0.000000,0.816827
0.386972,0.363271,0.354997,0.399146,0.186322,0.140475,0.022824,-0.045753,0.155235,0.384538,0.328206,0.272151,0.115027,0.139783,-0.114351,0.078353,0.232835,0.179914,0.098009,0.210543,0.163206,0.450770,0.271341,0.369974,-0.070567,0.496922,0.535652,0.213298,0.291607,0.427194,0.397877,0.267223,0.344746,0.816827,0.000000
