0.000000,0.850059,0.169942,0.202491,0.126923,-0.022464,-0.045684,-0.066913,0.242562,0.349191,0.549934,0.343624,0.309124,0.413114,0.171427,0.194431,0.269831,0.344207,0.238312,0.450126,0.421086,0.746854,0.301498,0.673436,0.262382,0.659045,0.554574,0.329161,0.274325,0.479218,0.393220,0.145456,0.112838,0.409411,0.448474
0.850059,0.000000,0.236044,0.257069,0.217599,0.033046,-0.032330,-0.076836,0.277124,0.364993,0.545084,0.416196,0.337083,0.420059,0.234328,0.236182,0.329608,0.333533,0.200583,0.439178,0.444453,0.676069,0.292993,0.745108,0.293945,0.671115,0.604863,0.351425,0.316459,0.461557,0.451855,0.208865,0.200262,0.403102,0.443558
0.169942,0.236044,0.000000,0.864309,0.195450,0.064182,0.219675,0.101979,0.038864,0.368515,0.281216,0.307597,0.106319,0.276295,0.261433,0.332392,0.580305,0.494657,0.377714,0.447429,0.336572,0.375281,0.363141,0.374279,0.342992,0.278679,0.325640,0.323556,0.173370,0.285198,0.382768,0.275447,0.398133,0.408874,0.434347
0.202491,0.257069,0.864309,0.000000,0.151460,0.090305,0.093262,0.088403,0.156749,0.473488,0.284527,0.346880,0.172597,0.370791,0.338252,0.364250,0.605558,0.547800,0.390406,0.473688,0.400557,0.400610,0.374585,0.381337,0.411408,0.354195,0.378525,0.346988,0.236301,0.289219,0.387452,0.314738,0.409746,0.456477,0.488230
0.126923,0.217599,0.195450,0.151460,0.000000,-0.133871,0.162219,-0.182535,0.062179,0.043342,0.224009,0.097788,0.176707,-0.057216,-0.073793,0.171189,0.208351,0.046631,0.028834,0.173022,0.218391,0.295136,0.119736,0.429810,0.026938,0.171871,0.138896,0.073726,-0.019588,0.042924,0.135780,-0.024445,0.102863,0.110613,0.101122
-0.022464,0.033046,0.064182,0.090305,-0.133871,0.000000,-0.231918,0.446942,0.020482,0.003488,-0.065776,-0.029403,-0.068819,0.147656,0.088858,0.141669,0.312604,0.299773,0.132432,0.202451,0.083897,-0.127187,0.129944,-0.031109,0.147715,0.182908,0.246653,0.202466,0.165733,-0.055859,0.066469,0.254455,0.200371,0.099318,0.126447
-0.045684,-0.032330,0.219675,0.093262,0.162219,-0.231918,0.000000,-0.152865,-0.140856,-0.130963,-0.020571,-0.133603,-0.111183,-0.088111,0.047067,0.025037,-0.003120,-0.054771,0.091701,0.002462,-0.134659,0.036361,-0.008971,0.062365,-0.195381,-0.282796,-0.278150,-0.119629,-0.176387,0.030575,-0.001133,-0.209144,-0.011890,-0.151447,-0.107453
-0.066913,-0.076836,0.101979,0.088403,-0.182535,0.446942,-0.152865,0.000000,-0.141820,-0.007787,-0.174065,-0.059182,-0.174066,-0.059819,-0.105661,-0.028114,0.172992,0.271819,0.176090,0.175781,-0.073153,-0.190082,0.090941,-0.167993,-0.081370,0.071721,0.156537,0.033594,0.001238,-0.117835,-0.002037,0.160872,0.039056,0.019722,0.013487
0.242562,0.277124,0.038864,0.156749,0.062179,0.020482,-0.140856,-0.141820,0.000000,0.575019,0.304629,0.410802,0.467447,0.374703,0.367096,0.158656,0.234801,0.017983,0.005554,0.026228,0.374513,0.269560,0.060716,0.234383,0.252688,0.265892,0.249104,0.078547,0.292002,0.162782,0.100794,0.142708,0.100890,0.199486,0.207893
0.349191,0.364993,0.368515,0.473488,0.043342,0.003488,-0.130963,-0.007787,0.575019,0.000000,0.415182,0.639354,0.346347,0.458987,0.482256,0.204886,0.345540,0.237979,0.166873,0.223099,0.469210,0.421399,0.225209,0.361071,0.410030,0.322529,0.331971,0.358874,0.508019,0.499222,0.398729,0.348036,0.256755,0.337961,0.297336
0.549934,0.545084,0.281216,0.284527,0.224009,-0.065776,-0.020571,-0.174065,0.304629,0.415182,0.000000,0.453999,0.339965,0.444486,0.256673,0.479417,0.280302,0.224736,0.139220,0.387055,0.435994,0.555151,0.096190,0.513215,0.272476,0.492196,0.413358,0.194589,0.085614,0.530448,0.400995,0.004965,0.064335,0.468578,0.511206
0.343624,0.416196,0.307597,0.346880,0.097788,-0.029403,-0.133603,-0.059182,0.410802,0.639354,0.453999,0.000000,0.554374,0.295535,0.203461,0.091211,0.180909,0.051172,-0.081643,0.098352,0.420829,0.360551,0.072960,0.360211,0.315413,0.272625,0.228821,0.321676,0.480089,0.428840,0.470750,0.445858,0.346665,0.198398,0.186642
0.309124,0.337083,0.106319,0.172597,0.176707,-0.068819,-0.111183,-0.174066,0.467447,0.346347,0.339965,0.554374,0.000000,0.236301,0.056014,0.049395,0.076782,-0.012358,-0.029470,0.110877,0.398512,0.395360,0.123507,0.366879,0.252630,0.262539,0.154487,0.178703,0.287585,0.241745,0.276045,0.274644,0.271267,0.225632,0.239800
0.413114,0.420059,0.276295,0.370791,-0.057216,0.147656,-0.088111,-0.059819,0.374703,0.458987,0.444486,0.295535,0.236301,0.000000,0.628539,0.646235,0.526516,0.354108,0.195051,0.423159,0.364961,0.467046,0.259533,0.394555,0.439505,0.454639,0.411842,0.185908,0.206212,0.331365,0.446564,0.224502,0.289148,0.424174,0.424669
0.171427,0.234328,0.261433,0.338252,-0.073793,0.088858,0.047067,-0.105661,0.367096,0.482256,0.256673,0.203461,0.056014,0.628539,0.000000,0.524367,0.434744,0.215827,0.126087,0.238767,0.255482,0.214033,0.206533,0.200820,0.339040,0.178392,0.188994,0.203190,0.275877,0.351578,0.331901,0.122197,0.139994,0.232511,0.195053
0.194431,0.236182,0.332392,0.364250,0.171189,0.141669,0.025037,-0.028114,0.158656,0.204886,0.479417,0.091211,0.049395,0.646235,0.524367,0.000000,0.610596,0.391884,0.188472,0.497421,0.266583,0.288797,0.233496,0.247175,0.253861,0.375518,0.349256,0.039460,-0.156234,0.203873,0.307828,-0.080282,0.111650,0.386813,0.424856
0.269831,0.329608,0.580305,0.605558,0.208351,0.312604,-0.003120,0.172992,0.234801,0.345540,0.280302,0.180909,0.076782,0.526516,0.434744,0.610596,0.000000,0.676367,0.425817,0.638670,0.411827,0.365044,0.532317,0.369419,0.382602,0.549734,0.571333,0.269755,0.076522,0.111830,0.341011,0.284677,0.444305,0.516456,0.514942
0.344207,0.333533,0.494657,0.547800,0.046631,0.299773,-0.054771,0.271819,0.017983,0.237979,0.224736,0.051172,-0.012358,0.354108,0.215827,0.391884,0.676367,0.000000,0.686938,0.818489,0.412016,0.394168,0.614477,0.381168,0.428761,0.610279,0.667341,0.400717,0.124045,0.177056,0.305539,0.329168,0.418627,0.578589,0.588559
0.238312,0.200583,0.377714,0.390406,0.028834,0.132432,0.091701,0.176090,0.005554,0.166873,0.139220,-0.081643,-0.029470,0.195051,0.126087,0.188472,0.425817,0.686938,0.000000,0.661144,0.325784,0.289956,0.528179,0.285121,0.304177,0.372900,0.380255,0.277590,0.069885,0.138978,0.126974,0.151490,0.236747,0.334690,0.404571
0.450126,0.439178,0.447429,0.473688,0.173022,0.202451,0.002462,0.175781,0.026228,0.223099,0.387055,0.098352,0.110877,0.423159,0.238767,0.497421,0.638670,0.818489,0.661144,0.000000,0.449828,0.483948,0.526815,0.450317,0.304740,0.623360,0.607784,0.324721,0.046243,0.228194,0.344050,0.214959,0.315458,0.560193,0.615847
0.421086,0.444453,0.336572,0.400557,0.218391,0.083897,-0.134659,-0.073153,0.374513,0.469210,0.435994,0.420829,0.398512,0.364961,0.255482,0.266583,0.411827,0.412016,0.325784,0.449828,0.000000,0.619701,0.453203,0.612009,0.552117,0.482471,0.457311,0.511640,0.336677,0.416960,0.452814,0.377851,0.407423,0.499065,0.503890
0.746854,0.676069,0.375281,0.400610,0.295136,-0.127187,0.036361,-0.190082,0.269560,0.421399,0.555151,0.360551,0.395360,0.467046,0.214033,0.288797,0.365044,0.394168,0.289956,0.483948,0.619701,0.000000,0.461854,0.824661,0.468240,0.628181,0.521602,0.421625,0.297214,0.504331,0.499869,0.241193,0.317214,0.510459,0.517084
0.301498,0.292993,0.363141,0.374585,0.119736,0.129944,-0.008971,0.090941,0.060716,0.225209,0.096190,0.072960,0.123507,0.259533,0.206533,0.233496,0.532317,0.614477,0.528179,0.526815,0.453203,0.461854,0.000000,0.440392,0.450940,0.451312,0.449521,0.419860,0.252284,0.254110,0.416381,0.372532,0.488469,0.387951,0.345617
0.673436,0.745108,0.374279,0.381337,0.429810,-0.031109,0.062365,-0.167993,0.234383,0.361071,0.513215,0.360211,0.366879,0.394555,0.200820,0.247175,0.369419,0.381168,0.285121,0.450317,0.612009,0.824661,0.440392,0.000000,0.441579,0.606636,0.553234,0.454132,0.328428,0.453831,0.546955,0.310818,0.372933,0.483221,0.501627
0.262382,0.293945,0.342992,0.411408,0.026938,0.147715,-0.195381,-0.081370,0.252688,0.410030,0.272476,0.315413,0.252630,0.439505,0.339040,0.253861,0.382602,0.428761,0.304177,0.304740,0.552117,0.468240,0.450940,0.441579,0.000000,0.417138,0.417525,0.456679,0.357568,0.329812,0.480754,0.425009,0.478936,0.430954,0.395584
0.659045,0.671115,0.278679,0.354195,0.171871,0.182908,-0.282796,0.071721,0.265892,0.322529,0.492196,0.272625,0.262539,0.454639,0.178392,0.375518,0.549734,0.610279,0.372900,0.623360,0.482471,0.628181,0.451312,0.606636,0.417138,0.000000,0.889892,0.362514,0.273201,0.302023,0.318348,0.289826,0.276823,0.567149,0.610398
0.554574,0.604863,0.325640,0.378525,0.138896,0.246653,-0.278150,0.156537,0.249104,0.331971,0.413358,0.228821,0.154487,0.411842,0.188994,0.349256,0.571333,0.667341,0.380255,0.607784,0.457311,0.521602,0.449521,0.553234,0.417525,0.889892,0.000000,0.383397,0.283065,0.284269,0.285161,0.314522,0.293410,0.564313,0.621426
0.329161,0.351425,0.323556,0.346988,0.073726,0.202466,-0.119629,0.033594,0.078547,0.358874,0.194589,0.321676,0.178703,0.185908,0.203190,0.039460,0.269755,0.400717,0.277590,0.324721,0.511640,0.421625,0.419860,0.454132,0.456679,0.362514,0.383397,0.000000,0.564403,0.612259,0.538784,0.494521,0.494458,0.262366,0.279757
0.274325,0.316459,0.173370,0.236301,-0.019588,0.165733,-0.176387,0.001238,0.292002,0.508019,0.085614,0.480089,0.287585,0.206212,0.275877,-0.156234,0.076522,0.124045,0.069885,0.046243,0.336677,0.297214,0.252284,0.328428,0.357568,0.273201,0.283065,0.564403,0.000000,0.521118,0.420816,0.638301,0.373084,0.128424,0.065387
0.479218,0.461557,0.285198,0.289219,0.042924,-0.055859,0.030575,-0.117835,0.162782,0.499222,0.530448,0.428840,0.241745,0.331365,0.351578,0.203873,0.111830,0.177056,0.138978,0.228194,0.416960,0.504331,0.254110,0.453831,0.329812,0.302023,0.284269,0.612259,0.521118,0.000000,0.629028,0.273452,0.256860,0.250978,0.243502
0.393220,0.451855,0.382768,0.387452,0.135780,0.066469,-0.001133,-0.002037,0.100794,0.398729,0.400995,0.470750,0.276045,0.446564,0.331901,0.307828,0.341011,0.305539,0.126974,0.344050,0.452814,0.499869,0.416381,0.546955,0.480754,0.318348,0.285161,0.538784,0.420816,0.629028,0.000000,0.562154,0.585799,0.384513,0.299807
0.145456,0.208865,0.275447,0.314738,-0.024445,0.254455,-0.209144,0.160872,0.142708,0.348036,0.004965,0.445858,0.274644,0.224502,0.122197,-0.080282,0.284677,0.329168,0.151490,0.214959,0.377851,0.241193,0.372532,0.310818,0.425009,0.289826,0.314522,0.494521,0.638301,0.273452,0.562154,0.000000,0.658057,0.270235,0.166240
0.112838,0.200262,0.398133,0.409746,0.102863,0.200371,-0.011890,0.039056,0.100890,0.256755,0.064335,0.346665,0.271267,0.289148,0.139994,0.111650,0.444305,0.418627,0.236747,0.315458,0.407423,0.317214,0.488469,0.372933,0.478936,0.276823,0.293410,0.494458,0.373084,0.256860,0.585799,0.658057,0.000000,0.289992,0.208101
0.409411,0.403102,0.408874,0.456477,0.110613,0.099318,-0.151447,0.019722,0.199486,0.337961,0.468578,0.198398,0.225632,0.424174,0.232511,0.386813,0.516456,0.578589,0.334690,0.560193,0.499065,0.510459,0.387951,0.483221,0.430954,0.567149,0.564313,0.262366,0.128424,0.250978,0.384513,0.270235,0.289992,0.000000,0.829089
0.448474,0.443558,0.434347,0.488230,0.101122,0.126447,-0.107453,0.013487,0.207893,0.297336,0.511206,0.186642,0.239800,0.424669,0.195053,0.424856,0.514942,0.588559,0.404571,0.615847,0.503890,0.517084,0.345617,0.501627,0.395584,0.610398,0.621426,0.279757,0.065387,0.243502,0.299807,0.166240,0.208101,0.829089,0.000000
