1.0000,0.8434,-0.1755,-0.2113,0.1343,-0.1115,-0.1075,-0.1166,-0.1681,0.1366,0.4375,0.2515,-0.0772,0.0816,0.3006,0.1844,-0.0586,0.0999,0.0904,0.2180,-0.0240,0.3942,-0.0962,0.3951,-0.0960,0.3592,0.3935,-0.1118,-0.0732,0.4878,0.1359,0.0481,-0.0311,-0.0258,0.0874
0.8434,1.0000,-0.1562,-0.1852,0.1817,-0.0575,-0.0592,-0.0503,-0.1467,0.1163,0.4000,0.2152,-0.0927,0.1532,0.3203,0.2831,0.0741,0.1362,0.1588,0.2449,0.0158,0.4309,0.0126,0.5037,-0.0002,0.4298,0.4863,-0.1007,-0.0366,0.3942,0.2221,0.1626,0.0489,0.0402,0.1155
-0.1755,-0.1562,1.0000,0.8274,-0.0244,-0.0067,-0.1763,0.1598,0.0903,0.1315,0.0316,0.1243,0.0099,0.0027,0.0284,0.0514,0.0906,0.3484,0.5126,0.2744,0.3925,0.0161,0.0313,0.0776,0.4011,-0.1325,-0.0620,0.0792,0.0456,0.0739,0.1557,-0.0352,0.2943,0.1032,0.1275
-0.2113,-0.1852,0.8274,1.0000,0.0955,0.1141,-0.1134,0.1413,0.2253,0.2585,0.1413,0.0743,0.0476,0.0670,0.1326,0.1378,0.2353,0.3774,0.5077,0.2962,0.3661,0.0891,0.1839,0.0246,0.3508,-0.0627,-0.0093,0.1581,0.2669,0.1855,0.2402,0.0348,0.2415,0.1607,0.1683
0.1343,0.1817,-0.0244,0.0955,1.0000,0.1927,-0.0234,0.0101,-0.0773,0.0820,0.3165,0.0807,-0.0425,0.0196,-0.0778,0.2669,0.2066,0.2097,0.1492,0.2785,0.1160,0.5811,0.2903,0.4086,0.0080,0.4567,0.4768,-0.0422,0.0915,0.1213,0.0023,-0.0369,-0.0961,0.1782,0.1827
-0.1115,-0.0575,-0.0067,0.1141,0.1927,1.0000,0.1865,0.1995,0.1906,0.1455,0.1737,0.0532,-0.0185,0.1856,0.1277,0.2873,0.3320,-0.1321,-0.1014,-0.1109,0.0214,0.1867,0.3005,0.1240,-0.0595,0.2935,0.2571,0.1120,0.3774,0.1559,0.2748,0.2477,-0.0075,0.2765,0.1702
-0.1075,-0.0592,-0.1763,-0.1134,-0.0234,0.1865,1.0000,0.1753,-0.1140,-0.1297,-0.1130,-0.2099,-0.0608,0.1525,0.0277,0.1329,0.2250,-0.2626,-0.0060,-0.2712,0.0956,0.0891,0.0954,0.0669,-0.0161,0.1453,0.1374,0.1287,0.0857,-0.0859,0.0432,-0.0326,0.2301,0.0765,0.1091
-0.1166,-0.0503,0.1598,0.1413,0.0101,0.1995,0.1753,1.0000,0.1194,0.0844,0.0289,0.0045,0.0690,0.0322,0.0778,-0.0430,0.0748,-0.1120,0.0308,-0.1384,0.0712,0.0301,0.0708,0.0520,-0.0164,0.0345,0.0555,0.1095,0.1476,-0.0126,0.0492,0.0546,0.1163,0.1856,0.1087
-0.1681,-0.1467,0.0903,0.2253,-0.0773,0.1906,-0.1140,0.1194,1.0000,0.4346,0.1609,0.0213,0.2811,0.3843,0.4697,0.0260,0.1704,0.0143,-0.0304,-0.0810,0.0911,-0.1319,0.2220,-0.1784,0.1183,-0.2417,-0.2239,0.3549,0.5825,0.1718,0.4038,0.4120,0.0729,0.0213,-0.0608
0.1366,0.1163,0.1315,0.2585,0.0820,0.1455,-0.1297,0.0844,0.4346,1.0000,0.5231,0.4926,0.4227,-0.0183,0.1699,-0.0426,0.0485,0.0664,0.0069,0.0724,-0.0294,0.1097,0.1199,-0.0203,-0.0127,0.1281,0.0958,0.1491,0.4797,0.4301,0.2355,0.2297,0.0001,0.2106,0.1779
0.4375,0.4000,0.0316,0.1413,0.3165,0.1737,-0.1130,0.0289,0.1609,0.5231,1.0000,0.4765,0.1764,0.0978,0.2255,0.2596,0.1317,0.1850,0.0734,0.3141,-0.0120,0.3648,0.1322,0.2504,-0.1002,0.3345,0.3346,0.0211,0.2810,0.6524,0.2513,0.1048,-0.0567,0.2260,0.2487
0.2515,0.2152,0.1243,0.0743,0.0807,0.0532,-0.2099,0.0045,0.0213,0.4926,0.4765,1.0000,0.3360,-0.1543,-0.1322,-0.1306,-0.1603,0.0212,-0.0483,0.1058,-0.0645,0.1471,-0.1265,0.1771,-0.0503,0.2903,0.2684,-0.0048,0.0454,0.2468,0.0717,0.1486,0.0465,0.2031,0.2050
-0.0772,-0.0927,0.0099,0.0476,-0.0425,-0.0185,-0.0608,0.0690,0.2811,0.4227,0.1764,0.3360,1.0000,-0.1163,-0.1484,-0.4243,-0.3492,-0.1467,-0.1638,-0.1564,-0.0931,-0.1171,-0.1936,-0.1892,-0.0794,-0.0363,0.0088,0.2004,0.3092,0.0618,0.1015,0.2988,0.0842,-0.0543,-0.1207
0.0816,0.1532,0.0027,0.0670,0.0196,0.1856,0.1525,0.0322,0.3843,-0.0183,0.0978,-0.1543,-0.1163,1.0000,0.5898,0.5609,0.4190,-0.0841,-0.0176,-0.0510,0.2621,0.2021,0.2443,0.2033,0.1592,0.0506,0.0580,0.3547,0.3496,0.1769,0.5519,0.3695,0.2232,0.0276,0.0542
0.3006,0.3203,0.0284,0.1326,-0.0778,0.1277,0.0277,0.0778,0.4697,0.1699,0.2255,-0.1322,-0.1484,0.5898,1.0000,0.4501,0.4458,0.0941,0.1580,0.0544,0.1554,0.0836,0.3810,0.0727,0.1331,-0.0551,-0.0284,0.2313,0.4172,0.4329,0.4930,0.3385,0.1455,0.0668,0.0864
0.1844,0.2831,0.0514,0.1378,0.2669,0.2873,0.1329,-0.0430,0.0260,-0.0426,0.2596,-0.1306,-0.4243,0.5609,0.4501,1.0000,0.6812,0.1356,0.1901,0.2334,0.2578,0.3996,0.4352,0.3985,0.1598,0.3025,0.2762,0.0476,0.1811,0.2903,0.4373,0.1567,0.0927,0.2454,0.3089
-0.0586,0.0741,0.0906,0.2353,0.2066,0.3320,0.2250,0.0748,0.1704,0.0485,0.1317,-0.1603,-0.3492,0.4190,0.4458,0.6812,1.0000,0.2492,0.3062,0.2320,0.3182,0.3370,0.6001,0.3257,0.3136,0.2332,0.1911,0.1567,0.3154,0.2043,0.3995,0.1861,0.2481,0.3866,0.3726
0.0999,0.1362,0.3484,0.3774,0.2097,-0.1321,-0.2626,-0.1120,0.0143,0.0664,0.1850,0.0212,-0.1467,-0.0841,0.0941,0.1356,0.2492,1.0000,0.6383,0.7875,0.2524,0.2316,0.2612,0.2565,0.4802,0.0392,0.0831,-0.1507,-0.0364,0.1220,0.0482,-0.1507,0.1437,0.0592,0.1067
0.0904,0.1588,0.5126,0.5077,0.1492,-0.1014,-0.0060,0.0308,-0.0304,0.0069,0.0734,-0.0483,-0.1638,-0.0176,0.1580,0.1901,0.3062,0.6383,1.0000,0.5021,0.2773,0.1361,0.2466,0.1530,0.4615,0.0432,0.1432,-0.1127,-0.0053,0.0641,0.0522,-0.1775,0.2204,-0.0138,0.0667
0.2180,0.2449,0.2744,0.2962,0.2785,-0.1109,-0.2712,-0.1384,-0.0810,0.0724,0.3141,0.1058,-0.1564,-0.0510,0.0544,0.2334,0.2320,0.7875,0.5021,1.0000,0.2236,0.3522,0.1594,0.3717,0.3438,0.1687,0.1931,-0.1250,-0.0820,0.2107,0.1085,-0.1031,0.1269,0.1650,0.2349
-0.0240,0.0158,0.3925,0.3661,0.1160,0.0214,0.0956,0.0712,0.0911,-0.0294,-0.0120,-0.0645,-0.0931,0.2621,0.1554,0.2578,0.3182,0.2524,0.2773,0.2236,1.0000,0.3894,0.1769,0.3931,0.5719,0.1009,0.1190,0.3008,0.1451,0.0699,0.2678,0.0476,0.4529,0.1795,0.2518
0.3942,0.4309,0.0161,0.0891,0.5811,0.1867,0.0891,0.0301,-0.1319,0.1097,0.3648,0.1471,-0.1171,0.2021,0.0836,0.3996,0.3370,0.2316,0.1361,0.3522,0.3894,1.0000,0.2937,0.7687,0.2056,0.6555,0.6611,0.1890,0.1799,0.3551,0.2573,0.1056,0.2711,0.2863,0.4017
-0.0962,0.0126,0.0313,0.1839,0.2903,0.3005,0.0954,0.0708,0.2220,0.1199,0.1322,-0.1265,-0.1936,0.2443,0.3810,0.4352,0.6001,0.2612,0.2466,0.1594,0.1769,0.2937,1.0000,0.2084,0.2208,0.1478,0.1316,0.1164,0.3245,0.1543,0.2287,0.1593,0.0939,0.2310,0.1843
0.3951,0.5037,0.0776,0.0246,0.4086,0.1240,0.0669,0.0520,-0.1784,-0.0203,0.2504,0.1771,-0.1892,0.2033,0.0727,0.3985,0.3257,0.2565,0.1530,0.3717,0.3931,0.7687,0.2084,1.0000,0.3267,0.5771,0.6055,0.1023,-0.0507,0.2226,0.2966,0.1697,0.3850,0.3709,0.4332
-0.0960,-0.0002,0.4011,0.3508,0.0080,-0.0595,-0.0161,-0.0164,0.1183,-0.0127,-0.1002,-0.0503,-0.0794,0.1592,0.1331,0.1598,0.3136,0.4802,0.4615,0.3438,0.5719,0.2056,0.2208,0.3267,1.0000,-0.0161,0.0450,0.1457,0.0553,-0.0424,0.2590,0.0764,0.4850,0.1597,0.1983
0.3592,0.4298,-0.1325,-0.0627,0.4567,0.2935,0.1453,0.0345,-0.2417,0.1281,0.3345,0.2903,-0.0363,0.0506,-0.0551,0.3025,0.2332,0.0392,0.0432,0.1687,0.1009,0.6555,0.1478,0.5771,-0.0161,1.0000,0.8589,0.0067,0.1589,0.2358,0.1791,0.1688,0.1816,0.2954,0.3517
0.3935,0.4863,-0.0620,-0.0093,0.4768,0.2571,0.1374,0.0555,-0.2239,0.0958,0.3346,0.2684,0.0088,0.0580,-0.0284,0.2762,0.1911,0.0831,0.1432,0.1931,0.1190,0.6611,0.1316,0.6055,0.0450,0.8589,1.0000,-0.0078,0.1391,0.2385,0.1799,0.1636,0.1991,0.2758,0.3364
-0.1118,-0.1007,0.0792,0.1581,-0.0422,0.1120,0.1287,0.1095,0.3549,0.1491,0.0211,-0.0048,0.2004,0.3547,0.2313,0.0476,0.1567,-0.1507,-0.1127,-0.1250,0.3008,0.1890,0.1164,0.1023,0.1457,0.0067,-0.0078,1.0000,0.4640,0.2762,0.3927,0.3340,0.4627,0.1786,0.2095
-0.0732,-0.0366,0.0456,0.2669,0.0915,0.3774,0.0857,0.1476,0.5825,0.4797,0.2810,0.0454,0.3092,0.3496,0.4172,0.1811,0.3154,-0.0364,-0.0053,-0.0820,0.1451,0.1799,0.3245,-0.0507,0.0553,0.1589,0.1391,0.4640,1.0000,0.4339,0.5010,0.5143,0.1927,0.1632,0.1256
0.4878,0.3942,0.0739,0.1855,0.1213,0.1559,-0.0859,-0.0126,0.1718,0.4301,0.6524,0.2468,0.0618,0.1769,0.4329,0.2903,0.2043,0.1220,0.0641,0.2107,0.0699,0.3551,0.1543,0.2226,-0.0424,0.2358,0.2385,0.2762,0.4339,1.0000,0.4497,0.1982,0.1445,0.2810,0.3265
0.1359,0.2221,0.1557,0.2402,0.0023,0.2748,0.0432,0.0492,0.4038,0.2355,0.2513,0.0717,0.1015,0.5519,0.4930,0.4373,0.3995,0.0482,0.0522,0.1085,0.2678,0.2573,0.2287,0.2966,0.2590,0.1791,0.1799,0.3927,0.5010,0.4497,1.0000,0.6566,0.4570,0.2093,0.1944
0.0481,0.1626,-0.0352,0.0348,-0.0369,0.2477,-0.0326,0.0546,0.4120,0.2297,0.1048,0.1486,0.2988,0.3695,0.3385,0.1567,0.1861,-0.1507,-0.1775,-0.1031,0.0476,0.1056,0.1593,0.1697,0.0764,0.1688,0.1636,0.3340,0.5143,0.1982,0.6566,1.0000,0.3600,0.1504,0.0727
-0.0311,0.0489,0.2943,0.2415,-0.0961,-0.0075,0.2301,0.1163,0.0729,0.0001,-0.0567,0.0465,0.0842,0.2232,0.1455,0.0927,0.2481,0.1437,0.2204,0.1269,0.4529,0.2711,0.0939,0.3850,0.4850,0.1816,0.1991,0.4627,0.1927,0.1445,0.4570,0.3600,1.0000,0.3089,0.4076
-0.0258,0.0402,0.1032,0.1607,0.1782,0.2765,0.0765,0.1856,0.0213,0.2106,0.2260,0.2031,-0.0543,0.0276,0.0668,0.2454,0.3866,0.0592,-0.0138,0.1650,0.1795,0.2863,0.2310,0.3709,0.1597,0.2954,0.2758,0.1786,0.1632,0.2810,0.2093,0.1504,0.3089,1.0000,0.8101
0.0874,0.1155,0.1275,0.1683,0.1827,0.1702,0.1091,0.1087,-0.0608,0.1779,0.2487,0.2050,-0.1207,0.0542,0.0864,0.3089,0.3726,0.1067,0.0667,0.2349,0.2518,0.4017,0.1843,0.4332,0.1983,0.3517,0.3364,0.2095,0.1256,0.3265,0.1944,0.0727,0.4076,0.8101,1.0000
