0.000000,0.844088,-0.016439,0.078541,0.381837,-0.253355,-0.057956,-0.153314,0.107972,0.296675,0.429341,0.325556,0.034375,-0.146771,0.313281,-0.066058,0.093596,0.218981,0.014321,0.156140,0.315693,0.378858,0.107087,0.420093,0.182045,0.512343,0.407556,0.311901,0.417307,0.458713,0.237786,0.288194,0.284567,0.307164,0.370719
0.844088,0.000000,-0.103759,-0.018863,0.294069,-0.256897,-0.048599,-0.044104,0.136320,0.225498,0.286208,0.302767,0.061369,-0.133000,0.343450,-0.128862,0.064815,0.119137,-0.061559,0.096211,0.194011,0.254155,0.081472,0.392798,0.096960,0.552519,0.486999,0.252172,0.419233,0.328462,0.253896,0.320379,0.312365,0.190916,0.242661
-0.016439,-0.103759,0.000000,0.719068,0.242824,0.110747,0.031002,0.052311,-0.020190,0.103931,0.246035,0.050583,0.083656,0.331818,0.202698,0.316532,0.216492,0.375705,0.221725,0.246010,0.336313,0.273089,0.337073,0.272473,0.360439,-0.235570,-0.155031,0.301562,-0.171472,0.309737,0.274885,-0.000429,0.127689,0.120079,0.143586
0.078541,-0.018863,0.719068,0.000000,0.277494,0.035043,-0.072972,0.010003,0.075731,0.133443,0.318349,0.090786,0.142703,0.182213,0.207895,0.276425,0.226684,0.417851,0.214314,0.263839,0.382989,0.387930,0.379855,0.365762,0.390569,-0.042956,-0.051199,0.314271,-0.049908,0.298382,0.196726,-0.105909,0.130290,0.350334,0.403016
0.381837,0.294069,0.242824,0.277494,0.000000,-0.133838,0.050630,-0.170327,-0.043643,0.099968,0.305319,0.140841,0.046030,-0.149834,0.143717,0.017688,0.205934,0.178047,-0.064588,0.113166,0.162007,0.411729,0.150429,0.344164,0.103881,0.154598,-0.039148,0.223788,0.011561,0.209798,0.020025,-0.026460,0.144229,0.230674,0.290823
-0.253355,-0.256897,0.110747,0.035043,-0.133838,0.000000,0.035968,0.198334,-0.063098,-0.166466,0.006660,-0.168921,-0.171243,0.000729,-0.223020,0.055806,0.104898,-0.101674,-0.127316,-0.215525,-0.189312,-0.175600,-0.076547,-0.169032,-0.193397,0.053936,0.014452,-0.182978,-0.112198,-0.040843,-0.072661,-0.152597,-0.196959,0.146490,0.090378
-0.057956,-0.048599,0.031002,-0.072972,0.050630,0.035968,0.000000,-0.006333,-0.111194,-0.161506,-0.017463,-0.181866,-0.029663,0.020015,0.009274,0.051607,0.012876,-0.024047,-0.129375,-0.067871,0.111655,0.105029,0.089500,0.094104,0.093663,-0.044294,-0.141686,0.005231,-0.103188,0.021704,-0.030263,-0.015567,-0.044204,-0.085670,-0.037250
-0.153314,-0.044104,0.052311,0.010003,-0.170327,0.198334,-0.006333,0.000000,0.123678,-0.186543,-0.117981,-0.051707,0.038934,0.095916,0.067207,-0.033535,0.050202,0.025487,0.066432,-0.071184,-0.108252,-0.114356,0.009848,-0.036283,0.014993,0.103895,0.301745,0.068199,-0.062125,-0.113366,0.015949,0.046831,0.039325,0.011906,0.015922
0.107972,0.136320,-0.020190,0.075731,-0.043643,-0.063098,-0.111194,0.123678,0.000000,0.444523,0.183728,0.227541,0.353618,0.294552,0.328621,0.154972,0.009673,-0.063159,-0.057127,0.003647,0.134038,0.038015,0.098897,0.034565,0.102304,0.053414,0.064311,0.290232,0.425381,0.159682,0.365781,0.149331,0.089851,-0.088627,-0.060104
0.296675,0.225498,0.103931,0.133443,0.099968,-0.166466,-0.161506,-0.186543,0.444523,0.000000,0.492203,0.643654,0.343960,0.174401,0.306288,0.187637,0.004846,0.162417,0.104949,0.178043,0.298845,0.089915,0.181221,0.132554,0.294157,-0.105211,-0.104319,0.274082,0.373002,0.453994,0.373624,0.126687,0.160348,0.032963,0.043200
0.429341,0.286208,0.246035,0.318349,0.305319,0.006660,-0.017463,-0.117981,0.183728,0.492203,0.000000,0.405939,0.257572,-0.064979,0.119687,0.234598,0.051268,0.242158,0.053198,0.141184,0.323162,0.213112,0.168998,0.254184,0.227616,0.169487,0.111026,0.253126,0.203698,0.654243,0.327433,-0.000057,0.085372,0.411781,0.458842
0.325556,0.302767,0.050583,0.090786,0.140841,-0.168921,-0.181866,-0.051707,0.227541,0.643654,0.405939,0.000000,0.413020,-0.016799,0.203049,0.052912,-0.051310,0.118811,0.045372,0.072620,0.256600,0.081720,0.186684,0.175403,0.265702,0.033115,-0.000968,0.179417,0.178975,0.296491,0.336811,0.202922,0.249911,-0.005233,0.029783
0.034375,0.061369,0.083656,0.142703,0.046030,-0.171243,-0.029663,0.038934,0.353618,0.343960,0.257572,0.413020,0.000000,-0.048970,0.000176,-0.135839,-0.269459,-0.011154,-0.027964,0.051528,0.090842,0.075827,0.025359,0.124082,0.180634,0.037287,0.086407,0.048968,0.078446,0.005987,0.172326,0.071041,0.104489,-0.217855,-0.150829
-0.146771,-0.133000,0.331818,0.182213,-0.149834,0.000729,0.020015,0.095916,0.294552,0.174401,-0.064979,-0.016799,-0.048970,0.000000,0.477340,0.537449,0.261886,0.191778,0.185374,0.223056,0.179364,0.057061,0.406436,0.095341,0.249749,-0.276017,-0.170061,0.208462,0.011169,0.127052,0.362703,0.224121,0.144200,-0.248151,-0.276822
0.313281,0.343450,0.202698,0.207895,0.143717,-0.223020,0.009274,0.067207,0.328621,0.306288,0.119687,0.203049,0.000176,0.477340,0.000000,0.458653,0.381759,0.201951,0.015748,0.157949,0.312758,0.213563,0.493553,0.265604,0.264082,-0.090170,-0.058002,0.447098,0.220504,0.331957,0.450181,0.209631,0.282243,0.050604,0.052349
-0.066058,-0.128862,0.316532,0.276425,0.017688,0.055806,0.051607,-0.033535,0.154972,0.187637,0.234598,0.052912,-0.135839,0.537449,0.458653,0.000000,0.561067,0.349296,0.211010,0.304218,0.241387,0.115920,0.480402,0.091247,0.279614,-0.207369,-0.148130,0.264193,0.072279,0.407265,0.484236,0.177851,0.100848,0.163112,0.134121
0.093596,0.064815,0.216492,0.226684,0.205934,0.104898,0.012876,0.050202,0.009673,0.004846,0.051268,-0.051310,-0.269459,0.261886,0.381759,0.561067,0.000000,0.236453,0.016863,0.182454,0.020007,0.039800,0.242550,0.022447,0.019178,-0.003262,0.020002,0.256690,0.046743,0.249510,0.269431,0.237536,0.089649,0.367884,0.276914
0.218981,0.119137,0.375705,0.417851,0.178047,-0.101674,-0.024047,0.025487,-0.063159,0.162417,0.242158,0.118811,-0.011154,0.191778,0.201951,0.349296,0.236453,0.000000,0.729766,0.695722,0.452351,0.293686,0.451352,0.351869,0.478506,0.086337,0.137556,0.280559,-0.012843,0.361705,0.264371,0.109419,0.281885,0.216622,0.308837
0.014321,-0.061559,0.221725,0.214314,-0.064588,-0.127316,-0.129375,0.066432,-0.057127,0.104949,0.053198,0.045372,-0.027964,0.185374,0.015748,0.211010,0.016863,0.729766,0.000000,0.585832,0.313638,0.110494,0.315974,0.166125,0.410871,-0.045097,0.062338,0.062542,-0.073320,0.103145,0.084963,0.001685,0.074623,-0.013103,0.049049
0.156140,0.096211,0.246010,0.263839,0.113166,-0.215525,-0.067871,-0.071184,0.003647,0.178043,0.141184,0.072620,0.051528,0.223056,0.157949,0.304218,0.182454,0.695722,0.585832,0.000000,0.269653,0.114035,0.222392,0.170508,0.277191,-0.026356,0.037757,0.198749,0.052194,0.239389,0.229845,0.187279,0.217629,0.038091,0.120895
0.315693,0.194011,0.336313,0.382989,0.162007,-0.189312,0.111655,-0.108252,0.134038,0.298845,0.323162,0.256600,0.090842,0.179364,0.312758,0.241387,0.020007,0.452351,0.313638,0.269653,0.000000,0.548052,0.515928,0.586865,0.694247,0.042832,-0.033428,0.490430,0.176283,0.446671,0.366232,0.147385,0.316151,0.110065,0.187413
0.378858,0.254155,0.273089,0.387930,0.411729,-0.175600,0.105029,-0.114356,0.038015,0.089915,0.213112,0.081720,0.075827,0.057061,0.213563,0.115920,0.039800,0.293686,0.110494,0.114035,0.548052,0.000000,0.571054,0.792658,0.532178,0.261064,0.084049,0.381699,0.183968,0.278146,0.117980,0.034478,0.283376,0.186166,0.294446
0.107087,0.081472,0.337073,0.379855,0.150429,-0.076547,0.089500,0.009848,0.098897,0.181221,0.168998,0.186684,0.025359,0.406436,0.493553,0.480402,0.242550,0.451352,0.315974,0.222392,0.515928,0.571054,0.000000,0.594712,0.612543,0.017524,-0.027423,0.337386,0.125823,0.302589,0.312829,0.046618,0.313405,0.105801,0.160630
0.420093,0.392798,0.272473,0.365762,0.344164,-0.169032,0.094104,-0.036283,0.034565,0.132554,0.254184,0.175403,0.124082,0.095341,0.265604,0.091247,0.022447,0.351869,0.166125,0.170508,0.586865,0.792658,0.594712,0.000000,0.593710,0.330550,0.210757,0.351622,0.168421,0.285200,0.200958,0.061878,0.365858,0.127173,0.255366
0.182045,0.096960,0.360439,0.390569,0.103881,-0.193397,0.093663,0.014993,0.102304,0.294157,0.227616,0.265702,0.180634,0.249749,0.264082,0.279614,0.019178,0.478506,0.410871,0.277191,0.694247,0.532178,0.612543,0.593710,0.000000,-0.021553,-0.025098,0.393096,0.131399,0.325028,0.352019,0.135561,0.380334,0.023366,0.099977
0.512343,0.552519,-0.235570,-0.042956,0.154598,0.053936,-0.044294,0.103895,0.053414,-0.105211,0.169487,0.033115,0.037287,-0.276017,-0.090170,-0.207369,-0.003262,0.086337,-0.045097,-0.026356,0.042832,0.261064,0.017524,0.330550,-0.021553,0.000000,0.748499,0.100670,0.353289,0.119183,-0.025134,0.170830,0.176135,0.268663,0.337785
0.407556,0.486999,-0.155031,-0.051199,-0.039148,0.014452,-0.141686,0.301745,0.064311,-0.104319,0.111026,-0.000968,0.086407,-0.170061,-0.058002,-0.148130,0.020002,0.137556,0.062338,0.037757,-0.033428,0.084049,-0.027423,0.210757,-0.025098,0.748499,0.000000,0.079997,0.281048,0.125112,0.077474,0.269114,0.171134,0.179405,0.232744
0.311901,0.252172,0.301562,0.314271,0.223788,-0.182978,0.005231,0.068199,0.290232,0.274082,0.253126,0.179417,0.048968,0.208462,0.447098,0.264193,0.256690,0.280559,0.062542,0.198749,0.490430,0.381699,0.337386,0.351622,0.393096,0.100670,0.079997,0.000000,0.472161,0.601417,0.533476,0.430545,0.559504,0.119255,0.155030
0.417307,0.419233,-0.171472,-0.049908,0.011561,-0.112198,-0.103188,-0.062125,0.425381,0.373002,0.203698,0.178975,0.078446,0.011169,0.220504,0.072279,0.046743,-0.012843,-0.073320,0.052194,0.176283,0.183968,0.125823,0.168421,0.131399,0.353289,0.281048,0.472161,0.000000,0.472564,0.365922,0.433360,0.334097,0.132875,0.162458
0.458713,0.328462,0.309737,0.298382,0.209798,-0.040843,0.021704,-0.113366,0.159682,0.453994,0.654243,0.296491,0.005987,0.127052,0.331957,0.407265,0.249510,0.361705,0.103145,0.239389,0.446671,0.278146,0.302589,0.285200,0.325028,0.119183,0.125112,0.601417,0.472564,0.000000,0.628123,0.365311,0.361632,0.330188,0.342556
0.237786,0.253896,0.274885,0.196726,0.020025,-0.072661,-0.030263,0.015949,0.365781,0.373624,0.327433,0.336811,0.172326,0.362703,0.450181,0.484236,0.269431,0.264371,0.084963,0.229845,0.366232,0.117980,0.312829,0.200958,0.352019,-0.025134,0.077474,0.533476,0.365922,0.628123,0.000000,0.586450,0.512351,-0.040302,-0.044818
0.288194,0.320379,-0.000429,-0.105909,-0.026460,-0.152597,-0.015567,0.046831,0.149331,0.126687,-0.000057,0.202922,0.071041,0.224121,0.209631,0.177851,0.237536,0.109419,0.001685,0.187279,0.147385,0.034478,0.046618,0.061878,0.135561,0.170830,0.269114,0.430545,0.433360,0.365311,0.586450,0.000000,0.539589,-0.111325,-0.141869
0.284567,0.312365,0.127689,0.130290,0.144229,-0.196959,-0.044204,0.039325,0.089851,0.160348,0.085372,0.249911,0.104489,0.144200,0.282243,0.100848,0.089649,0.281885,0.074623,0.217629,0.316151,0.283376,0.313405,0.365858,0.380334,0.176135,0.171134,0.559504,0.334097,0.361632,0.512351,0.539589,0.000000,-0.073313,-0.008330
0.307164,0.190916,0.120079,0.350334,0.230674,0.146490,-0.085670,0.011906,-0.088627,0.032963,0.411781,-0.005233,-0.217855,-0.248151,0.050604,0.163112,0.367884,0.216622,-0.013103,0.038091,0.110065,0.186166,0.105801,0.127173,0.023366,0.268663,0.179405,0.119255,0.132875,0.330188,-0.040302,-0.111325,-0.073313,0.000000,0.862691
0.370719,0.242661,0.143586,0.403016,0.290823,0.090378,-0.037250,0.015922,-0.060104,0.043200,0.458842,0.029783,-0.150829,-0.276822,0.052349,0.134121,0.276914,0.308837,0.049049,0.120895,0.187413,0.294446,0.160630,0.255366,0.099977,0.337785,0.232744,0.155030,0.162458,0.342556,-0.044818,-0.141869,-0.008330,0.862691,0.000000
