0.000000,0.647850,0.211862,0.298651,0.224970,-0.019348,-0.111106,0.010781,0.235405,0.385568,0.498951,0.607618,0.218785,0.189070,0.349085,0.298223,0.277329,0.210745,0.184075,0.350599,0.054944,0.679758,0.311431,0.643906,0.239436,0.521285,0.424754,0.156344,0.219522,0.568774,0.526287,0.333340,0.308777,0.457515,0.450305
0.647850,0.000000,-0.036913,0.033608,-0.012760,-0.190333,-0.001497,0.037599,0.249525,0.120544,0.233564,0.521564,0.113503,-0.047613,0.483275,0.079327,0.090491,0.084770,0.119360,0.115377,0.060098,0.403647,0.300134,0.487097,0.092607,0.314725,0.289208,0.003237,0.047174,0.305882,0.457420,0.094704,0.080714,0.075533,0.065287
0.211862,-0.036913,0.000000,0.738810,0.526294,0.119416,-0.119324,0.094331,0.066001,0.346126,0.337295,0.201026,0.075516,0.267188,-0.021882,0.285860,0.252939,0.466673,0.345366,0.463520,0.309889,0.418418,0.179684,0.338468,0.482088,0.182736,0.154467,0.259575,0.209677,0.368707,0.264833,0.176492,0.388669,0.514316,0.524147
0.298651,0.033608,0.738810,0.000000,0.603511,0.163285,-0.213180,0.076586,0.134829,0.349989,0.382956,0.281394,0.017536,0.314397,0.107512,0.390811,0.358333,0.464753,0.387759,0.488281,0.289059,0.543391,0.288933,0.465744,0.514188,0.246172,0.217177,0.313540,0.232119,0.400081,0.366759,0.291270,0.434016,0.523874,0.550591
0.224970,-0.012760,0.526294,0.603511,0.000000,0.057278,-0.015212,0.029757,0.140797,0.306662,0.411995,0.283289,-0.005591,0.286560,0.123899,0.348633,0.273428,0.510333,0.345734,0.487496,0.184193,0.436245,0.151061,0.301366,0.382039,0.104483,0.082766,0.262342,0.124392,0.415695,0.346202,0.209435,0.359402,0.520416,0.546437
-0.019348,-0.190333,0.119416,0.163285,0.057278,0.000000,0.029886,0.191161,-0.016491,-0.037224,0.044994,-0.036091,-0.170314,0.252838,-0.040322,0.365785,0.347717,-0.237711,-0.141607,-0.168915,-0.049064,0.028996,0.038471,0.080957,-0.036833,0.085441,0.032299,-0.029237,0.062252,-0.003360,-0.015581,0.211079,0.089741,0.022861,0.065987
-0.111106,-0.001497,-0.119324,-0.213180,-0.015212,0.029886,0.000000,-0.003570,0.082270,-0.075150,-0.039486,-0.034325,-0.017416,-0.139336,0.002201,-0.138347,-0.108101,-0.124303,-0.058262,-0.165583,-0.067879,-0.163815,-0.109922,-0.177219,-0.205206,-0.101388,-0.072900,-0.109905,-0.162561,-0.132588,-0.100220,-0.078827,-0.196327,-0.139767,-0.138457
0.010781,0.037599,0.094331,0.076586,0.029757,0.191161,-0.003570,0.000000,-0.220867,-0.038325,0.028542,0.033563,0.146232,0.083408,-0.083224,0.230820,-0.024338,-0.047600,-0.071230,0.045228,0.041096,0.161708,0.039895,0.207943,0.058726,0.149565,0.225156,-0.086649,0.131762,-0.026460,0.069882,-0.001585,0.082068,0.179450,0.142843
0.235405,0.249525,0.066001,0.134829,0.140797,-0.016491,0.082270,-0.220867,0.000000,0.498135,0.601415,0.420926,0.120331,0.376084,0.494837,0.286893,0.154504,0.116161,-0.016714,0.115008,0.112072,0.228739,0.114486,0.143548,0.098960,0.014623,0.009338,0.315257,0.153263,0.318348,0.396642,0.353858,0.107529,-0.039396,-0.001984
0.385568,0.120544,0.346126,0.349989,0.306662,-0.037224,-0.075150,-0.038325,0.498135,0.000000,0.609211,0.598857,0.432565,0.286948,0.221619,0.219030,0.200932,0.230173,0.071543,0.256597,0.072439,0.451548,0.063846,0.331121,0.113026,0.353733,0.306000,0.322256,0.322059,0.403064,0.252313,0.298985,0.242686,0.339066,0.337508
0.498951,0.233564,0.337295,0.382956,0.411995,0.044994,-0.039486,0.028542,0.601415,0.609211,0.000000,0.555899,0.341028,0.504211,0.274221,0.487299,0.263164,0.318149,0.088644,0.422766,0.132396,0.549801,0.165483,0.453266,0.298515,0.247127,0.186185,0.344654,0.273616,0.647226,0.597194,0.429077,0.366400,0.400626,0.421480
0.607618,0.521564,0.201026,0.281394,0.283289,-0.036091,-0.034325,0.033563,0.420926,0.598857,0.555899,0.000000,0.266112,0.108328,0.438946,0.230982,0.189281,0.252112,0.175662,0.306805,0.107310,0.458374,0.219379,0.408210,0.178960,0.256791,0.195774,0.066325,0.127640,0.393283,0.430836,0.368892,0.140659,0.257885,0.244065
0.218785,0.113503,0.075516,0.017536,-0.005591,-0.170314,-0.017416,0.146232,0.120331,0.432565,0.341028,0.266112,0.000000,0.014161,-0.129538,-0.067711,-0.110714,0.024112,-0.106648,0.022377,0.015340,0.264361,-0.119129,0.250128,-0.025179,0.257205,0.269953,0.124489,0.188461,0.254855,0.144148,0.077040,0.158409,0.125008,0.102638
0.189070,-0.047613,0.267188,0.314397,0.286560,0.252838,-0.139336,0.083408,0.376084,0.286948,0.504211,0.108328,0.014161,0.000000,0.366770,0.664600,0.502094,0.150980,-0.007269,0.308625,0.156487,0.341801,0.260268,0.311578,0.339441,0.159585,0.091166,0.440827,0.395264,0.394073,0.484311,0.360252,0.460077,0.340372,0.387736
0.349085,0.483275,-0.021882,0.107512,0.123899,-0.040322,0.002201,-0.083224,0.494837,0.221619,0.274221,0.438946,-0.129538,0.366770,0.000000,0.334710,0.254043,0.096803,0.034588,0.136810,0.100381,0.261757,0.315952,0.256452,0.144326,0.031958,-0.011291,0.192012,0.087060,0.170495,0.472365,0.206068,0.131405,-0.028434,-0.006658
0.298223,0.079327,0.285860,0.390811,0.348633,0.365785,-0.138347,0.230820,0.286893,0.219030,0.487299,0.230982,-0.067711,0.664600,0.334710,0.000000,0.573847,0.189879,0.082412,0.368129,0.093432,0.489517,0.381218,0.477433,0.306173,0.239221,0.237769,0.210761,0.194297,0.329850,0.479995,0.409312,0.344456,0.403857,0.435284
0.277329,0.090491,0.252939,0.358333,0.273428,0.347717,-0.108101,-0.024338,0.154504,0.200932,0.263164,0.189281,-0.110714,0.502094,0.254043,0.573847,0.000000,0.141118,0.095676,0.287261,0.056067,0.397168,0.445140,0.377221,0.193054,0.366415,0.306138,0.186303,0.089989,0.285662,0.349670,0.287890,0.272247,0.362691,0.410187
0.210745,0.084770,0.466673,0.464753,0.510333,-0.237711,-0.124303,-0.047600,0.116161,0.230173,0.318149,0.252112,0.024112,0.150980,0.096803,0.189879,0.141118,0.000000,0.629739,0.832093,0.225934,0.283591,0.194110,0.195845,0.500070,0.033150,0.038287,0.197703,0.007858,0.325373,0.286837,0.108309,0.265880,0.429696,0.457474
0.184075,0.119360,0.345366,0.387759,0.345734,-0.141607,-0.058262,-0.071230,-0.016714,0.071543,0.088644,0.175662,-0.106648,-0.007269,0.034588,0.082412,0.095676,0.629739,0.000000,0.559696,0.134619,0.210096,0.293058,0.132504,0.304840,0.056988,0.061535,0.053439,-0.077573,0.103151,0.092906,0.029086,0.107185,0.229638,0.235289
0.350599,0.115377,0.463520,0.488281,0.487496,-0.168915,-0.165583,0.045228,0.115008,0.256597,0.422766,0.306805,0.022377,0.308625,0.136810,0.368129,0.287261,0.832093,0.559696,0.000000,0.165397,0.403458,0.289138,0.338597,0.533080,0.120708,0.096777,0.184007,0.087399,0.388143,0.393500,0.196048,0.315011,0.552839,0.560206
0.054944,0.060098,0.309889,0.289059,0.184193,-0.049064,-0.067879,0.041096,0.112072,0.072439,0.132396,0.107310,0.015340,0.156487,0.100381,0.093432,0.056067,0.225934,0.134619,0.165397,0.000000,0.158149,0.256290,0.156363,0.403056,-0.012335,-0.007200,0.387779,0.202704,0.248335,0.203789,0.090245,0.261636,0.113158,0.133160
0.679758,0.403647,0.418418,0.543391,0.436245,0.028996,-0.163815,0.161708,0.228739,0.451548,0.549801,0.458374,0.264361,0.341801,0.261757,0.489517,0.397168,0.283591,0.210096,0.403458,0.158149,0.000000,0.445859,0.871236,0.385851,0.600706,0.572954,0.367476,0.327927,0.576058,0.537032,0.374432,0.487359,0.551748,0.558557
0.311431,0.300134,0.179684,0.288933,0.151061,0.038471,-0.109922,0.039895,0.114486,0.063846,0.165483,0.219379,-0.119129,0.260268,0.315952,0.381218,0.445140,0.194110,0.293058,0.289138,0.256290,0.445859,0.000000,0.451110,0.287913,0.336696,0.292118,0.132327,0.142048,0.235452,0.279586,0.296548,0.235453,0.264522,0.272208
0.643906,0.487097,0.338468,0.465744,0.301366,0.080957,-0.177219,0.207943,0.143548,0.331121,0.453266,0.408210,0.250128,0.311578,0.256452,0.477433,0.377221,0.195845,0.132504,0.338597,0.156363,0.871236,0.451110,0.000000,0.377435,0.586193,0.569411,0.298053,0.337237,0.506792,0.549256,0.359191,0.485804,0.491809,0.498482
0.239436,0.092607,0.482088,0.514188,0.382039,-0.036833,-0.205206,0.058726,0.098960,0.113026,0.298515,0.178960,-0.025179,0.339441,0.144326,0.306173,0.193054,0.500070,0.304840,0.533080,0.403056,0.385851,0.287913,0.377435,0.000000,0.108984,0.111879,0.385853,0.319810,0.455626,0.475723,0.342384,0.514411,0.425365,0.476330
0.521285,0.314725,0.182736,0.246172,0.104483,0.085441,-0.101388,0.149565,0.014623,0.353733,0.247127,0.256791,0.257205,0.159585,0.031958,0.239221,0.366415,0.033150,0.056988,0.120708,-0.012335,0.600706,0.336696,0.586193,0.108984,0.000000,0.788009,0.202488,0.406323,0.301381,0.200893,0.307386,0.301172,0.437438,0.420000
0.424754,0.289208,0.154467,0.217177,0.082766,0.032299,-0.072900,0.225156,0.009338,0.306000,0.186185,0.195774,0.269953,0.091166,-0.011291,0.237769,0.306138,0.038287,0.061535,0.096777,-0.007200,0.572954,0.292118,0.569411,0.111879,0.788009,0.000000,0.162789,0.318797,0.230410,0.153585,0.282946,0.277203,0.394521,0.385914
0.156344,0.003237,0.259575,0.313540,0.262342,-0.029237,-0.109905,-0.086649,0.315257,0.322256,0.344654,0.066325,0.124489,0.440827,0.192012,0.210761,0.186303,0.197703,0.053439,0.184007,0.387779,0.367476,0.132327,0.298053,0.385853,0.202488,0.162789,0.000000,0.552377,0.468126,0.424991,0.278329,0.603212,0.183906,0.245437
0.219522,0.047174,0.209677,0.232119,0.124392,0.062252,-0.162561,0.131762,0.153263,0.322059,0.273616,0.127640,0.188461,0.395264,0.087060,0.194297,0.089989,0.007858,-0.077573,0.087399,0.202704,0.327927,0.142048,0.337237,0.319810,0.406323,0.318797,0.552377,0.000000,0.417007,0.355200,0.408570,0.569951,0.266740,0.291625
0.568774,0.305882,0.368707,0.400081,0.415695,-0.003360,-0.132588,-0.026460,0.318348,0.403064,0.647226,0.393283,0.254855,0.394073,0.170495,0.329850,0.285662,0.325373,0.103151,0.388143,0.248335,0.576058,0.235452,0.506792,0.455626,0.301381,0.230410,0.468126,0.417007,0.000000,0.723992,0.364209,0.634190,0.516542,0.557471
0.526287,0.457420,0.264833,0.366759,0.346202,-0.015581,-0.100220,0.069882,0.396642,0.252313,0.597194,0.430836,0.144148,0.484311,0.472365,0.479995,0.349670,0.286837,0.092906,0.393500,0.203789,0.537032,0.279586,0.549256,0.475723,0.200893,0.153585,0.424991,0.355200,0.723992,0.000000,0.406848,0.569705,0.318885,0.377414
0.333340,0.094704,0.176492,0.291270,0.209435,0.211079,-0.078827,-0.001585,0.353858,0.298985,0.429077,0.368892,0.077040,0.360252,0.206068,0.409312,0.287890,0.108309,0.029086,0.196048,0.090245,0.374432,0.296548,0.359191,0.342384,0.307386,0.282946,0.278329,0.408570,0.364209,0.406848,0.000000,0.369825,0.295815,0.334753
0.308777,0.080714,0.388669,0.434016,0.359402,0.089741,-0.196327,0.082068,0.107529,0.242686,0.366400,0.140659,0.158409,0.460077,0.131405,0.344456,0.272247,0.265880,0.107185,0.315011,0.261636,0.487359,0.235453,0.485804,0.514411,0.301172,0.277203,0.603212,0.569951,0.634190,0.569705,0.369825,0.000000,0.451670,0.516447
0.457515,0.075533,0.514316,0.523874,0.520416,0.022861,-0.139767,0.179450,-0.039396,0.339066,0.400626,0.257885,0.125008,0.340372,-0.028434,0.403857,0.362691,0.429696,0.229638,0.552839,0.113158,0.551748,0.264522,0.491809,0.425365,0.437438,0.394521,0.183906,0.266740,0.516542,0.318885,0.295815,0.451670,0.000000,0.920180
0.450305,0.065287,0.524147,0.550591,0.546437,0.065987,-0.138457,0.142843,-0.001984,0.337508,0.421480,0.244065,0.102638,0.387736,-0.006658,0.435284,0.410187,0.457474,0.235289,0.560206,0.133160,0.558557,0.272208,0.498482,0.476330,0.420000,0.385914,0.245437,0.291625,0.557471,0.377414,0.334753,0.516447,0.920180,0.000000
