0.000000,0.716098,-0.071353,-0.113099,-0.098508,-0.171707,0.063574,-0.078279,0.023998,0.061357,0.315328,0.268957,0.145664,0.053744,0.291037,-0.009312,-0.116422,-0.138699,-0.178025,-0.044957,-0.073079,0.219580,-0.039981,0.176191,-0.020643,0.026000,0.075070,-0.099601,0.128373,0.177829,0.317953,0.178116,0.034201,0.036879,0.021027
0.716098,0.000000,-0.042226,-0.115300,-0.254344,-0.146167,0.057262,-0.083708,0.173316,0.226140,0.312501,0.242664,0.143309,0.144189,0.442814,0.018462,-0.093403,-0.067672,-0.163788,0.010616,0.078980,0.301725,-0.009497,0.336800,-0.074341,-0.010048,0.058839,-0.080482,0.124535,0.035335,0.298480,0.199996,-0.021345,0.028046,0.000035
-0.071353,-0.042226,0.000000,0.736881,0.189762,0.142007,-0.033236,0.213950,-0.033162,0.076308,0.224756,-0.068940,-0.003012,0.155608,0.164023,0.092980,0.038800,0.190278,0.123820,0.021709,0.313285,0.033261,-0.107666,0.086111,0.211427,0.131500,0.164877,0.281625,0.098900,0.046191,0.170168,0.140589,0.301417,0.190035,0.203170
-0.113099,-0.115300,0.736881,0.000000,0.311477,0.164049,-0.019155,0.170817,-0.004050,0.109164,0.215295,-0.061406,-0.070717,0.185283,0.164556,0.144520,0.149004,0.347895,0.266552,0.172676,0.374006,-0.016414,-0.002311,0.011489,0.361562,0.115220,0.160171,0.368264,0.171758,0.145909,0.126507,0.096211,0.258661,0.297592,0.318249
-0.098508,-0.254344,0.189762,0.311477,0.000000,0.058387,0.012533,0.030357,-0.084803,0.084412,0.187574,0.160584,-0.096087,0.128150,-0.024347,0.246151,0.209689,0.069169,0.000066,0.119881,0.045123,0.101556,0.198784,0.066382,0.117927,0.154162,0.058084,0.028016,0.108816,0.266163,0.138693,0.152305,0.057617,0.195608,0.210405
-0.171707,-0.146167,0.142007,0.164049,0.058387,0.000000,-0.059522,0.343519,-0.109614,-0.061820,-0.099183,-0.216964,-0.136292,0.154371,0.038059,0.051321,0.077881,0.104745,0.055455,0.048005,0.101032,-0.104217,-0.130107,-0.113028,0.068859,0.146845,0.015314,0.058982,0.096948,-0.188370,-0.225495,-0.069811,-0.061959,-0.004206,-0.051477
0.063574,0.057262,-0.033236,-0.019155,0.012533,-0.059522,0.000000,-0.177744,-0.210992,-0.061875,-0.055502,-0.095644,-0.078919,-0.174304,0.064496,-0.061757,-0.027205,0.163201,0.111943,0.113018,0.007111,-0.116721,0.111122,-0.083791,0.146697,-0.195063,-0.232232,0.105476,-0.260245,0.044624,0.019385,-0.111051,0.129905,-0.156175,-0.134599
-0.078279,-0.083708,0.213950,0.170817,0.030357,0.343519,-0.177744,0.000000,-0.142608,-0.187726,-0.028592,-0.120902,-0.075115,0.124990,-0.025775,0.100505,-0.167553,-0.083131,0.036637,-0.045361,0.037360,-0.106040,-0.098008,-0.113289,0.144782,0.110375,0.222537,0.091083,-0.030786,0.044025,-0.054617,-0.063306,0.074582,-0.031875,-0.016765
0.023998,0.173316,-0.033162,-0.004050,-0.084803,-0.109614,-0.210992,-0.142608,0.000000,0.512861,0.329696,0.335376,0.328566,0.269675,0.207953,0.042360,-0.041759,0.093985,0.062513,0.073970,0.226195,0.275182,0.067966,0.225470,-0.041449,0.099753,0.172300,0.001890,0.281524,0.170194,0.259326,0.169069,0.040432,0.044387,0.097560
0.061357,0.226140,0.076308,0.109164,0.084412,-0.061820,-0.061875,-0.187726,0.512861,0.000000,0.375833,0.418531,0.241371,0.371076,0.438421,0.219544,0.279485,0.120181,-0.034115,0.130797,0.231625,0.280894,0.181884,0.257322,-0.020452,-0.099728,0.064419,-0.040208,0.256921,0.112567,0.278397,0.244243,-0.024798,0.107268,0.109948
0.315328,0.312501,0.224756,0.215295,0.187574,-0.099183,-0.055502,-0.028592,0.329696,0.375833,0.000000,0.426229,0.296224,0.260724,0.254243,0.213157,0.008681,0.166508,0.020603,0.147398,0.144120,0.281778,0.053027,0.244500,0.115293,0.011053,0.120071,0.081771,0.260591,0.416256,0.525935,0.189767,0.191545,0.283930,0.312932
0.268957,0.242664,-0.068940,-0.061406,0.160584,-0.216964,-0.095644,-0.120902,0.335376,0.418531,0.426229,0.000000,0.367243,0.141207,0.166642,0.095195,0.006988,-0.028654,-0.059776,0.069389,-0.000656,0.434441,0.296946,0.398244,0.123772,0.078876,0.183964,-0.194470,0.175031,0.227492,0.331534,0.236505,-0.001914,0.141146,0.152385
0.145664,0.143309,-0.003012,-0.070717,-0.096087,-0.136292,-0.078919,-0.075115,0.328566,0.241371,0.296224,0.367243,0.000000,0.097766,-0.017357,-0.072464,-0.118574,-0.055140,-0.052508,-0.085353,0.064172,0.074821,0.055828,0.042529,-0.039681,-0.019268,0.113840,-0.015778,0.104615,0.133360,0.351079,0.214676,0.112382,-0.149835,-0.170712
0.053744,0.144189,0.155608,0.185283,0.128150,0.154371,-0.174304,0.124990,0.269675,0.371076,0.260724,0.141207,0.097766,0.000000,0.438119,0.544753,0.284023,-0.074133,-0.169471,0.053600,0.222123,0.220751,0.170584,0.216863,-0.026661,-0.074364,-0.035999,-0.066997,0.125190,0.062898,0.185884,-0.019472,-0.036834,0.103840,0.075695
0.291037,0.442814,0.164023,0.164556,-0.024347,0.038059,0.064496,-0.025775,0.207953,0.438421,0.254243,0.166642,-0.017357,0.438119,0.000000,0.268735,0.155705,0.097700,-0.015154,0.123915,0.368543,0.379654,0.218226,0.350747,0.140171,-0.059204,-0.007954,0.128580,0.154897,0.097047,0.293481,0.138841,0.053336,0.063321,0.045304
-0.009312,0.018462,0.092980,0.144520,0.246151,0.051321,-0.061757,0.100505,0.042360,0.219544,0.213157,0.095195,-0.072464,0.544753,0.268735,0.000000,0.346174,0.099327,-0.096387,0.262631,0.052519,0.126893,0.212570,0.133541,-0.046990,-0.070174,0.033566,-0.067400,-0.015044,0.177650,0.155885,-0.066245,-0.114424,0.193889,0.174540
-0.116422,-0.093403,0.038800,0.149004,0.209689,0.077881,-0.027205,-0.167553,-0.041759,0.279485,0.008681,0.006988,-0.118574,0.284023,0.155705,0.346174,0.000000,0.194396,0.060821,0.252441,0.064290,0.050851,0.235315,0.083797,0.074894,-0.159299,-0.142134,0.035462,0.129738,0.047715,0.139314,0.127567,-0.133752,0.198394,0.127702
-0.138699,-0.067672,0.190278,0.347895,0.069169,0.104745,0.163201,-0.083131,0.093985,0.120181,0.166508,-0.028654,-0.055140,-0.074133,0.097700,0.099327,0.194396,0.000000,0.686085,0.715610,0.335372,-0.051522,0.148972,-0.068436,0.375535,0.160630,0.170980,0.467602,0.054142,0.160516,0.081611,0.091661,0.186270,0.227465,0.238714
-0.178025,-0.163788,0.123820,0.266552,0.000066,0.055455,0.111943,0.036637,0.062513,-0.034115,0.020603,-0.059776,-0.052508,-0.169471,-0.015154,-0.096387,0.060821,0.686085,0.000000,0.483706,0.267711,-0.144553,0.076064,-0.169928,0.456364,0.202378,0.222218,0.510759,-0.020214,0.114479,-0.022230,0.040029,0.274864,0.081900,0.151108
-0.044957,0.010616,0.021709,0.172676,0.119881,0.048005,0.113018,-0.045361,0.073970,0.130797,0.147398,0.069389,-0.085353,0.053600,0.123915,0.262631,0.252441,0.715610,0.483706,0.000000,0.181220,0.005025,0.258037,-0.026381,0.256589,0.109304,0.136789,0.271522,0.080239,0.230361,0.136863,0.101608,0.072239,0.321634,0.279338
-0.073079,0.078980,0.313285,0.374006,0.045123,0.101032,0.007111,0.037360,0.226195,0.231625,0.144120,-0.000656,0.064172,0.222123,0.368543,0.052519,0.064290,0.335372,0.267711,0.181220,0.000000,0.225974,0.331596,0.275428,0.422914,-0.087461,-0.055612,0.364485,0.078915,0.093013,0.228153,0.086654,0.175060,0.099561,0.074144
0.219580,0.301725,0.033261,-0.016414,0.101556,-0.104217,-0.116721,-0.106040,0.275182,0.280894,0.281778,0.434441,0.074821,0.220751,0.379654,0.126893,0.050851,-0.051522,-0.144553,0.005025,0.225974,0.000000,0.422297,0.831179,0.026427,0.138460,0.072997,-0.226944,0.110733,0.084151,0.258463,0.096175,-0.107415,0.082229,0.080252
-0.039981,-0.009497,-0.107666,-0.002311,0.198784,-0.130107,0.111122,-0.098008,0.067966,0.181884,0.053027,0.296946,0.055828,0.170584,0.218226,0.212570,0.235315,0.148972,0.076064,0.258037,0.331596,0.422297,0.000000,0.426158,0.369331,-0.139096,-0.111516,-0.099355,-0.029499,0.187177,0.159504,0.000950,-0.156115,0.102869,0.067128
0.176191,0.336800,0.086111,0.011489,0.066382,-0.113028,-0.083791,-0.113289,0.225470,0.257322,0.244500,0.398244,0.042529,0.216863,0.350747,0.133541,0.083797,-0.068436,-0.169928,-0.026381,0.275428,0.831179,0.426158,0.000000,0.036759,0.060147,0.014609,-0.221709,0.090794,0.044516,0.282072,0.137944,-0.102814,0.093219,0.075338
-0.020643,-0.074341,0.211427,0.361562,0.117927,0.068859,0.146697,0.144782,-0.041449,-0.020452,0.115293,0.123772,-0.039681,-0.026661,0.140171,-0.046990,0.074894,0.375535,0.456364,0.256589,0.422914,0.026427,0.369331,0.036759,0.000000,-0.029724,-0.007383,0.411336,0.095343,0.250341,0.191962,0.119436,0.271923,0.195729,0.217970
0.026000,-0.010048,0.131500,0.115220,0.154162,0.146845,-0.195063,0.110375,0.099753,-0.099728,0.011053,0.078876,-0.019268,-0.074364,-0.059204,-0.070174,-0.159299,0.160630,0.202378,0.109304,-0.087461,0.138460,-0.139096,0.060147,-0.029724,0.000000,0.634926,0.148793,0.228230,-0.059148,-0.123339,0.108297,0.103055,0.100586,0.186661
0.075070,0.058839,0.164877,0.160171,0.058084,0.015314,-0.232232,0.222537,0.172300,0.064419,0.120071,0.183964,0.113840,-0.035999,-0.007954,0.033566,-0.142134,0.170980,0.222218,0.136789,-0.055612,0.072997,-0.111516,0.014609,-0.007383,0.634926,0.000000,0.171328,0.222187,0.055727,-0.002870,0.213168,0.211753,0.135191,0.228149
-0.099601,-0.080482,0.281625,0.368264,0.028016,0.058982,0.105476,0.091083,0.001890,-0.040208,0.081771,-0.194470,-0.015778,-0.066997,0.128580,-0.067400,0.035462,0.467602,0.510759,0.271522,0.364485,-0.226944,-0.099355,-0.221709,0.411336,0.148793,0.171328,0.000000,0.128996,0.289949,0.213825,0.195290,0.549836,0.079603,0.136658
0.128373,0.124535,0.098900,0.171758,0.108816,0.096948,-0.260245,-0.030786,0.281524,0.256921,0.260591,0.175031,0.104615,0.125190,0.154897,-0.015044,0.129738,0.054142,-0.020214,0.080239,0.078915,0.110733,-0.029499,0.090794,0.095343,0.228230,0.222187,0.128996,0.000000,0.294463,0.283126,0.514315,0.044463,0.246634,0.238793
0.177829,0.035335,0.046191,0.145909,0.266163,-0.188370,0.044624,0.044025,0.170194,0.112567,0.416256,0.227492,0.133360,0.062898,0.097047,0.177650,0.047715,0.160516,0.114479,0.230361,0.093013,0.084151,0.187177,0.044516,0.250341,-0.059148,0.055727,0.289949,0.294463,0.000000,0.583898,0.303509,0.320107,0.155175,0.178575
0.317953,0.298480,0.170168,0.126507,0.138693,-0.225495,0.019385,-0.054617,0.259326,0.278397,0.525935,0.331534,0.351079,0.185884,0.293481,0.155885,0.139314,0.081611,-0.022230,0.136863,0.228153,0.258463,0.159504,0.282072,0.191962,-0.123339,-0.002870,0.213825,0.283126,0.583898,0.000000,0.511349,0.383776,0.175350,0.147955
0.178116,0.199996,0.140589,0.096211,0.152305,-0.069811,-0.111051,-0.063306,0.169069,0.244243,0.189767,0.236505,0.214676,-0.019472,0.138841,-0.066245,0.127567,0.091661,0.040029,0.101608,0.086654,0.096175,0.000950,0.137944,0.119436,0.108297,0.213168,0.195290,0.514315,0.303509,0.511349,0.000000,0.309926,0.095749,0.066815
0.034201,-0.021345,0.301417,0.258661,0.057617,-0.061959,0.129905,0.074582,0.040432,-0.024798,0.191545,-0.001914,0.112382,-0.036834,0.053336,-0.114424,-0.133752,0.186270,0.274864,0.072239,0.175060,-0.107415,-0.156115,-0.102814,0.271923,0.103055,0.211753,0.549836,0.044463,0.320107,0.383776,0.309926,0.000000,0.076915,0.144142
0.036879,0.028046,0.190035,0.297592,0.195608,-0.004206,-0.156175,-0.031875,0.044387,0.107268,0.283930,0.141146,-0.149835,0.103840,0.063321,0.193889,0.198394,0.227465,0.081900,0.321634,0.099561,0.082229,0.102869,0.093219,0.195729,0.100586,0.135191,0.079603,0.246634,0.155175,0.175350,0.095749,0.076915,0.000000,0.833059
0.021027,0.000035,0.203170,0.318249,0.210405,-0.051477,-0.134599,-0.016765,0.097560,0.109948,0.312932,0.152385,-0.170712,0.075695,0.045304,0.174540,0.127702,0.238714,0.151108,0.279338,0.074144,0.080252,0.067128,0.075338,0.217970,0.186661,0.228149,0.136658,0.238793,0.178575,0.147955,0.066815,0.144142,0.833059,0.000000
