0.000000,0.825731,0.044441,-0.026224,0.186212,0.026984,0.040990,0.086820,-0.117935,0.125780,0.257591,0.237542,0.079038,-0.151295,0.216708,-0.038757,-0.003617,0.059342,0.130431,0.178818,0.132965,0.581156,0.179136,0.491902,0.107262,0.428559,0.406136,0.286455,0.265345,0.230343,0.227782,0.251591,0.324923,0.254833,0.266721
0.825731,0.000000,0.045871,-0.052426,0.149815,0.015713,0.020768,0.059993,-0.173770,0.136441,0.278820,0.289168,0.096725,-0.068898,0.244844,0.042993,0.005929,-0.010277,0.082321,0.125953,0.106665,0.459091,0.171343,0.560161,0.057771,0.394272,0.437342,0.262520,0.234054,0.171808,0.254285,0.308835,0.325878,0.215843,0.232884
0.044441,0.045871,0.000000,0.747733,0.365877,0.166799,0.238479,0.259011,0.182750,0.332239,0.267683,0.276696,-0.068332,0.217102,0.134539,0.296242,0.365486,0.422223,0.262549,0.549386,0.510198,0.296778,0.504907,0.269299,0.434735,0.265934,0.274869,0.292369,0.252132,0.282973,0.334237,0.230102,0.233721,0.308135,0.294911
-0.026224,-0.052426,0.747733,0.000000,0.395593,0.209549,0.275356,0.196995,0.161493,0.300604,0.207858,0.172582,-0.129402,0.323738,0.162775,0.380307,0.400024,0.417560,0.300895,0.550608,0.352360,0.223080,0.405016,0.139650,0.328896,0.263975,0.326767,0.170082,0.287690,0.247380,0.258821,0.218021,0.150752,0.297905,0.289055
0.186212,0.149815,0.365877,0.395593,0.000000,0.229076,0.151012,0.248184,0.035534,0.211529,0.404381,0.136378,-0.163013,0.262684,0.206058,0.341880,0.242261,0.181439,0.130692,0.382653,0.270315,0.391780,0.302522,0.313484,0.255093,0.336497,0.342656,0.348229,0.282725,0.263321,0.145539,0.097556,0.264582,0.359648,0.348944
0.026984,0.015713,0.166799,0.209549,0.229076,0.000000,0.295927,0.376847,-0.079525,0.034391,0.031133,0.019846,-0.219362,0.229174,0.028897,0.313358,0.501234,-0.004413,-0.005369,0.173856,0.171318,0.360443,0.305848,0.350289,0.210783,0.397142,0.282137,0.082290,0.075011,-0.027819,-0.015216,0.102444,0.068460,0.143257,0.165253
0.040990,0.020768,0.238479,0.275356,0.151012,0.295927,0.000000,0.055696,-0.039671,0.018690,0.070370,0.077878,-0.054812,-0.006035,-0.076547,0.018906,0.224275,0.274591,0.311180,0.243476,0.245275,0.226639,0.243625,0.240356,0.247125,0.206057,0.176059,-0.090402,0.016431,-0.048238,-0.010017,0.043235,0.003013,0.096989,0.117653
0.086820,0.059993,0.259011,0.196995,0.248184,0.376847,0.055696,0.000000,-0.018521,0.041531,0.055291,0.035903,-0.123300,0.142947,0.038091,0.234403,0.351752,0.061168,0.014359,0.225272,0.200660,0.362460,0.288345,0.292795,0.209475,0.374697,0.268662,0.102683,0.177957,0.016577,0.061206,0.241103,0.095571,0.243105,0.256720
-0.117935,-0.173770,0.182750,0.161493,0.035534,-0.079525,-0.039671,-0.018521,0.000000,0.703466,0.361701,0.412692,0.383367,0.160197,0.142739,0.169415,0.192291,0.109238,0.049804,0.037852,0.059736,-0.098016,0.100117,-0.245394,0.139483,0.099251,0.147030,-0.094288,-0.027987,0.100301,-0.009378,-0.157830,-0.243992,-0.017708,-0.015151
0.125780,0.136441,0.332239,0.300604,0.211529,0.034391,0.018690,0.041531,0.703466,0.000000,0.525545,0.667399,0.265919,0.244089,0.347995,0.340310,0.370938,0.161449,0.134137,0.212155,0.171571,0.126652,0.285982,-0.019086,0.188657,0.341985,0.397156,0.034845,0.104764,0.162558,0.049986,-0.051532,-0.121674,0.124175,0.118432
0.257591,0.278820,0.267683,0.207858,0.404381,0.031133,0.070370,0.055291,0.361701,0.525545,0.000000,0.588908,0.349150,0.137658,0.151783,0.277980,0.140430,0.119426,0.057451,0.235053,0.213739,0.235679,0.197104,0.164088,0.173888,0.268968,0.329195,0.360699,0.169332,0.331239,0.185883,-0.071752,0.120121,0.415252,0.446633
0.237542,0.289168,0.276696,0.172582,0.136378,0.019846,0.077878,0.035903,0.412692,0.667399,0.588908,0.000000,0.458540,-0.016458,0.148014,0.106092,0.187134,0.129978,0.079361,0.102037,0.202708,0.161945,0.253129,0.134890,0.189967,0.238541,0.301048,0.155484,-0.064096,0.064041,0.048251,-0.046613,-0.009840,0.079767,0.122174
0.079038,0.096725,-0.068332,-0.129402,-0.163013,-0.219362,-0.054812,-0.123300,0.383367,0.265919,0.349150,0.458540,0.000000,-0.245509,-0.180076,-0.243587,-0.200992,-0.117898,-0.201138,-0.222565,0.026553,-0.122847,-0.170584,-0.135475,-0.046969,0.054279,0.053177,0.173589,-0.081167,0.027525,0.010251,-0.129356,-0.045591,-0.174697,-0.137889
-0.151295,-0.068898,0.217102,0.323738,0.262684,0.229174,-0.006035,0.142947,0.160197,0.244089,0.137658,-0.016458,-0.245509,0.000000,0.581012,0.747130,0.519954,0.130215,0.105082,0.350756,0.164045,0.056764,0.294506,-0.002690,0.199314,0.160732,0.147197,0.130659,0.257386,0.276663,0.251460,0.139144,0.026991,0.234729,0.227430
0.216708,0.244844,0.134539,0.162775,0.206058,0.028897,-0.076547,0.038091,0.142739,0.347995,0.151783,0.148014,-0.180076,0.581012,0.000000,0.473939,0.354622,0.207581,0.224103,0.309665,0.069115,0.105578,0.257163,0.011228,0.120135,0.098355,0.104131,0.094846,0.167674,0.325885,0.209187,0.045579,0.068673,0.161251,0.151453
-0.038757,0.042993,0.296242,0.380307,0.341880,0.313358,0.018906,0.234403,0.169415,0.340310,0.277980,0.106092,-0.243587,0.747130,0.473939,0.000000,0.576252,0.141118,0.096275,0.368777,0.162730,0.186726,0.370131,0.115756,0.191651,0.310693,0.314006,0.042084,0.144487,0.192682,0.242615,0.123449,-0.043867,0.272782,0.265776
-0.003617,0.005929,0.365486,0.400024,0.242261,0.501234,0.224275,0.351752,0.192291,0.370938,0.140430,0.187134,-0.200992,0.519954,0.354622,0.576252,0.000000,0.267823,0.222058,0.412545,0.365987,0.334727,0.552282,0.293879,0.428653,0.357204,0.312653,0.019800,0.160567,0.048683,0.098165,0.175814,0.030350,0.217537,0.226820
0.059342,-0.010277,0.422223,0.417560,0.181439,-0.004413,0.274591,0.061168,0.109238,0.161449,0.119426,0.129978,-0.117898,0.130215,0.207581,0.141118,0.267823,0.000000,0.792610,0.740604,0.472248,0.179737,0.533539,0.124090,0.556427,0.158098,0.069784,-0.031878,0.070838,0.277429,0.301876,0.118115,0.094276,0.177452,0.164988
0.130431,0.082321,0.262549,0.300895,0.130692,-0.005369,0.311180,0.014359,0.049804,0.134137,0.057451,0.079361,-0.201138,0.105082,0.224103,0.096275,0.222058,0.792610,0.000000,0.602024,0.323042,0.207093,0.385366,0.158527,0.395323,0.153813,0.151266,-0.140697,0.106667,0.196862,0.209737,0.098014,0.092335,0.113398,0.089406
0.178818,0.125953,0.549386,0.550608,0.382653,0.173856,0.243476,0.225272,0.037852,0.212155,0.235053,0.102037,-0.222565,0.350756,0.309665,0.368777,0.412545,0.740604,0.602024,0.000000,0.439817,0.323973,0.548899,0.230128,0.415974,0.378805,0.283756,0.192372,0.331255,0.387633,0.363566,0.267006,0.233549,0.500866,0.485008
0.132965,0.106665,0.510198,0.352360,0.270315,0.171318,0.245275,0.200660,0.059736,0.171571,0.213739,0.202708,0.026553,0.164045,0.069115,0.162730,0.365987,0.472248,0.323042,0.439817,0.000000,0.440215,0.620971,0.447643,0.740753,0.304491,0.259476,0.417964,0.276517,0.274439,0.369855,0.293576,0.353934,0.290219,0.301137
0.581156,0.459091,0.296778,0.223080,0.391780,0.360443,0.226639,0.362460,-0.098016,0.126652,0.235679,0.161945,-0.122847,0.056764,0.105578,0.186726,0.334727,0.179737,0.207093,0.323973,0.440215,0.000000,0.534094,0.772425,0.443166,0.523446,0.507270,0.331897,0.304813,0.092890,0.184009,0.276778,0.335695,0.299778,0.335718
0.179136,0.171343,0.504907,0.405016,0.302522,0.305848,0.243625,0.288345,0.100117,0.285982,0.197104,0.253129,-0.170584,0.294506,0.257163,0.370131,0.552282,0.533539,0.385366,0.548899,0.620971,0.534094,0.000000,0.480313,0.709055,0.392478,0.369769,0.224789,0.257307,0.155925,0.293225,0.328664,0.211560,0.279532,0.308341
0.491902,0.560161,0.269299,0.139650,0.313484,0.350289,0.240356,0.292795,-0.245394,-0.019086,0.164088,0.134890,-0.135475,-0.002690,0.011228,0.115756,0.293879,0.124090,0.158527,0.230128,0.447643,0.772425,0.480313,0.000000,0.437261,0.434369,0.444736,0.311460,0.254347,0.030058,0.217533,0.381492,0.412961,0.244751,0.270820
0.107262,0.057771,0.434735,0.328896,0.255093,0.210783,0.247125,0.209475,0.139483,0.188657,0.173888,0.189967,-0.046969,0.199314,0.120135,0.191651,0.428653,0.556427,0.395323,0.415974,0.740753,0.443166,0.709055,0.437261,0.000000,0.232213,0.184177,0.254829,0.150959,0.204599,0.361054,0.259145,0.277708,0.147320,0.173905
0.428559,0.394272,0.265934,0.263975,0.336497,0.397142,0.206057,0.374697,0.099251,0.341985,0.268968,0.238541,0.054279,0.160732,0.098355,0.310693,0.357204,0.158098,0.153813,0.378805,0.304491,0.523446,0.392478,0.434369,0.232213,0.000000,0.791749,0.201175,0.385972,0.091607,0.130069,0.343051,0.175070,0.334761,0.335983
0.406136,0.437342,0.274869,0.326767,0.342656,0.282137,0.176059,0.268662,0.147030,0.397156,0.329195,0.301048,0.053177,0.147197,0.104131,0.314006,0.312653,0.069784,0.151266,0.283756,0.259476,0.507270,0.369769,0.444736,0.184177,0.791749,0.000000,0.167757,0.420395,0.028862,0.067882,0.268043,0.164507,0.323609,0.323898
0.286455,0.262520,0.292369,0.170082,0.348229,0.082290,-0.090402,0.102683,-0.094288,0.034845,0.360699,0.155484,0.173589,0.130659,0.094846,0.042084,0.019800,-0.031878,-0.140697,0.192372,0.417964,0.331897,0.224789,0.311460,0.254829,0.201175,0.167757,0.000000,0.516558,0.515108,0.477414,0.313035,0.657312,0.385749,0.413141
0.265345,0.234054,0.252132,0.287690,0.282725,0.075011,0.016431,0.177957,-0.027987,0.104764,0.169332,-0.064096,-0.081167,0.257386,0.167674,0.144487,0.160567,0.070838,0.106667,0.331255,0.276517,0.304813,0.257307,0.254347,0.150959,0.385972,0.420395,0.516558,0.000000,0.534683,0.456948,0.598047,0.478783,0.418545,0.398968
0.230343,0.171808,0.282973,0.247380,0.263321,-0.027819,-0.048238,0.016577,0.100301,0.162558,0.331239,0.064041,0.027525,0.276663,0.325885,0.192682,0.048683,0.277429,0.196862,0.387633,0.274439,0.092890,0.155925,0.030058,0.204599,0.091607,0.028862,0.515108,0.534683,0.000000,0.739269,0.310951,0.503656,0.297079,0.281056
0.227782,0.254285,0.334237,0.258821,0.145539,-0.015216,-0.010017,0.061206,-0.009378,0.049986,0.185883,0.048251,0.010251,0.251460,0.209187,0.242615,0.098165,0.301876,0.209737,0.363566,0.369855,0.184009,0.293225,0.217533,0.361054,0.130069,0.067882,0.477414,0.456948,0.739269,0.000000,0.617558,0.577042,0.171694,0.197132
0.251591,0.308835,0.230102,0.218021,0.097556,0.102444,0.043235,0.241103,-0.157830,-0.051532,-0.071752,-0.046613,-0.129356,0.139144,0.045579,0.123449,0.175814,0.118115,0.098014,0.267006,0.293576,0.276778,0.328664,0.381492,0.259145,0.343051,0.268043,0.313035,0.598047,0.310951,0.617558,0.000000,0.459950,0.199186,0.222160
0.324923,0.325878,0.233721,0.150752,0.264582,0.068460,0.003013,0.095571,-0.243992,-0.121674,0.120121,-0.009840,-0.045591,0.026991,0.068673,-0.043867,0.030350,0.094276,0.092335,0.233549,0.353934,0.335695,0.211560,0.412961,0.277708,0.175070,0.164507,0.657312,0.478783,0.503656,0.577042,0.459950,0.000000,0.341742,0.350856
0.254833,0.215843,0.308135,0.297905,0.359648,0.143257,0.096989,0.243105,-0.017708,0.124175,0.415252,0.079767,-0.174697,0.234729,0.161251,0.272782,0.217537,0.177452,0.113398,0.500866,0.290219,0.299778,0.279532,0.244751,0.147320,0.334761,0.323609,0.385749,0.418545,0.297079,0.171694,0.199186,0.341742,0.000000,0.921987
0.266721,0.232884,0.294911,0.289055,0.348944,0.165253,0.117653,0.256720,-0.015151,0.118432,0.446633,0.122174,-0.137889,0.227430,0.151453,0.265776,0.226820,0.164988,0.089406,0.485008,0.301137,0.335718,0.308341,0.270820,0.173905,0.335983,0.323898,0.413141,0.398968,0.281056,0.197132,0.222160,0.350856,0.921987,0.000000
