0.000000,0.735652,0.265879,0.230706,0.230680,-0.012692,-0.015068,-0.166717,0.400872,0.492828,0.268117,0.517539,0.459406,0.049202,0.335313,0.129151,0.163801,0.248538,0.213068,0.253009,0.312642,0.650329,0.183537,0.460658,0.231161,0.440790,0.351651,0.367203,0.356130,0.341015,0.396223,0.356002,0.294827,0.334173,0.378917
0.735652,0.000000,0.346017,0.310470,0.173186,0.020045,0.023751,-0.092210,0.271956,0.409559,0.272315,0.483058,0.396169,0.218143,0.440968,0.298324,0.365175,0.344884,0.258770,0.386922,0.253158,0.525507,0.306743,0.615038,0.236544,0.409854,0.353414,0.305106,0.193589,0.185892,0.319807,0.245677,0.266089,0.363562,0.434427
0.265879,0.346017,0.000000,0.900097,0.595360,0.197987,-0.027269,-0.103628,0.080191,0.548228,0.285639,0.567224,0.140033,0.420159,0.551341,0.509010,0.474841,0.633113,0.624843,0.527038,0.500698,0.607583,0.388997,0.731876,0.538283,0.305578,0.327291,0.661662,0.332538,0.290417,0.404306,0.380744,0.552830,0.573970,0.661932
0.230706,0.310470,0.900097,0.000000,0.594859,0.181748,0.026427,-0.090560,0.063925,0.521702,0.293417,0.497027,0.128639,0.408165,0.533006,0.502169,0.423663,0.615749,0.570092,0.522012,0.450794,0.609290,0.380405,0.700362,0.542863,0.281288,0.302606,0.700488,0.359892,0.356491,0.440730,0.393261,0.582727,0.524796,0.635993
0.230680,0.173186,0.595360,0.594859,0.000000,0.085058,-0.056156,-0.048146,0.260717,0.500440,0.373723,0.474000,0.103609,0.297510,0.422084,0.364668,0.358278,0.408718,0.483848,0.335254,0.418541,0.554364,0.242466,0.476476,0.446877,0.265506,0.260041,0.622975,0.501489,0.438687,0.542210,0.512734,0.580762,0.324032,0.422154
-0.012692,0.020045,0.197987,0.181748,0.085058,0.000000,-0.110656,0.099976,-0.112203,-0.086146,-0.019601,0.084051,0.054628,-0.028853,-0.013142,0.095885,0.235076,0.351684,0.346109,0.269009,0.183109,0.166449,0.168647,0.208860,0.284381,0.272668,0.218104,0.055366,-0.024698,-0.146383,-0.064451,0.011267,0.022859,0.085420,0.121957
-0.015068,0.023751,-0.027269,0.026427,-0.056156,-0.110656,0.000000,-0.178442,-0.126476,-0.152287,-0.038965,-0.009301,0.025471,-0.205742,-0.092571,-0.111844,-0.212341,-0.298883,-0.344525,-0.274598,-0.153226,-0.103437,-0.144073,-0.033705,-0.126820,-0.360616,-0.342540,-0.106191,-0.175400,-0.104057,-0.118898,-0.168070,-0.118020,-0.337372,-0.282012
-0.166717,-0.092210,-0.103628,-0.090560,-0.048146,0.099976,-0.178442,0.000000,-0.184734,-0.206255,0.001695,-0.226602,-0.104186,0.030061,-0.161078,0.169238,0.155463,0.087095,0.027307,0.171561,-0.186057,-0.183653,0.056732,-0.118529,-0.063909,0.001760,0.065837,-0.188214,-0.215825,-0.201508,-0.160465,-0.203222,-0.154251,0.097732,0.119542
0.400872,0.271956,0.080191,0.063925,0.260717,-0.112203,-0.126476,-0.184734,0.000000,0.591390,0.258029,0.469124,0.404901,-0.038033,0.323545,-0.225499,-0.107958,-0.025738,0.059802,-0.111696,0.387682,0.379673,-0.199865,0.156321,0.127745,0.464174,0.374715,0.313638,0.490875,0.418668,0.344014,0.420415,0.170545,0.057318,0.057806
0.492828,0.409559,0.548228,0.521702,0.500440,-0.086146,-0.152287,-0.206255,0.591390,0.000000,0.390267,0.737576,0.313881,0.222560,0.593126,0.092491,0.127015,0.329298,0.386468,0.201222,0.560071,0.632585,0.039078,0.508718,0.373692,0.430514,0.405023,0.625523,0.565855,0.554172,0.516485,0.514078,0.447194,0.371594,0.424159
0.268117,0.272315,0.285639,0.293417,0.373723,-0.019601,-0.038965,0.001695,0.258029,0.390267,0.000000,0.300299,0.228168,-0.036507,0.278717,0.272679,0.143955,0.254583,0.231231,0.305682,0.258762,0.339358,0.136858,0.326629,0.135561,0.242304,0.206367,0.352389,0.183136,0.443280,0.405223,0.130054,0.288450,0.412096,0.414062
0.517539,0.483058,0.567224,0.497027,0.474000,0.084051,-0.009301,-0.226602,0.469124,0.737576,0.300299,0.000000,0.344059,0.095537,0.448273,0.054721,0.137947,0.370657,0.428262,0.238708,0.552508,0.627311,0.076535,0.591586,0.400491,0.481503,0.448441,0.544260,0.390350,0.341499,0.352941,0.407693,0.378493,0.330429,0.379119
0.459406,0.396169,0.140033,0.128639,0.103609,0.054628,0.025471,-0.104186,0.404901,0.313881,0.228168,0.344059,0.000000,-0.160805,0.121764,-0.002789,0.089653,0.217360,0.195951,0.183664,0.287474,0.416069,0.032196,0.348730,0.113741,0.443934,0.354566,0.237883,0.185835,0.202258,0.236067,0.225315,0.125705,0.219860,0.213508
0.049202,0.218143,0.420159,0.408165,0.297510,-0.028853,-0.205742,0.030061,-0.038033,0.222560,-0.036507,0.095537,-0.160805,0.000000,0.594179,0.656411,0.616342,0.336195,0.323618,0.324504,0.246084,0.309297,0.428074,0.399540,0.370403,0.060035,0.071831,0.392546,0.361010,0.202719,0.458174,0.433048,0.463680,0.251926,0.334184
0.335313,0.440968,0.551341,0.533006,0.422084,-0.013142,-0.092571,-0.161078,0.323545,0.593126,0.278717,0.448273,0.121764,0.594179,0.000000,0.393010,0.420819,0.367480,0.335637,0.282082,0.461015,0.576612,0.354455,0.566696,0.358761,0.225294,0.195921,0.548065,0.479908,0.453273,0.513086,0.444263,0.461033,0.356071,0.424948
0.129151,0.298324,0.509010,0.502169,0.364668,0.095885,-0.111844,0.169238,-0.225499,0.092491,0.272679,0.054721,-0.002789,0.656411,0.393010,0.000000,0.785790,0.499281,0.436981,0.598169,0.219331,0.348917,0.550724,0.487066,0.361744,0.111311,0.086583,0.395548,0.167689,0.139334,0.409355,0.263255,0.462465,0.534378,0.609256
0.163801,0.365175,0.474841,0.423663,0.358278,0.235076,-0.212341,0.155463,-0.107958,0.127015,0.143955,0.137947,0.089653,0.616342,0.420819,0.785790,0.000000,0.537290,0.485575,0.586426,0.282724,0.397665,0.614830,0.526114,0.381602,0.196215,0.128706,0.293549,0.121384,0.006810,0.287998,0.232871,0.363906,0.459063,0.543628
0.248538,0.344884,0.633113,0.615749,0.408718,0.351684,-0.298883,0.087095,-0.025738,0.329298,0.254583,0.370657,0.217360,0.336195,0.367480,0.499281,0.537290,0.000000,0.841981,0.864071,0.446868,0.510878,0.479358,0.584217,0.583364,0.357663,0.332574,0.481203,0.241928,0.170536,0.332844,0.288665,0.438125,0.610083,0.643205
0.213068,0.258770,0.624843,0.570092,0.483848,0.346109,-0.344525,0.027307,0.059802,0.386468,0.231231,0.428262,0.195951,0.323618,0.335637,0.436981,0.485575,0.841981,0.000000,0.728092,0.599448,0.512504,0.305125,0.541479,0.614391,0.451665,0.427296,0.532355,0.339712,0.195293,0.362511,0.392455,0.488798,0.560122,0.589869
0.253009,0.386922,0.527038,0.522012,0.335254,0.269009,-0.274598,0.171561,-0.111696,0.201222,0.305682,0.238708,0.183664,0.324504,0.282082,0.598169,0.586426,0.864071,0.728092,0.000000,0.311792,0.441582,0.542038,0.532918,0.519405,0.284669,0.277420,0.417812,0.177948,0.160032,0.346157,0.229333,0.409539,0.658633,0.681785
0.312642,0.253158,0.500698,0.450794,0.418541,0.183109,-0.153226,-0.186057,0.387682,0.560071,0.258762,0.552508,0.287474,0.246084,0.461015,0.219331,0.282724,0.446868,0.599448,0.311792,0.000000,0.626371,0.028158,0.497627,0.566449,0.436405,0.377108,0.574324,0.436870,0.323293,0.426109,0.507871,0.484445,0.370605,0.416352
0.650329,0.525507,0.607583,0.609290,0.554364,0.166449,-0.103437,-0.183653,0.379673,0.632585,0.339358,0.627311,0.416069,0.309297,0.576612,0.348917,0.397665,0.510878,0.512504,0.441582,0.626371,0.000000,0.378689,0.765507,0.550888,0.468173,0.385381,0.681929,0.523658,0.506292,0.590235,0.540501,0.531487,0.457052,0.550912
0.183537,0.306743,0.388997,0.380405,0.242466,0.168647,-0.144073,0.056732,-0.199865,0.039078,0.136858,0.076535,0.032196,0.428074,0.354455,0.550724,0.614830,0.479358,0.305125,0.542038,0.028158,0.378689,0.000000,0.473880,0.253810,0.018573,-0.033004,0.268870,0.069280,0.093348,0.254037,0.084716,0.282999,0.342909,0.415331
0.460658,0.615038,0.731876,0.700362,0.476476,0.208860,-0.033705,-0.118529,0.156321,0.508718,0.326629,0.591586,0.348730,0.399540,0.566696,0.487066,0.526114,0.584217,0.541479,0.532918,0.497627,0.765507,0.473880,0.000000,0.508262,0.399142,0.374343,0.554198,0.249527,0.269274,0.412951,0.342053,0.451391,0.509477,0.600549
0.231161,0.236544,0.538283,0.542863,0.446877,0.284381,-0.126820,-0.063909,0.127745,0.373692,0.135561,0.400491,0.113741,0.370403,0.358761,0.361744,0.381602,0.583364,0.614391,0.519405,0.566449,0.550888,0.253810,0.508262,0.000000,0.293175,0.319674,0.592378,0.409429,0.282326,0.491227,0.486204,0.597547,0.346720,0.437642
0.440790,0.409854,0.305578,0.281288,0.265506,0.272668,-0.360616,0.001760,0.464174,0.430514,0.242304,0.481503,0.443934,0.060035,0.225294,0.111311,0.196215,0.357663,0.451665,0.284669,0.436405,0.468173,0.018573,0.399142,0.293175,0.000000,0.854960,0.390984,0.283882,0.170718,0.254406,0.362655,0.318060,0.399314,0.416941
0.351651,0.353414,0.327291,0.302606,0.260041,0.218104,-0.342540,0.065837,0.374715,0.405023,0.206367,0.448441,0.354566,0.071831,0.195921,0.086583,0.128706,0.332574,0.427296,0.277420,0.377108,0.385381,-0.033004,0.374343,0.319674,0.854960,0.000000,0.364068,0.232913,0.168472,0.242685,0.307027,0.316032,0.433262,0.458730
0.367203,0.305106,0.661662,0.700488,0.622975,0.055366,-0.106191,-0.188214,0.313638,0.625523,0.352389,0.544260,0.237883,0.392546,0.548065,0.395548,0.293549,0.481203,0.532355,0.417812,0.574324,0.681929,0.268870,0.554198,0.592378,0.390984,0.364068,0.000000,0.703971,0.678409,0.743208,0.682910,0.772886,0.437113,0.530596
0.356130,0.193589,0.332538,0.359892,0.501489,-0.024698,-0.175400,-0.215825,0.490875,0.565855,0.183136,0.390350,0.185835,0.361010,0.479908,0.167689,0.121384,0.241928,0.339712,0.177948,0.436870,0.523658,0.069280,0.249527,0.409429,0.283882,0.232913,0.703971,0.000000,0.747768,0.778425,0.844348,0.633262,0.221745,0.267488
0.341015,0.185892,0.290417,0.356491,0.438687,-0.146383,-0.104057,-0.201508,0.418668,0.554172,0.443280,0.341499,0.202258,0.202719,0.453273,0.139334,0.006810,0.170536,0.195293,0.160032,0.323293,0.506292,0.093348,0.269274,0.282326,0.170718,0.168472,0.678409,0.747768,0.000000,0.768843,0.605495,0.498819,0.247487,0.274621
0.396223,0.319807,0.404306,0.440730,0.542210,-0.064451,-0.118898,-0.160465,0.344014,0.516485,0.405223,0.352941,0.236067,0.458174,0.513086,0.409355,0.287998,0.332844,0.362511,0.346157,0.426109,0.590235,0.254037,0.412951,0.491227,0.254406,0.242685,0.743208,0.778425,0.768843,0.000000,0.800397,0.758224,0.344804,0.408078
0.356002,0.245677,0.380744,0.393261,0.512734,0.011267,-0.168070,-0.203222,0.420415,0.514078,0.130054,0.407693,0.225315,0.433048,0.444263,0.263255,0.232871,0.288665,0.392455,0.229333,0.507871,0.540501,0.084716,0.342053,0.486204,0.362655,0.307027,0.682910,0.844348,0.605495,0.800397,0.000000,0.742222,0.238317,0.282528
0.294827,0.266089,0.552830,0.582727,0.580762,0.022859,-0.118020,-0.154251,0.170545,0.447194,0.288450,0.378493,0.125705,0.463680,0.461033,0.462465,0.363906,0.438125,0.488798,0.409539,0.484445,0.531487,0.282999,0.451391,0.597547,0.318060,0.316032,0.772886,0.633262,0.498819,0.758224,0.742222,0.000000,0.406654,0.489643
0.334173,0.363562,0.573970,0.524796,0.324032,0.085420,-0.337372,0.097732,0.057318,0.371594,0.412096,0.330429,0.219860,0.251926,0.356071,0.534378,0.459063,0.610083,0.560122,0.658633,0.370605,0.457052,0.342909,0.509477,0.346720,0.399314,0.433262,0.437113,0.221745,0.247487,0.344804,0.238317,0.406654,0.000000,0.890205
0.378917,0.434427,0.661932,0.635993,0.422154,0.121957,-0.282012,0.119542,0.057806,0.424159,0.414062,0.379119,0.213508,0.334184,0.424948,0.609256,0.543628,0.643205,0.589869,0.681785,0.416352,0.550912,0.415331,0.600549,0.437642,0.416941,0.458730,0.530596,0.267488,0.274621,0.408078,0.282528,0.489643,0.890205,0.000000
