0.000000,0.797280,-0.093151,-0.031879,0.197003,0.001982,-0.079659,0.029225,0.254056,0.407538,0.182700,0.518547,0.262666,-0.099679,0.126154,-0.156079,-0.064163,0.025142,0.093129,-0.026308,0.028239,0.422158,0.082689,0.385903,0.103803,0.403009,0.452142,0.071692,0.334486,0.116420,0.044597,0.349580,0.019507,-0.063760,-0.060046
0.797280,0.000000,-0.062043,-0.050329,0.208176,-0.013529,-0.095215,0.001687,0.270334,0.397751,0.198404,0.480507,0.302921,-0.092705,0.013217,-0.136076,-0.073425,0.046955,0.164259,0.038167,0.029107,0.345144,0.038954,0.463996,0.120810,0.410042,0.460713,0.158151,0.403650,0.216231,0.259395,0.472359,0.150407,-0.116305,-0.089231
-0.093151,-0.062043,0.000000,0.769755,0.349179,0.030166,-0.101793,0.005724,0.035262,0.116889,0.323373,-0.024301,-0.058232,0.217711,0.164031,0.121828,0.070966,0.208569,-0.071918,0.242606,0.239935,0.207379,0.123447,0.246270,0.326233,-0.164635,-0.138496,0.172401,0.116002,0.101837,0.123770,0.084319,0.204887,0.424093,0.461914
-0.031879,-0.050329,0.769755,0.000000,0.413515,0.119458,-0.017189,-0.019345,0.091000,0.176920,0.339504,-0.012584,-0.005681,0.154659,0.149647,0.143621,0.139111,0.266473,-0.027478,0.276622,0.177157,0.278922,0.114818,0.264143,0.282990,-0.096093,-0.080035,0.094525,0.124040,0.020617,-0.009174,-0.000328,0.106231,0.471809,0.493243
0.197003,0.208176,0.349179,0.413515,0.000000,0.066311,0.042593,-0.027117,0.152969,0.185793,0.255466,0.093448,0.095993,-0.058909,0.040538,-0.000022,0.082768,0.251966,0.161036,0.183246,0.162669,0.475355,0.074602,0.562950,0.248254,0.185803,0.144569,0.156086,0.141903,0.113279,0.052034,0.100577,0.047362,0.114216,0.108113
0.001982,-0.013529,0.030166,0.119458,0.066311,0.000000,0.077829,0.237088,0.093128,-0.034214,0.094733,-0.079077,-0.063217,0.172288,0.124537,0.260480,0.259806,0.174820,0.100542,0.177713,0.000831,0.119996,-0.007347,0.098264,0.046502,0.348872,0.333096,-0.119954,-0.044044,-0.063428,-0.090379,-0.047316,-0.034139,0.074216,0.062927
-0.079659,-0.095215,-0.101793,-0.017189,0.042593,0.077829,0.000000,-0.036604,0.022646,-0.074830,0.015433,-0.167022,0.062161,0.014831,-0.138054,0.042192,-0.041504,0.327008,0.291247,0.176714,-0.020153,-0.055569,-0.239398,-0.039490,-0.026527,-0.050210,-0.049544,0.031267,-0.026883,-0.013220,-0.010847,-0.065769,-0.073587,0.000323,-0.010649
0.029225,0.001687,0.005724,-0.019345,-0.027117,0.237088,-0.036604,0.000000,0.049960,-0.025884,-0.095693,0.112538,0.033099,-0.070431,-0.034548,-0.116953,-0.092939,-0.224438,-0.186998,-0.096797,-0.003438,0.067124,-0.137660,0.053174,-0.079843,0.232635,0.203307,0.008155,-0.117953,-0.115121,-0.134210,-0.087571,-0.096219,-0.126559,-0.088293
0.254056,0.270334,0.035262,0.091000,0.152969,0.093128,0.022646,0.049960,0.000000,0.431417,0.333532,0.426571,0.514122,0.202759,0.131508,-0.035481,0.011899,0.101381,0.080321,-0.003355,0.038069,0.339471,0.010556,0.313863,0.098093,0.377824,0.378451,0.036111,0.415548,-0.184769,-0.026739,0.098099,-0.009814,0.019072,-0.030827
0.407538,0.397751,0.116889,0.176920,0.185793,-0.034214,-0.074830,-0.025884,0.431417,0.000000,0.440929,0.551282,0.222668,-0.022285,0.145729,-0.159338,-0.090205,0.021714,-0.035275,-0.022960,0.118110,0.385356,-0.073809,0.321807,0.137214,0.159959,0.186627,0.046619,0.387115,0.068087,-0.032796,0.110328,-0.076753,0.180526,0.124406
0.182700,0.198404,0.323373,0.339504,0.255466,0.094733,0.015433,-0.095693,0.333532,0.440929,0.000000,0.366713,0.338409,0.311464,0.246737,0.208723,0.068579,0.263980,0.118576,0.281317,0.235615,0.353250,0.047156,0.377901,0.270810,0.012781,0.000171,0.101159,0.344403,0.185179,0.186512,0.123096,0.058615,0.366137,0.374080
0.518547,0.480507,-0.024301,-0.012584,0.093448,-0.079077,-0.167022,0.112538,0.426571,0.551282,0.366713,0.000000,0.357669,-0.103230,0.236374,-0.125965,0.026729,-0.095285,-0.050921,-0.145380,0.053892,0.313994,0.046979,0.313787,0.051880,0.238737,0.252540,-0.050608,0.178031,-0.171049,-0.112448,0.100866,-0.175682,-0.039549,-0.051618
0.262666,0.302921,-0.058232,-0.005681,0.095993,-0.063217,0.062161,0.033099,0.514122,0.222668,0.338409,0.357669,0.000000,-0.050651,-0.140022,-0.193462,-0.245634,0.111328,0.167513,0.067108,0.043521,0.125538,-0.168756,0.205011,0.035200,0.170050,0.229416,0.004647,0.324663,-0.036699,0.092408,0.227927,-0.003616,-0.018875,-0.045997
-0.099679,-0.092705,0.217711,0.154659,-0.058909,0.172288,0.014831,-0.070431,0.202759,-0.022285,0.311464,-0.103230,-0.050651,0.000000,0.402590,0.539221,0.351202,0.142294,0.040778,0.220645,0.100666,0.014665,0.280782,-0.024403,0.140839,-0.020267,-0.077434,0.094034,0.322367,0.059050,0.227131,0.106076,0.202416,0.190689,0.238907
0.126154,0.013217,0.164031,0.149647,0.040538,0.124537,-0.138054,-0.034548,0.131508,0.145729,0.246737,0.236374,-0.140022,0.402590,0.000000,0.391161,0.486106,-0.067016,-0.123127,-0.023258,0.142087,0.231113,0.332145,0.135896,0.167094,0.007737,-0.051196,-0.120289,0.011278,-0.216009,-0.151390,-0.059092,-0.120751,0.180430,0.208370
-0.156079,-0.136076,0.121828,0.143621,-0.000022,0.260480,0.042192,-0.116953,-0.035481,-0.159338,0.208723,-0.125965,-0.193462,0.539221,0.391161,0.000000,0.622177,0.276793,0.190469,0.372871,-0.044926,-0.066898,0.306437,-0.078613,0.008275,-0.018656,-0.072370,-0.194350,0.006128,-0.169645,0.020530,0.038450,-0.079008,0.232993,0.250400
-0.064163,-0.073425,0.070966,0.139111,0.082768,0.259806,-0.041504,-0.092939,0.011899,-0.090205,0.068579,0.026729,-0.245634,0.351202,0.486106,0.622177,0.000000,0.176143,0.110085,0.194863,-0.016462,-0.008330,0.302324,-0.038800,-0.012973,0.097207,0.036185,-0.181244,-0.027170,-0.261332,-0.160087,-0.083831,-0.114350,0.154852,0.182981
0.025142,0.046955,0.208569,0.266473,0.251966,0.174820,0.327008,-0.224438,0.101381,0.021714,0.263980,-0.095285,0.111328,0.142294,-0.067016,0.276793,0.176143,0.000000,0.686037,0.741560,0.112167,0.106397,0.036517,0.121996,0.285577,0.093024,0.116818,-0.044419,0.170185,0.146978,0.099690,0.060541,0.021638,0.322258,0.327402
0.093129,0.164259,-0.071918,-0.027478,0.161036,0.100542,0.291247,-0.186998,0.080321,-0.035275,0.118576,-0.050921,0.167513,0.040778,-0.123127,0.190469,0.110085,0.686037,0.000000,0.607225,0.065166,0.029005,-0.086226,0.106047,0.161731,0.184958,0.236053,-0.040840,0.123829,0.132161,0.165196,0.130661,0.009123,0.074656,0.086555
-0.026308,0.038167,0.242606,0.276622,0.183246,0.177713,0.176714,-0.096797,-0.003355,-0.022960,0.281317,-0.145380,0.067108,0.220645,-0.023258,0.372871,0.194863,0.741560,0.607225,0.000000,0.158752,0.099909,0.035603,0.139267,0.282932,0.071388,0.090857,-0.031874,0.164460,0.176536,0.204796,0.149545,0.024661,0.361943,0.399148
0.028239,0.029107,0.239935,0.177157,0.162669,0.000831,-0.020153,-0.003438,0.038069,0.118110,0.235615,0.053892,0.043521,0.100666,0.142087,-0.044926,-0.016462,0.112167,0.065166,0.158752,0.000000,0.355058,0.158389,0.302932,0.591973,-0.115622,-0.134200,0.360283,0.107258,0.249096,0.196825,0.035933,0.303471,0.083836,0.141448
0.422158,0.345144,0.207379,0.278922,0.475355,0.119996,-0.055569,0.067124,0.339471,0.385356,0.353250,0.313994,0.125538,0.014665,0.231113,-0.066898,-0.008330,0.106397,0.029005,0.099909,0.355058,0.000000,0.280421,0.776060,0.416339,0.345838,0.334079,0.235329,0.214298,0.106580,-0.024817,0.092605,0.048526,0.105927,0.095461
0.082689,0.038954,0.123447,0.114818,0.074602,-0.007347,-0.239398,-0.137660,0.010556,-0.073809,0.047156,0.046979,-0.168756,0.280782,0.332145,0.306437,0.302324,0.036517,-0.086226,0.035603,0.158389,0.280421,0.000000,0.165188,0.296593,-0.017354,-0.108295,0.051478,0.150182,-0.005753,0.064152,0.160985,0.056206,0.011022,0.035138
0.385903,0.463996,0.246270,0.264143,0.562950,0.098264,-0.039490,0.053174,0.313863,0.321807,0.377901,0.313787,0.205011,-0.024403,0.135896,-0.078613,-0.038800,0.121996,0.106047,0.139267,0.302932,0.776060,0.165188,0.000000,0.454037,0.327505,0.336893,0.274787,0.236958,0.121430,0.116406,0.215004,0.145059,0.065658,0.073883
0.103803,0.120810,0.326233,0.282990,0.248254,0.046502,-0.026527,-0.079843,0.098093,0.137214,0.270810,0.051880,0.035200,0.140839,0.167094,0.008275,-0.012973,0.285577,0.161731,0.282932,0.591973,0.416339,0.296593,0.454037,0.000000,-0.089157,-0.078940,0.315444,0.217471,0.191073,0.209451,0.166276,0.346678,0.147699,0.190238
0.403009,0.410042,-0.164635,-0.096093,0.185803,0.348872,-0.050210,0.232635,0.377824,0.159959,0.012781,0.238737,0.170050,-0.020267,0.007737,-0.018656,0.097207,0.093024,0.184958,0.071388,-0.115622,0.345838,-0.017354,0.327505,-0.089157,0.000000,0.834744,-0.096260,0.121307,-0.113084,-0.114064,0.146379,-0.085725,-0.145079,-0.163095
0.452142,0.460713,-0.138496,-0.080035,0.144569,0.333096,-0.049544,0.203307,0.378451,0.186627,0.000171,0.252540,0.229416,-0.077434,-0.051196,-0.072370,0.036185,0.116818,0.236053,0.090857,-0.134200,0.334079,-0.108295,0.336893,-0.078940,0.834744,0.000000,-0.075432,0.129039,-0.099953,-0.120806,0.208326,-0.072518,-0.105155,-0.142089
0.071692,0.158151,0.172401,0.094525,0.156086,-0.119954,0.031267,0.008155,0.036111,0.046619,0.101159,-0.050608,0.004647,0.094034,-0.120289,-0.194350,-0.181244,-0.044419,-0.040840,-0.031874,0.360283,0.235329,0.051478,0.274787,0.315444,-0.096260,-0.075432,0.000000,0.346746,0.462214,0.437490,0.179862,0.601803,-0.039517,-0.024338
0.334486,0.403650,0.116002,0.124040,0.141903,-0.044044,-0.026883,-0.117953,0.415548,0.387115,0.344403,0.178031,0.324663,0.322367,0.011278,0.006128,-0.027170,0.170185,0.123829,0.164460,0.107258,0.214298,0.150182,0.236958,0.217471,0.121307,0.129039,0.346746,0.000000,0.388848,0.414251,0.521722,0.320347,0.169064,0.162386
0.116420,0.216231,0.101837,0.020617,0.113279,-0.063428,-0.013220,-0.115121,-0.184769,0.068087,0.185179,-0.171049,-0.036699,0.059050,-0.216009,-0.169645,-0.261332,0.146978,0.132161,0.176536,0.249096,0.106580,-0.005753,0.121430,0.191073,-0.113084,-0.099953,0.462214,0.388848,0.000000,0.682538,0.381270,0.448963,0.084191,0.125102
0.044597,0.259395,0.123770,-0.009174,0.052034,-0.090379,-0.010847,-0.134210,-0.026739,-0.032796,0.186512,-0.112448,0.092408,0.227131,-0.151390,0.020530,-0.160087,0.099690,0.165196,0.204796,0.196825,-0.024817,0.064152,0.116406,0.209451,-0.114064,-0.120806,0.437490,0.414251,0.682538,0.000000,0.584972,0.617279,-0.038276,0.031979
0.349580,0.472359,0.084319,-0.000328,0.100577,-0.047316,-0.065769,-0.087571,0.098099,0.110328,0.123096,0.100866,0.227927,0.106076,-0.059092,0.038450,-0.083831,0.060541,0.130661,0.149545,0.035933,0.092605,0.160985,0.215004,0.166276,0.146379,0.208326,0.179862,0.521722,0.381270,0.584972,0.000000,0.333806,-0.004852,0.015934
0.019507,0.150407,0.204887,0.106231,0.047362,-0.034139,-0.073587,-0.096219,-0.009814,-0.076753,0.058615,-0.175682,-0.003616,0.202416,-0.120751,-0.079008,-0.114350,0.021638,0.009123,0.024661,0.303471,0.048526,0.056206,0.145059,0.346678,-0.085725,-0.072518,0.601803,0.320347,0.448963,0.617279,0.333806,0.000000,-0.058930,0.029588
-0.063760,-0.116305,0.424093,0.471809,0.114216,0.074216,0.000323,-0.126559,0.019072,0.180526,0.366137,-0.039549,-0.018875,0.190689,0.180430,0.232993,0.154852,0.322258,0.074656,0.361943,0.083836,0.105927,0.011022,0.065658,0.147699,-0.145079,-0.105155,-0.039517,0.169064,0.084191,-0.038276,-0.004852,-0.058930,0.000000,0.872705
-0.060046,-0.089231,0.461914,0.493243,0.108113,0.062927,-0.010649,-0.088293,-0.030827,0.124406,0.374080,-0.051618,-0.045997,0.238907,0.208370,0.250400,0.182981,0.327402,0.086555,0.399148,0.141448,0.095461,0.035138,0.073883,0.190238,-0.163095,-0.142089,-0.024338,0.162386,0.125102,0.031979,0.015934,0.029588,0.872705,0.000000
