0.000000,0.824906,0.483045,0.504251,0.324342,0.162170,0.238767,0.365324,0.576423,0.577353,0.484719,0.565313,0.537476,0.356518,0.231984,0.422204,0.395148,0.499307,0.397407,0.466510,0.482699,0.775422,0.409630,0.631982,0.236245,0.638015,0.678845,0.205332,0.367639,0.302585,0.407073,0.208122,0.443771,0.530340,0.555223
0.824906,0.000000,0.552610,0.539022,0.260142,0.194769,0.223967,0.371316,0.634878,0.596475,0.477240,0.652861,0.560963,0.437945,0.294873,0.394970,0.456746,0.525382,0.392303,0.516928,0.473130,0.708279,0.472125,0.734409,0.281474,0.650900,0.736567,0.167370,0.392645,0.252333,0.426719,0.271230,0.506440,0.520320,0.569449
0.483045,0.552610,0.000000,0.834816,0.361403,0.257944,0.323697,0.290295,0.448150,0.657908,0.603082,0.410677,0.261712,0.376260,0.205759,0.248738,0.195660,0.571264,0.322233,0.417686,0.623079,0.656922,0.351618,0.676080,0.569736,0.368537,0.449877,0.470641,0.592839,0.515584,0.605741,0.439583,0.650800,0.619575,0.710358
0.504251,0.539022,0.834816,0.000000,0.414862,0.376199,0.459002,0.377895,0.484999,0.667934,0.624124,0.427707,0.332775,0.415279,0.255999,0.330901,0.215907,0.492967,0.218071,0.372629,0.542318,0.698396,0.396303,0.645497,0.464563,0.325338,0.420751,0.428682,0.581837,0.546464,0.626637,0.416565,0.624671,0.605429,0.673249
0.324342,0.260142,0.361403,0.414862,0.000000,0.163575,0.152665,0.263403,0.258788,0.335549,0.321867,0.175271,0.122106,0.181150,0.097360,0.093128,0.026868,0.297053,0.173577,0.248480,0.283305,0.439922,0.136190,0.323941,0.196336,0.162592,0.212059,0.182773,0.276002,0.298290,0.286476,0.180335,0.292989,0.349653,0.361843
0.162170,0.194769,0.257944,0.376199,0.163575,0.000000,0.323223,0.194079,0.199665,0.163519,0.302282,0.088708,0.149156,0.256433,0.142961,0.255684,0.235899,0.139441,-0.080930,0.126008,0.133340,0.253790,0.263463,0.237106,0.099958,0.078768,0.096094,0.081853,0.125260,0.196641,0.183659,0.052857,0.101965,0.134483,0.144946
0.238767,0.223967,0.323697,0.459002,0.152665,0.323223,0.000000,0.258039,0.268212,0.162599,0.243228,0.120250,0.304301,0.173596,0.026484,0.108829,0.063502,0.141345,-0.008132,-0.054791,0.276874,0.303507,0.100969,0.306401,0.184854,0.049319,0.078721,0.206946,0.265655,0.247984,0.264496,0.078575,0.191915,0.229078,0.224766
0.365324,0.371316,0.290295,0.377895,0.263403,0.194079,0.258039,0.000000,0.252244,0.294374,0.289174,0.306015,0.248637,0.215835,0.126986,0.247075,0.245528,0.115167,0.072269,0.125212,0.240899,0.314949,0.195290,0.263221,0.087201,0.207833,0.337816,0.058790,0.203360,0.211497,0.279536,0.154898,0.253186,0.213979,0.266593
0.576423,0.634878,0.448150,0.484999,0.258788,0.199665,0.268212,0.252244,0.000000,0.653105,0.590713,0.671282,0.540851,0.331751,0.180293,0.264442,0.257437,0.466411,0.318801,0.352702,0.411517,0.590324,0.382431,0.527164,0.291345,0.662704,0.705729,0.149397,0.583834,0.218940,0.462054,0.357526,0.518018,0.604715,0.616815
0.577353,0.596475,0.657908,0.667934,0.335549,0.163519,0.162599,0.294374,0.653105,0.000000,0.731135,0.716534,0.443875,0.341198,0.244164,0.261078,0.188425,0.502363,0.297084,0.394110,0.593733,0.706576,0.366869,0.643805,0.396977,0.453236,0.537549,0.384885,0.639952,0.525139,0.653285,0.405635,0.634174,0.669696,0.745107
0.484719,0.477240,0.603082,0.624124,0.321867,0.302282,0.243228,0.289174,0.590713,0.731135,0.000000,0.568426,0.324706,0.479927,0.255711,0.372734,0.161210,0.424326,0.209740,0.348717,0.432333,0.570852,0.352399,0.476715,0.328507,0.367243,0.441014,0.314210,0.536877,0.564959,0.674219,0.336783,0.593285,0.582642,0.657570
0.565313,0.652861,0.410677,0.427707,0.175271,0.088708,0.120250,0.306015,0.671282,0.716534,0.568426,0.000000,0.648800,0.201919,0.048397,0.135401,0.155019,0.360446,0.229640,0.388186,0.306934,0.530392,0.291080,0.530660,0.141281,0.491408,0.556175,0.096583,0.368088,0.213951,0.455321,0.184174,0.494667,0.480567,0.523066
0.537476,0.560963,0.261712,0.332775,0.122106,0.149156,0.304301,0.248637,0.540851,0.443875,0.324706,0.648800,0.000000,0.089981,-0.018224,0.151982,0.194460,0.269079,0.149016,0.282036,0.307646,0.489848,0.265696,0.475938,0.176005,0.303826,0.375212,0.182000,0.312363,0.256471,0.442551,0.154200,0.446338,0.265104,0.298456
0.356518,0.437945,0.376260,0.415279,0.181150,0.256433,0.173596,0.215835,0.331751,0.341198,0.479927,0.201919,0.089981,0.000000,0.786735,0.734170,0.689183,0.314903,0.267078,0.329318,0.337933,0.465606,0.588196,0.452350,0.312986,0.342444,0.380587,0.172566,0.211180,0.205955,0.315108,0.298820,0.366664,0.299763,0.315055
0.231984,0.294873,0.205759,0.255999,0.097360,0.142961,0.026484,0.126986,0.180293,0.244164,0.255711,0.048397,-0.018224,0.786735,0.000000,0.703720,0.659222,0.274316,0.278309,0.271394,0.297443,0.328715,0.497018,0.262026,0.249052,0.261597,0.287572,0.128654,0.162808,0.158233,0.160701,0.235361,0.228652,0.164680,0.187395
0.422204,0.394970,0.248738,0.330901,0.093128,0.255684,0.108829,0.247075,0.264442,0.261078,0.372734,0.135401,0.151982,0.734170,0.703720,0.000000,0.796255,0.357292,0.399005,0.344453,0.270397,0.437434,0.672906,0.342596,0.280826,0.393528,0.406078,0.087171,0.179338,0.177661,0.227520,0.225082,0.237088,0.237940,0.267231
0.395148,0.456746,0.195660,0.215907,0.026868,0.235899,0.063502,0.245528,0.257437,0.188425,0.161210,0.155019,0.194460,0.689183,0.659222,0.796255,0.000000,0.352113,0.425818,0.345566,0.251254,0.394657,0.696784,0.400163,0.254682,0.410018,0.410027,-0.000900,0.111345,-0.004874,0.090256,0.170504,0.162411,0.153483,0.162100
0.499307,0.525382,0.571264,0.492967,0.297053,0.139441,0.141345,0.115167,0.466411,0.502363,0.424326,0.360446,0.269079,0.314903,0.274316,0.357292,0.352113,0.000000,0.741269,0.797064,0.379964,0.554522,0.513302,0.505789,0.441842,0.432639,0.452211,0.229881,0.425779,0.281889,0.330422,0.218759,0.370917,0.566209,0.608158
0.397407,0.392303,0.322233,0.218071,0.173577,-0.080930,-0.008132,0.072269,0.318801,0.297084,0.209740,0.229640,0.149016,0.267078,0.278309,0.399005,0.425818,0.741269,0.000000,0.617668,0.267920,0.373977,0.424822,0.331645,0.376997,0.464393,0.424325,0.109424,0.243301,0.082092,0.119200,0.105315,0.200309,0.311018,0.354881
0.466510,0.516928,0.417686,0.372629,0.248480,0.126008,-0.054791,0.125212,0.352702,0.394110,0.348717,0.388186,0.282036,0.329318,0.271394,0.344453,0.345566,0.797064,0.617668,0.000000,0.222497,0.458087,0.511938,0.419095,0.230495,0.325008,0.367097,0.165345,0.260210,0.201803,0.311086,0.183480,0.357941,0.455763,0.473520
0.482699,0.473130,0.623079,0.542318,0.283305,0.133340,0.276874,0.240899,0.411517,0.593733,0.432333,0.306934,0.307646,0.337933,0.297443,0.270397,0.251254,0.379964,0.267920,0.222497,0.000000,0.662980,0.306372,0.639050,0.600287,0.335182,0.416651,0.657766,0.614434,0.564037,0.506859,0.367831,0.594857,0.500675,0.584783
0.775422,0.708279,0.656922,0.698396,0.439922,0.253790,0.303507,0.314949,0.590324,0.706576,0.570852,0.530392,0.489848,0.465606,0.328715,0.437434,0.394657,0.554522,0.373977,0.458087,0.662980,0.000000,0.518559,0.820458,0.502309,0.533432,0.591685,0.425699,0.551123,0.451355,0.508330,0.344285,0.585352,0.632172,0.670023
0.409630,0.472125,0.351618,0.396303,0.136190,0.263463,0.100969,0.195290,0.382431,0.366869,0.352399,0.291080,0.265696,0.588196,0.497018,0.672906,0.696784,0.513302,0.424822,0.511938,0.306372,0.518559,0.000000,0.509047,0.275407,0.341758,0.375283,0.142464,0.352189,0.184543,0.272990,0.308317,0.296431,0.409848,0.412971
0.631982,0.734409,0.676080,0.645497,0.323941,0.237106,0.306401,0.263221,0.527164,0.643805,0.476715,0.530660,0.475938,0.452350,0.262026,0.342596,0.400163,0.505789,0.331645,0.419095,0.639050,0.820458,0.509047,0.000000,0.579875,0.431776,0.515773,0.397255,0.523414,0.375260,0.504926,0.412673,0.598959,0.557605,0.609519
0.236245,0.281474,0.569736,0.464563,0.196336,0.099958,0.184854,0.087201,0.291345,0.396977,0.328507,0.141281,0.176005,0.312986,0.249052,0.280826,0.254682,0.441842,0.376997,0.230495,0.600287,0.502309,0.275407,0.579875,0.000000,0.296079,0.319213,0.531883,0.522683,0.447964,0.443533,0.481763,0.564101,0.332984,0.427077
0.638015,0.650900,0.368537,0.325338,0.162592,0.078768,0.049319,0.207833,0.662704,0.453236,0.367243,0.491408,0.303826,0.342444,0.261597,0.393528,0.410018,0.432639,0.464393,0.325008,0.335182,0.533432,0.341758,0.431776,0.296079,0.000000,0.896043,0.036357,0.323293,0.018228,0.181289,0.212298,0.355659,0.416249,0.453536
0.678845,0.736567,0.449877,0.420751,0.212059,0.096094,0.078721,0.337816,0.705729,0.537549,0.441014,0.556175,0.375212,0.380587,0.287572,0.406078,0.410027,0.452211,0.424325,0.367097,0.416651,0.591685,0.375283,0.515773,0.319213,0.896043,0.000000,0.120432,0.417302,0.146387,0.302162,0.302807,0.464376,0.489797,0.547444
0.205332,0.167370,0.470641,0.428682,0.182773,0.081853,0.206946,0.058790,0.149397,0.384885,0.314210,0.096583,0.182000,0.172566,0.128654,0.087171,-0.000900,0.229881,0.109424,0.165345,0.657766,0.425699,0.142464,0.397255,0.531883,0.036357,0.120432,0.000000,0.623235,0.747884,0.652360,0.433101,0.614621,0.383636,0.463796
0.367639,0.392645,0.592839,0.581837,0.276002,0.125260,0.265655,0.203360,0.583834,0.639952,0.536877,0.368088,0.312363,0.211180,0.162808,0.179338,0.111345,0.425779,0.243301,0.260210,0.614434,0.551123,0.352189,0.523414,0.522683,0.323293,0.417302,0.623235,0.000000,0.633431,0.709048,0.670008,0.671535,0.635059,0.702699
0.302585,0.252333,0.515584,0.546464,0.298290,0.196641,0.247984,0.211497,0.218940,0.525139,0.564959,0.213951,0.256471,0.205955,0.158233,0.177661,-0.004874,0.281889,0.082092,0.201803,0.564037,0.451355,0.184543,0.375260,0.447964,0.018228,0.146387,0.747884,0.633431,0.000000,0.781326,0.392481,0.624136,0.416809,0.522910
0.407073,0.426719,0.605741,0.626637,0.286476,0.183659,0.264496,0.279536,0.462054,0.653285,0.674219,0.455321,0.442551,0.315108,0.160701,0.227520,0.090256,0.330422,0.119200,0.311086,0.506859,0.508330,0.272990,0.504926,0.443533,0.181289,0.302162,0.652360,0.709048,0.781326,0.000000,0.617522,0.764617,0.513514,0.605645
0.208122,0.271230,0.439583,0.416565,0.180335,0.052857,0.078575,0.154898,0.357526,0.405635,0.336783,0.184174,0.154200,0.298820,0.235361,0.225082,0.170504,0.218759,0.105315,0.183480,0.367831,0.344285,0.308317,0.412673,0.481763,0.212298,0.302807,0.433101,0.670008,0.392481,0.617522,0.000000,0.626823,0.409659,0.456852
0.443771,0.506440,0.650800,0.624671,0.292989,0.101965,0.191915,0.253186,0.518018,0.634174,0.593285,0.494667,0.446338,0.366664,0.228652,0.237088,0.162411,0.370917,0.200309,0.357941,0.594857,0.585352,0.296431,0.598959,0.564101,0.355659,0.464376,0.614621,0.671535,0.624136,0.764617,0.626823,0.000000,0.485285,0.575711
0.530340,0.520320,0.619575,0.605429,0.349653,0.134483,0.229078,0.213979,0.604715,0.669696,0.582642,0.480567,0.265104,0.299763,0.164680,0.237940,0.153483,0.566209,0.311018,0.455763,0.500675,0.632172,0.409848,0.557605,0.332984,0.416249,0.489797,0.383636,0.635059,0.416809,0.513514,0.409659,0.485285,0.000000,0.898421
0.555223,0.569449,0.710358,0.673249,0.361843,0.144946,0.224766,0.266593,0.616815,0.745107,0.657570,0.523066,0.298456,0.315055,0.187395,0.267231,0.162100,0.608158,0.354881,0.473520,0.584783,0.670023,0.412971,0.609519,0.427077,0.453536,0.547444,0.463796,0.702699,0.522910,0.605645,0.456852,0.575711,0.898421,0.000000
