0.000000,0.811417,0.324019,0.270040,0.338922,-0.259121,-0.022592,-0.295750,0.287416,0.444905,0.406998,0.519227,0.299342,0.092619,0.218018,0.026697,0.195956,0.324229,0.268673,0.292888,0.144031,0.666276,0.018521,0.532190,0.066954,0.445315,0.354004,0.220821,0.256843,0.248219,0.374266,0.332342,0.208325,0.352684,0.367719
0.811417,0.000000,0.403485,0.295461,0.362315,-0.291915,-0.110092,-0.287329,0.351631,0.528610,0.463442,0.633874,0.384302,0.183284,0.321323,0.114454,0.254199,0.343969,0.329601,0.334963,0.216780,0.686755,0.090882,0.712397,0.143440,0.444484,0.445777,0.172616,0.204518,0.176842,0.290872,0.310581,0.222366,0.380498,0.360792
0.324019,0.403485,0.000000,0.849091,0.643781,-0.070849,-0.046947,-0.123164,0.243572,0.435034,0.245679,0.411973,0.153473,0.246341,0.323416,0.120490,0.399349,0.513530,0.445764,0.449313,0.542329,0.581494,0.379826,0.624605,0.301760,0.346018,0.248254,0.257511,0.263028,0.235531,0.307875,0.280726,0.306354,0.416076,0.408251
0.270040,0.295461,0.849091,0.000000,0.599465,-0.045592,0.026333,-0.084828,0.299702,0.459330,0.285135,0.357832,0.180598,0.269743,0.311712,0.147251,0.420869,0.514526,0.376336,0.415992,0.495442,0.534447,0.336820,0.495871,0.244239,0.309801,0.161987,0.178750,0.256847,0.196180,0.233335,0.153174,0.188383,0.362825,0.352891
0.338922,0.362315,0.643781,0.599465,0.000000,-0.092337,0.040272,-0.119997,0.158466,0.379472,0.292800,0.381457,0.125266,0.242718,0.112909,0.199807,0.386561,0.481814,0.463519,0.461796,0.516161,0.553361,0.364757,0.534481,0.410743,0.391691,0.280898,0.079950,0.144377,0.201643,0.300853,0.272007,0.216914,0.399590,0.415754
-0.259121,-0.291915,-0.070849,-0.045592,-0.092337,0.000000,-0.099245,0.453009,-0.126737,-0.205391,-0.162582,-0.208161,-0.260167,0.090464,-0.070829,0.178248,0.119616,-0.081528,-0.009846,-0.065717,-0.090506,-0.166286,0.247868,-0.176689,-0.015737,-0.012804,-0.051857,-0.154371,-0.077211,-0.092821,-0.166368,-0.166891,-0.132282,-0.122323,-0.105547
-0.022592,-0.110092,-0.046947,0.026333,0.040272,-0.099245,0.000000,-0.268453,-0.188605,-0.152860,-0.131073,-0.200292,-0.053351,-0.262842,-0.152381,-0.198183,-0.229749,0.030306,-0.113455,-0.072109,0.051350,-0.133130,-0.218178,-0.217037,-0.096751,-0.256383,-0.345147,-0.070357,-0.084139,0.013881,0.022616,-0.076784,-0.095932,-0.119445,-0.141854
-0.295750,-0.287329,-0.123164,-0.084828,-0.119997,0.453009,-0.268453,0.000000,-0.002581,-0.065459,-0.040383,-0.156926,-0.106534,0.058825,-0.003064,0.179604,0.114831,-0.222210,-0.139968,-0.145890,-0.084604,-0.187989,0.146179,-0.199596,0.034668,-0.071886,-0.029571,-0.149488,-0.094880,-0.112301,-0.205113,-0.241067,-0.203315,-0.174096,-0.140896
0.287416,0.351631,0.243572,0.299702,0.158466,-0.126737,-0.188605,-0.002581,0.000000,0.770320,0.715228,0.680554,0.708926,0.370609,0.310629,0.139173,0.148547,0.098128,0.007219,0.035363,0.198482,0.494233,0.042062,0.424485,0.113400,0.470253,0.387576,0.180473,0.431333,0.148464,0.094390,0.245929,0.234210,0.263545,0.235250
0.444905,0.528610,0.435034,0.459330,0.379472,-0.205391,-0.152860,-0.065459,0.770320,0.000000,0.745830,0.755759,0.610096,0.382993,0.480894,0.237182,0.339171,0.258367,0.104550,0.228205,0.323112,0.631772,0.050389,0.569106,0.186695,0.499590,0.436091,0.228893,0.463951,0.285920,0.271984,0.286981,0.227455,0.443464,0.424064
0.406998,0.463442,0.245679,0.285135,0.292800,-0.162582,-0.131073,-0.040383,0.715228,0.745830,0.000000,0.670939,0.657424,0.368809,0.307092,0.331003,0.338862,0.212748,0.066137,0.229431,0.173480,0.531875,0.044479,0.448676,0.077760,0.460175,0.355225,0.115757,0.347236,0.282318,0.222424,0.182659,0.202621,0.344284,0.328801
0.519227,0.633874,0.411973,0.357832,0.381457,-0.208161,-0.200292,-0.156926,0.680554,0.755759,0.670939,0.000000,0.684740,0.265719,0.263729,0.053629,0.143112,0.238931,0.222939,0.232825,0.238984,0.634518,0.020068,0.635291,0.202269,0.520132,0.517897,0.157508,0.296554,0.094371,0.181502,0.490058,0.383241,0.427158,0.395423
0.299342,0.384302,0.153473,0.180598,0.125266,-0.260167,-0.053351,-0.106534,0.708926,0.610096,0.657424,0.684740,0.000000,0.163954,0.058423,-0.034285,-0.054689,0.045993,-0.045117,-0.031586,0.090295,0.429595,-0.157143,0.377930,0.063413,0.335332,0.300133,-0.022542,0.141418,-0.063739,-0.071483,0.225287,0.199513,0.190131,0.155020
0.092619,0.183284,0.246341,0.269743,0.242718,0.090464,-0.262842,0.058825,0.370609,0.382993,0.368809,0.265719,0.163954,0.000000,0.487838,0.708808,0.630078,0.337481,0.168759,0.390674,0.115580,0.270853,0.348331,0.333725,0.103064,0.431474,0.304665,-0.024919,0.173895,0.075199,0.198374,-0.026345,0.040843,0.251473,0.265790
0.218018,0.321323,0.323416,0.311712,0.112909,-0.070829,-0.152381,-0.003064,0.310629,0.480894,0.307092,0.263729,0.058423,0.487838,0.000000,0.399290,0.389757,0.294152,0.121257,0.276932,0.163562,0.349119,0.195935,0.344521,0.049052,0.218806,0.171451,0.320542,0.489795,0.334392,0.316684,0.050492,0.090712,0.220458,0.212255
0.026697,0.114454,0.120490,0.147251,0.199807,0.178248,-0.198183,0.179604,0.139173,0.237182,0.331003,0.053629,-0.034285,0.708808,0.399290,0.000000,0.695090,0.255677,0.104521,0.364941,0.016902,0.103023,0.364973,0.154601,0.031606,0.255493,0.191221,-0.181791,0.062074,0.105198,0.169649,-0.226793,-0.227517,0.176285,0.182322
0.195956,0.254199,0.399349,0.420869,0.386561,0.119616,-0.229749,0.114831,0.148547,0.339171,0.338862,0.143112,-0.054689,0.630078,0.389757,0.695090,0.000000,0.402098,0.238031,0.508727,0.198000,0.320242,0.501043,0.348919,0.081828,0.376734,0.256680,-0.005983,0.155393,0.274178,0.344534,-0.080624,-0.043721,0.347919,0.378827
0.324229,0.343969,0.513530,0.514526,0.481814,-0.081528,0.030306,-0.222210,0.098128,0.258367,0.212748,0.238931,0.045993,0.337481,0.294152,0.255677,0.402098,0.000000,0.748059,0.815799,0.374180,0.461937,0.397281,0.442297,0.389595,0.430518,0.232110,0.164747,0.166403,0.142359,0.283308,0.118487,0.187896,0.518795,0.524305
0.268673,0.329601,0.445764,0.376336,0.463519,-0.009846,-0.113455,-0.139968,0.007219,0.104550,0.066137,0.222939,-0.045117,0.168759,0.121257,0.104521,0.238031,0.748059,0.000000,0.643994,0.409651,0.434407,0.472449,0.473537,0.515617,0.428886,0.298368,0.169695,0.140824,0.131394,0.245065,0.223782,0.272666,0.429664,0.422953
0.292888,0.334963,0.449313,0.415992,0.461796,-0.065717,-0.072109,-0.145890,0.035363,0.228205,0.229431,0.232825,-0.031586,0.390674,0.276932,0.364941,0.508727,0.815799,0.643994,0.000000,0.326165,0.408041,0.414305,0.427056,0.346983,0.400369,0.252853,0.160699,0.130403,0.185666,0.375419,0.142001,0.217917,0.563205,0.573333
0.144031,0.216780,0.542329,0.495442,0.516161,-0.090506,0.051350,-0.084604,0.198482,0.323112,0.173480,0.238984,0.090295,0.115580,0.163562,0.016902,0.198000,0.374180,0.409651,0.326165,0.000000,0.447506,0.546308,0.422278,0.667821,0.273681,0.072334,0.310996,0.236420,0.322168,0.304280,0.126243,0.261878,0.419471,0.398124
0.666276,0.686755,0.581494,0.534447,0.553361,-0.166286,-0.133130,-0.187989,0.494233,0.631772,0.531875,0.634518,0.429595,0.270853,0.349119,0.103023,0.320242,0.461937,0.434407,0.408041,0.447506,0.000000,0.278005,0.807935,0.312934,0.611579,0.445080,0.293115,0.367368,0.279117,0.298502,0.315832,0.300378,0.527147,0.528540
0.018521,0.090882,0.379826,0.336820,0.364757,0.247868,-0.218178,0.146179,0.042062,0.050389,0.044479,0.020068,-0.157143,0.348331,0.195935,0.364973,0.501043,0.397281,0.472449,0.414305,0.546308,0.278005,0.000000,0.311878,0.523897,0.380870,0.128034,0.046179,0.142267,0.219450,0.229441,-0.077935,0.046724,0.329568,0.349704
0.532190,0.712397,0.624605,0.495871,0.534481,-0.176689,-0.217037,-0.199596,0.424485,0.569106,0.448676,0.635291,0.377930,0.333725,0.344521,0.154601,0.348919,0.442297,0.473537,0.427056,0.422278,0.807935,0.311878,0.000000,0.324982,0.598680,0.509018,0.292410,0.350472,0.285187,0.315010,0.397836,0.412162,0.454401,0.443445
0.066954,0.143440,0.301760,0.244239,0.410743,-0.015737,-0.096751,0.034668,0.113400,0.186695,0.077760,0.202269,0.063413,0.103064,0.049052,0.031606,0.081828,0.389595,0.515617,0.346983,0.667821,0.312934,0.523897,0.324982,0.000000,0.273447,0.070273,0.165601,0.090565,0.088114,0.136078,0.076905,0.233527,0.316330,0.303521
0.445315,0.444484,0.346018,0.309801,0.391691,-0.012804,-0.256383,-0.071886,0.470253,0.499590,0.460175,0.520132,0.335332,0.431474,0.218806,0.255493,0.376734,0.430518,0.428886,0.400369,0.273681,0.611579,0.380870,0.598680,0.273447,0.000000,0.685671,0.180973,0.431570,0.237009,0.285157,0.363663,0.282206,0.523310,0.570210
0.354004,0.445777,0.248254,0.161987,0.280898,-0.051857,-0.345147,-0.029571,0.387576,0.436091,0.355225,0.517897,0.300133,0.304665,0.171451,0.191221,0.256680,0.232110,0.298368,0.252853,0.072334,0.445080,0.128034,0.509018,0.070273,0.685671,0.000000,0.126856,0.259001,0.063418,0.117395,0.457162,0.210385,0.388129,0.374967
0.220821,0.172616,0.257511,0.178750,0.079950,-0.154371,-0.070357,-0.149488,0.180473,0.228893,0.115757,0.157508,-0.022542,-0.024919,0.320542,-0.181791,-0.005983,0.164747,0.169695,0.160699,0.310996,0.293115,0.046179,0.292410,0.165601,0.180973,0.126856,0.000000,0.584248,0.567406,0.435148,0.403271,0.588723,0.152565,0.174401
0.256843,0.204518,0.263028,0.256847,0.144377,-0.077211,-0.084139,-0.094880,0.431333,0.463951,0.347236,0.296554,0.141418,0.173895,0.489795,0.062074,0.155393,0.166403,0.140824,0.130403,0.236420,0.367368,0.142267,0.350472,0.090565,0.431570,0.259001,0.584248,0.000000,0.695270,0.563212,0.461709,0.393394,0.258995,0.321436
0.248219,0.176842,0.235531,0.196180,0.201643,-0.092821,0.013881,-0.112301,0.148464,0.285920,0.282318,0.094371,-0.063739,0.075199,0.334392,0.105198,0.274178,0.142359,0.131394,0.185666,0.322168,0.279117,0.219450,0.285187,0.088114,0.237009,0.063418,0.567406,0.695270,0.000000,0.770152,0.275121,0.397963,0.213053,0.261563
0.374266,0.290872,0.307875,0.233335,0.300853,-0.166368,0.022616,-0.205113,0.094390,0.271984,0.222424,0.181502,-0.071483,0.198374,0.316684,0.169649,0.344534,0.283308,0.245065,0.375419,0.304280,0.298502,0.229441,0.315010,0.136078,0.285157,0.117395,0.435148,0.563212,0.770152,0.000000,0.421778,0.401162,0.319129,0.383178
0.332342,0.310581,0.280726,0.153174,0.272007,-0.166891,-0.076784,-0.241067,0.245929,0.286981,0.182659,0.490058,0.225287,-0.026345,0.050492,-0.226793,-0.080624,0.118487,0.223782,0.142001,0.126243,0.315832,-0.077935,0.397836,0.076905,0.363663,0.457162,0.403271,0.461709,0.275121,0.421778,0.000000,0.615175,0.262720,0.266470
0.208325,0.222366,0.306354,0.188383,0.216914,-0.132282,-0.095932,-0.203315,0.234210,0.227455,0.202621,0.383241,0.199513,0.040843,0.090712,-0.227517,-0.043721,0.187896,0.272666,0.217917,0.261878,0.300378,0.046724,0.412162,0.233527,0.282206,0.210385,0.588723,0.393394,0.397963,0.401162,0.615175,0.000000,0.216707,0.222768
0.352684,0.380498,0.416076,0.362825,0.399590,-0.122323,-0.119445,-0.174096,0.263545,0.443464,0.344284,0.427158,0.190131,0.251473,0.220458,0.176285,0.347919,0.518795,0.429664,0.563205,0.419471,0.527147,0.329568,0.454401,0.316330,0.523310,0.388129,0.152565,0.258995,0.213053,0.319129,0.262720,0.216707,0.000000,0.904199
0.367719,0.360792,0.408251,0.352891,0.415754,-0.105547,-0.141854,-0.140896,0.235250,0.424064,0.328801,0.395423,0.155020,0.265790,0.212255,0.182322,0.378827,0.524305,0.422953,0.573333,0.398124,0.528540,0.349704,0.443445,0.303521,0.570210,0.374967,0.174401,0.321436,0.261563,0.383178,0.266470,0.222768,0.904199,0.000000
