0.000000,0.910291,0.465204,0.458187,0.249301,-0.361157,-0.360178,-0.428000,0.522563,0.619787,0.785724,0.655330,0.668531,0.345414,0.456987,0.737306,0.680875,0.681167,0.405621,0.686293,0.458693,0.828408,0.595444,0.814788,0.235317,0.664857,0.696928,0.391919,0.624283,0.463137,0.565557,0.601172,0.232111,0.748876,0.742878
0.910291,0.000000,0.510198,0.499795,0.222886,-0.353463,-0.338688,-0.385163,0.581849,0.632817,0.800691,0.690666,0.686341,0.353456,0.461009,0.776330,0.697895,0.681354,0.369840,0.714830,0.428972,0.799353,0.562439,0.851131,0.223377,0.632870,0.686606,0.378123,0.612351,0.491165,0.598221,0.587141,0.182624,0.752084,0.761167
0.465204,0.510198,0.000000,0.891269,0.283162,-0.210369,0.110731,-0.386583,0.406894,0.418161,0.661344,0.573230,0.495244,0.317446,0.218967,0.558409,0.482152,0.607825,0.230253,0.603697,0.510239,0.501800,0.408434,0.571656,0.343362,0.333003,0.420242,0.531595,0.406345,0.459633,0.591411,0.484753,0.376051,0.554010,0.560558
0.458187,0.499795,0.891269,0.000000,0.315668,-0.249175,0.082368,-0.441549,0.382901,0.443773,0.660696,0.511218,0.501404,0.330894,0.248251,0.544988,0.483425,0.603391,0.220475,0.594361,0.546086,0.560360,0.436569,0.616127,0.437916,0.362540,0.420019,0.546666,0.434904,0.488590,0.566282,0.504616,0.369748,0.562558,0.593365
0.249301,0.222886,0.283162,0.315668,0.000000,-0.199008,0.200196,-0.239545,0.201180,0.375770,0.401697,0.207007,0.241548,-0.019443,-0.064793,0.121156,0.175290,0.101186,-0.064283,0.025517,0.124543,0.359545,0.067236,0.350398,0.019466,0.266703,0.241629,0.063461,0.228581,0.057771,0.005541,0.160143,-0.087031,0.093143,0.146305
-0.361157,-0.353463,-0.210369,-0.249175,-0.199008,0.000000,0.210730,0.495777,-0.171131,-0.221416,-0.397816,-0.219388,-0.302309,-0.212391,-0.326567,-0.360915,-0.242439,-0.210409,-0.065015,-0.253145,-0.299578,-0.435117,-0.194363,-0.420544,-0.281155,-0.138272,-0.169619,-0.303721,-0.257896,-0.376844,-0.355198,-0.282089,-0.176218,-0.317700,-0.314815
-0.360178,-0.338688,0.110731,0.082368,0.200196,0.210730,0.000000,0.092589,-0.272813,-0.305314,-0.134374,-0.248292,-0.289332,-0.397016,-0.381750,-0.471690,-0.398519,-0.383393,-0.296260,-0.446356,-0.296970,-0.365329,-0.370828,-0.325566,-0.238086,-0.397167,-0.387019,-0.267954,-0.380708,-0.228952,-0.283447,-0.342187,-0.177965,-0.504884,-0.450004
-0.428000,-0.385163,-0.386583,-0.441549,-0.239545,0.495777,0.092589,0.000000,-0.323219,-0.372149,-0.516096,-0.313237,-0.407358,-0.320387,-0.334970,-0.450469,-0.383107,-0.332156,-0.051279,-0.360068,-0.344103,-0.521366,-0.306623,-0.500317,-0.337002,-0.314066,-0.321560,-0.331577,-0.376210,-0.345205,-0.386055,-0.365332,-0.135885,-0.383143,-0.388236
0.522563,0.581849,0.406894,0.382901,0.201180,-0.171131,-0.272813,-0.323219,0.000000,0.602845,0.549230,0.533442,0.675413,0.457656,0.236538,0.586378,0.478924,0.512761,0.189219,0.530889,0.397743,0.561494,0.413652,0.571022,0.198259,0.596315,0.585882,0.400423,0.584625,0.380395,0.502757,0.438220,0.241678,0.571190,0.603895
0.619787,0.632817,0.418161,0.443773,0.375770,-0.221416,-0.305314,-0.372149,0.602845,0.000000,0.627185,0.683661,0.569389,0.440803,0.426905,0.680706,0.606550,0.548583,0.247033,0.547527,0.286455,0.671018,0.440199,0.645213,0.201055,0.620697,0.606599,0.295146,0.623894,0.230111,0.316965,0.491636,0.045754,0.555674,0.568321
0.785724,0.800691,0.661344,0.660696,0.401697,-0.397816,-0.134374,-0.516096,0.549230,0.627185,0.000000,0.685008,0.636652,0.306798,0.299001,0.690059,0.526363,0.643953,0.266420,0.645094,0.436917,0.770039,0.467659,0.803168,0.238826,0.526337,0.582779,0.411687,0.557931,0.496194,0.585006,0.538753,0.225147,0.722721,0.748281
0.655330,0.690666,0.573230,0.511218,0.207007,-0.219388,-0.248292,-0.313237,0.533442,0.683661,0.685008,0.000000,0.682693,0.364744,0.370952,0.708881,0.555012,0.616622,0.242419,0.668154,0.363723,0.622163,0.475529,0.652509,0.169864,0.556623,0.606829,0.336144,0.448734,0.228085,0.460959,0.530798,0.199572,0.631509,0.637812
0.668531,0.686341,0.495244,0.501404,0.241548,-0.302309,-0.289332,-0.407358,0.675413,0.569389,0.636652,0.682693,0.000000,0.443860,0.280396,0.683132,0.661885,0.617122,0.295937,0.660317,0.417971,0.641396,0.590589,0.668095,0.226504,0.747141,0.790213,0.416930,0.593834,0.322691,0.520684,0.622173,0.366994,0.686502,0.700123
0.345414,0.353456,0.317446,0.330894,-0.019443,-0.212391,-0.397016,-0.320387,0.457656,0.440803,0.306798,0.364744,0.443860,0.000000,0.594382,0.602117,0.512017,0.403812,0.088955,0.500194,0.489017,0.464744,0.566765,0.459922,0.475312,0.437096,0.489442,0.604297,0.623737,0.532420,0.587427,0.575316,0.428475,0.555462,0.506774
0.456987,0.461009,0.218967,0.248251,-0.064793,-0.326567,-0.381750,-0.334970,0.236538,0.426905,0.299001,0.370952,0.280396,0.594382,0.000000,0.483829,0.424030,0.326978,0.124955,0.355293,0.416372,0.503123,0.473455,0.482159,0.379254,0.225644,0.252432,0.405180,0.484688,0.478245,0.423267,0.425533,0.183809,0.428323,0.387985
0.737306,0.776330,0.558409,0.544988,0.121156,-0.360915,-0.471690,-0.450469,0.586378,0.680706,0.690059,0.708881,0.683132,0.602117,0.483829,0.000000,0.769849,0.739545,0.341857,0.843104,0.507546,0.754854,0.690976,0.786658,0.367694,0.649395,0.712406,0.560969,0.687442,0.533763,0.710020,0.724585,0.322621,0.846926,0.827393
0.680875,0.697895,0.482152,0.483425,0.175290,-0.242439,-0.398519,-0.383107,0.478924,0.606550,0.526363,0.555012,0.661885,0.512017,0.424030,0.769849,0.000000,0.654147,0.406027,0.663233,0.472042,0.693185,0.739153,0.712097,0.396310,0.736964,0.754526,0.406347,0.655079,0.445672,0.569423,0.687708,0.234263,0.668776,0.646194
0.681167,0.681354,0.607825,0.603391,0.101186,-0.210409,-0.383393,-0.332156,0.512761,0.548583,0.643953,0.616622,0.617122,0.403812,0.326978,0.739545,0.654147,0.000000,0.693799,0.884095,0.526494,0.629330,0.658609,0.674197,0.322690,0.648321,0.661769,0.564593,0.557187,0.423594,0.553606,0.550825,0.346769,0.777031,0.754234
0.405621,0.369840,0.230253,0.220475,-0.064283,-0.065015,-0.296260,-0.051279,0.189219,0.247033,0.266420,0.242419,0.295937,0.088955,0.124955,0.341857,0.406027,0.693799,0.000000,0.528399,0.220738,0.275468,0.453071,0.283711,0.117273,0.407619,0.367526,0.306690,0.294160,0.234771,0.258120,0.278180,0.271450,0.395005,0.369014
0.686293,0.714830,0.603697,0.594361,0.025517,-0.253145,-0.446356,-0.360068,0.530889,0.547527,0.645094,0.668154,0.660317,0.500194,0.355293,0.843104,0.663233,0.884095,0.528399,0.000000,0.514182,0.656354,0.651824,0.704878,0.334773,0.618570,0.674162,0.585773,0.588397,0.457169,0.641315,0.609095,0.399514,0.848350,0.824278
0.458693,0.428972,0.510239,0.546086,0.124543,-0.299578,-0.296970,-0.344103,0.397743,0.286455,0.436917,0.363723,0.417971,0.489017,0.416372,0.507546,0.472042,0.526494,0.220738,0.514182,0.000000,0.636875,0.605218,0.629958,0.684825,0.325717,0.364075,0.713650,0.509888,0.640708,0.645135,0.480065,0.514474,0.603865,0.577521
0.828408,0.799353,0.501800,0.560360,0.359545,-0.435117,-0.365329,-0.521366,0.561494,0.671018,0.770039,0.622163,0.641396,0.464744,0.503123,0.754854,0.693185,0.629330,0.275468,0.656354,0.636875,0.000000,0.665775,0.926942,0.494988,0.593871,0.618929,0.499889,0.669744,0.581431,0.621583,0.593444,0.274539,0.764753,0.768188
0.595444,0.562439,0.408434,0.436569,0.067236,-0.194363,-0.370828,-0.306623,0.413652,0.440199,0.467659,0.475529,0.590589,0.566765,0.473455,0.690976,0.739153,0.658609,0.453071,0.651824,0.605218,0.665775,0.000000,0.650910,0.510210,0.596645,0.615857,0.503913,0.629495,0.529613,0.636747,0.657701,0.410520,0.717987,0.679266
0.814788,0.851131,0.571656,0.616127,0.350398,-0.420544,-0.325566,-0.500317,0.571022,0.645213,0.803168,0.652509,0.668095,0.459922,0.482159,0.786658,0.712097,0.674197,0.283711,0.704878,0.629958,0.926942,0.650910,0.000000,0.463841,0.607001,0.650401,0.516963,0.653384,0.575027,0.643637,0.603370,0.239964,0.771784,0.785956
0.235317,0.223377,0.343362,0.437916,0.019466,-0.281155,-0.238086,-0.337002,0.198259,0.201055,0.238826,0.169864,0.226504,0.475312,0.379254,0.367694,0.396310,0.322690,0.117273,0.334773,0.684825,0.494988,0.510210,0.463841,0.000000,0.246143,0.248832,0.550947,0.349117,0.514386,0.549133,0.370268,0.471229,0.375819,0.364783
0.664857,0.632870,0.333003,0.362540,0.266703,-0.138272,-0.397167,-0.314066,0.596315,0.620697,0.526337,0.556623,0.747141,0.437096,0.225644,0.649395,0.736964,0.648321,0.407619,0.618570,0.325717,0.593871,0.596645,0.607001,0.246143,0.000000,0.932456,0.318216,0.571086,0.165661,0.344899,0.559466,0.186075,0.586352,0.592073
0.696928,0.686606,0.420242,0.420019,0.241629,-0.169619,-0.387019,-0.321560,0.585882,0.606599,0.582779,0.606829,0.790213,0.489442,0.252432,0.712406,0.754526,0.661769,0.367526,0.674162,0.364075,0.618929,0.615857,0.650401,0.248832,0.932456,0.000000,0.389482,0.603958,0.234141,0.417219,0.630704,0.260810,0.655436,0.646474
0.391919,0.378123,0.531595,0.546666,0.063461,-0.303721,-0.267954,-0.331577,0.400423,0.295146,0.411687,0.336144,0.416930,0.604297,0.405180,0.560969,0.406347,0.564593,0.306690,0.585773,0.713650,0.499889,0.503913,0.516963,0.550947,0.318216,0.389482,0.000000,0.575874,0.676453,0.686223,0.551251,0.677416,0.635363,0.607366
0.624283,0.612351,0.406345,0.434904,0.228581,-0.257896,-0.380708,-0.376210,0.584625,0.623894,0.557931,0.448734,0.593834,0.623737,0.484688,0.687442,0.655079,0.557187,0.294160,0.588397,0.509888,0.669744,0.629495,0.653384,0.349117,0.571086,0.603958,0.575874,0.000000,0.660032,0.624847,0.773748,0.366985,0.723141,0.690181
0.463137,0.491165,0.459633,0.488590,0.057771,-0.376844,-0.228952,-0.345205,0.380395,0.230111,0.496194,0.228085,0.322691,0.532420,0.478245,0.533763,0.445672,0.423594,0.234771,0.457169,0.640708,0.581431,0.529613,0.575027,0.514386,0.165661,0.234141,0.676453,0.660032,0.000000,0.811672,0.576061,0.506235,0.627891,0.601037
0.565557,0.598221,0.591411,0.566282,0.005541,-0.355198,-0.283447,-0.386055,0.502757,0.316965,0.585006,0.460959,0.520684,0.587427,0.423267,0.710020,0.569423,0.553606,0.258120,0.641315,0.645135,0.621583,0.636747,0.643637,0.549133,0.344899,0.417219,0.686223,0.624847,0.811672,0.000000,0.727227,0.629985,0.743237,0.722663
0.601172,0.587141,0.484753,0.504616,0.160143,-0.282089,-0.342187,-0.365332,0.438220,0.491636,0.538753,0.530798,0.622173,0.575316,0.425533,0.724585,0.687708,0.550825,0.278180,0.609095,0.480065,0.593444,0.657701,0.603370,0.370268,0.559466,0.630704,0.551251,0.773748,0.576061,0.727227,0.000000,0.485342,0.714194,0.684821
0.232111,0.182624,0.376051,0.369748,-0.087031,-0.176218,-0.177965,-0.135885,0.241678,0.045754,0.225147,0.199572,0.366994,0.428475,0.183809,0.322621,0.234263,0.346769,0.271450,0.399514,0.514474,0.274539,0.410520,0.239964,0.471229,0.186075,0.260810,0.677416,0.366985,0.506235,0.629985,0.485342,0.000000,0.466508,0.445047
0.748876,0.752084,0.554010,0.562558,0.093143,-0.317700,-0.504884,-0.383143,0.571190,0.555674,0.722721,0.631509,0.686502,0.555462,0.428323,0.846926,0.668776,0.777031,0.395005,0.848350,0.603865,0.764753,0.717987,0.771784,0.375819,0.586352,0.655436,0.635363,0.723141,0.627891,0.743237,0.714194,0.466508,0.000000,0.949653
0.742878,0.761167,0.560558,0.593365,0.146305,-0.314815,-0.450004,-0.388236,0.603895,0.568321,0.748281,0.637812,0.700123,0.506774,0.387985,0.827393,0.646194,0.754234,0.369014,0.824278,0.577521,0.768188,0.679266,0.785956,0.364783,0.592073,0.646474,0.607366,0.690181,0.601037,0.722663,0.684821,0.445047,0.949653,0.000000
