0.000000,0.807271,0.217317,0.150621,-0.071734,-0.144834,-0.288960,-0.056575,0.215826,0.353425,0.374660,0.421518,0.075253,0.033540,0.414951,0.138349,0.215199,0.075481,0.031756,0.108565,0.199932,0.560168,0.150458,0.520510,0.166778,0.439427,0.419591,0.261046,0.125682,0.324315,0.301577,0.113037,0.320567,0.347667,0.366784
0.807271,0.000000,0.249269,0.132734,-0.186558,-0.190377,-0.319463,-0.051599,0.226792,0.387149,0.455134,0.511862,0.048076,0.092914,0.433592,0.202051,0.218950,0.044807,0.045355,0.074018,0.175503,0.454416,0.075893,0.520756,0.124733,0.442576,0.488793,0.163958,0.033563,0.218792,0.303487,0.142763,0.262798,0.269316,0.286158
0.217317,0.249269,0.000000,0.714992,0.122368,0.024801,-0.336195,-0.078735,-0.011270,0.155939,0.282061,0.313928,0.013724,-0.029856,0.266966,0.183190,0.196161,0.156133,-0.140180,0.203526,0.151880,0.344832,-0.049884,0.346708,0.082327,0.262260,0.249819,0.192258,0.131803,0.116701,0.254729,0.169756,0.224168,0.348887,0.322707
0.150621,0.132734,0.714992,0.000000,0.132372,0.018572,-0.136082,-0.166341,-0.096332,0.146056,0.141292,0.157056,-0.108058,0.112531,0.257885,0.202356,0.237244,0.240250,0.000937,0.240348,0.170058,0.260686,0.090958,0.240830,0.131092,0.165318,0.104121,0.149512,0.009542,0.048188,0.067025,-0.019176,0.105172,0.287766,0.283789
-0.071734,-0.186558,0.122368,0.132372,0.000000,-0.044529,0.118126,-0.000854,-0.116676,-0.152467,-0.082340,-0.141804,-0.042098,-0.061091,-0.050997,-0.063231,0.008555,0.057001,-0.099883,0.042966,0.105426,0.283486,0.204224,0.226139,0.106838,-0.021495,-0.093377,0.270411,0.112432,0.124365,0.100688,-0.032661,0.153472,0.090162,0.095461
-0.144834,-0.190377,0.024801,0.018572,-0.044529,0.000000,0.169301,0.258502,-0.074798,-0.101854,-0.059173,-0.103041,0.032422,0.093443,0.149398,0.003041,0.210271,0.036804,-0.070805,0.040504,0.123242,-0.106929,-0.067831,-0.128678,0.164489,0.122265,0.051889,-0.112467,-0.026078,-0.158351,-0.210952,-0.126941,-0.077809,0.101611,0.084671
-0.288960,-0.319463,-0.336195,-0.136082,0.118126,0.169301,0.000000,0.056814,-0.226965,-0.348704,-0.191036,-0.369300,-0.022309,-0.099381,-0.161640,-0.252785,-0.209647,-0.005776,0.292745,-0.030715,-0.221303,-0.331203,-0.238487,-0.324770,-0.285447,-0.305108,-0.246953,-0.210991,-0.244888,-0.196607,-0.272691,-0.256341,-0.141052,-0.203685,-0.224064
-0.056575,-0.051599,-0.078735,-0.166341,-0.000854,0.258502,0.056814,0.000000,-0.036892,-0.094399,-0.036377,0.046827,0.014924,0.021509,0.106948,0.032436,0.157168,0.008297,-0.088511,-0.028429,0.198357,0.106184,-0.034114,0.105468,0.261642,0.108967,0.120885,-0.058902,0.022372,-0.011131,-0.028808,-0.043503,0.107686,0.013975,0.046393
0.215826,0.226792,-0.011270,-0.096332,-0.116676,-0.074798,-0.226965,-0.036892,0.000000,0.495931,0.340964,0.260250,0.357598,0.052183,-0.000256,0.015896,-0.058552,-0.034531,-0.104124,-0.079118,0.199514,0.115970,0.109743,0.136805,0.126454,0.203180,0.139535,0.080459,0.368608,0.148809,0.166350,0.227674,0.061280,0.157746,0.196531
0.353425,0.387149,0.155939,0.146056,-0.152467,-0.101854,-0.348704,-0.094399,0.495931,0.000000,0.440036,0.539861,0.235795,0.219386,0.244600,0.283074,0.257681,0.103873,-0.076996,0.071521,0.195302,0.257476,0.236241,0.288256,0.141699,0.293073,0.252664,0.058062,0.118384,0.068271,0.171973,0.081388,0.092249,0.198709,0.203080
0.374660,0.455134,0.282061,0.141292,-0.082340,-0.059173,-0.191036,-0.036377,0.340964,0.440036,0.000000,0.568944,0.265437,0.132239,0.290400,0.425598,0.253550,0.028231,-0.118539,0.166241,0.158544,0.362477,0.080051,0.371694,0.025147,0.292577,0.336538,0.116973,0.168771,0.258540,0.476451,0.248986,0.208746,0.406419,0.399111
0.421518,0.511862,0.313928,0.157056,-0.141804,-0.103041,-0.369300,0.046827,0.260250,0.539861,0.568944,0.000000,0.186618,0.152911,0.313820,0.294694,0.390538,0.025739,-0.174168,0.120617,0.119936,0.307527,0.040507,0.382454,0.075740,0.359864,0.385520,-0.075849,-0.088103,-0.058937,0.208225,0.083543,0.173296,0.313859,0.300304
0.075253,0.048076,0.013724,-0.108058,-0.042098,0.032422,-0.022309,0.014924,0.357598,0.235795,0.265437,0.186618,0.000000,-0.115414,-0.146876,-0.086781,-0.089346,0.061099,0.023332,0.044051,0.099799,0.111811,0.098904,0.140804,0.087204,0.092349,0.048136,0.058532,0.196603,0.044414,0.339180,0.352515,0.185004,0.083505,0.091740
0.033540,0.092914,-0.029856,0.112531,-0.061091,0.093443,-0.099381,0.021509,0.052183,0.219386,0.132239,0.152911,-0.115414,0.000000,0.520407,0.701910,0.527863,0.271783,0.106278,0.225827,0.234332,0.080025,0.264260,0.120446,0.158322,0.023758,-0.049042,0.011958,-0.135448,-0.126352,-0.175353,-0.217636,0.085381,0.154623,0.181337
0.414951,0.433592,0.266966,0.257885,-0.050997,0.149398,-0.161640,0.106948,-0.000256,0.244600,0.290400,0.313820,-0.146876,0.520407,0.000000,0.496329,0.563389,0.074096,-0.031276,0.086770,0.117442,0.258600,0.130750,0.272738,0.099048,0.136435,0.202314,0.163055,-0.091851,0.079960,0.016465,-0.140499,0.228667,0.229529,0.249817
0.138349,0.202051,0.183190,0.202356,-0.063231,0.003041,-0.252785,0.032436,0.015896,0.283074,0.425598,0.294694,-0.086781,0.701910,0.496329,0.000000,0.577463,0.209208,-0.027895,0.250463,0.255513,0.210846,0.280139,0.200466,0.128170,0.026734,0.031116,0.132771,-0.065010,0.097910,0.108047,-0.038285,0.158630,0.342248,0.365587
0.215199,0.218950,0.196161,0.237244,0.008555,0.210271,-0.209647,0.157168,-0.058552,0.257681,0.253550,0.390538,-0.089346,0.527863,0.563389,0.577463,0.000000,0.117835,-0.130944,0.146851,0.178477,0.217912,0.256252,0.211619,0.122311,0.099116,0.065699,0.065050,-0.260639,-0.052947,-0.050596,-0.253956,0.158758,0.217435,0.241853
0.075481,0.044807,0.156133,0.240250,0.057001,0.036804,-0.005776,0.008297,-0.034531,0.103873,0.028231,0.025739,0.061099,0.271783,0.074096,0.209208,0.117835,0.000000,0.553709,0.679556,0.342721,0.220332,0.208686,0.188164,0.317841,0.128061,-0.015282,0.125913,0.114464,0.016135,0.041327,-0.021336,0.118236,0.406821,0.339577
0.031756,0.045355,-0.140180,0.000937,-0.099883,-0.070805,0.292745,-0.088511,-0.104124,-0.076996,-0.118539,-0.174168,0.023332,0.106278,-0.031276,-0.027895,-0.130944,0.553709,0.000000,0.342079,0.060140,-0.007352,-0.074411,0.001366,0.064381,-0.021690,-0.014251,-0.069783,-0.088669,-0.135050,-0.109277,-0.063827,0.000946,0.054509,0.030841
0.108565,0.074018,0.203526,0.240348,0.042966,0.040504,-0.030715,-0.028429,-0.079118,0.071521,0.166241,0.120617,0.044051,0.225827,0.086770,0.250463,0.146851,0.679556,0.342079,0.000000,0.140656,0.185012,0.069714,0.153533,0.092448,0.151286,0.065391,0.072600,0.084062,0.046499,0.103039,-0.073710,0.072957,0.417754,0.337417
0.199932,0.175503,0.151880,0.170058,0.105426,0.123242,-0.221303,0.198357,0.199514,0.195302,0.158544,0.119936,0.099799,0.234332,0.117442,0.255513,0.178477,0.342721,0.060140,0.140656,0.000000,0.523455,0.492841,0.508269,0.719554,0.296729,0.138702,0.377463,0.219218,0.225977,0.179422,0.024431,0.281879,0.299706,0.352543
0.560168,0.454416,0.344832,0.260686,0.283486,-0.106929,-0.331203,0.106184,0.115970,0.257476,0.362477,0.307527,0.111811,0.080025,0.258600,0.210846,0.217912,0.220332,-0.007352,0.185012,0.523455,0.000000,0.416713,0.860730,0.473045,0.468846,0.379785,0.492520,0.308789,0.414040,0.452115,0.160785,0.449955,0.448442,0.509995
0.150458,0.075893,-0.049884,0.090958,0.204224,-0.067831,-0.238487,-0.034114,0.109743,0.236241,0.080051,0.040507,0.098904,0.264260,0.130750,0.280139,0.256252,0.208686,-0.074411,0.069714,0.492841,0.416713,0.000000,0.384998,0.458351,0.065259,-0.024692,0.465464,0.202928,0.237193,0.195722,0.065848,0.151118,0.215351,0.250955
0.520510,0.520756,0.346708,0.240830,0.226139,-0.128678,-0.324770,0.105468,0.136805,0.288256,0.371694,0.382454,0.140804,0.120446,0.272738,0.200466,0.211619,0.188164,0.001366,0.153533,0.508269,0.860730,0.384998,0.000000,0.462379,0.505727,0.452933,0.392343,0.211582,0.250775,0.391757,0.147682,0.423070,0.357006,0.439792
0.166778,0.124733,0.082327,0.131092,0.106838,0.164489,-0.285447,0.261642,0.126454,0.141699,0.025147,0.075740,0.087204,0.158322,0.099048,0.128170,0.122311,0.317841,0.064381,0.092448,0.719554,0.473045,0.458351,0.462379,0.000000,0.270273,0.111800,0.252253,0.216369,0.185178,0.173028,0.031253,0.262390,0.211403,0.300839
0.439427,0.442576,0.262260,0.165318,-0.021495,0.122265,-0.305108,0.108967,0.203180,0.293073,0.292577,0.359864,0.092349,0.023758,0.136435,0.026734,0.099116,0.128061,-0.021690,0.151286,0.296729,0.468846,0.065259,0.505727,0.270273,0.000000,0.753228,0.122938,0.171952,0.049239,0.182832,0.066035,0.123774,0.360217,0.355654
0.419591,0.488793,0.249819,0.104121,-0.093377,0.051889,-0.246953,0.120885,0.139535,0.252664,0.336538,0.385520,0.048136,-0.049042,0.202314,0.031116,0.065699,-0.015282,-0.014251,0.065391,0.138702,0.379785,-0.024692,0.452933,0.111800,0.753228,0.000000,0.075529,0.160428,0.071051,0.199495,0.221172,0.107537,0.365354,0.339153
0.261046,0.163958,0.192258,0.149512,0.270411,-0.112467,-0.210991,-0.058902,0.080459,0.058062,0.116973,-0.075849,0.058532,0.011958,0.163055,0.132771,0.065050,0.125913,-0.069783,0.072600,0.377463,0.492520,0.465464,0.392343,0.252253,0.122938,0.075529,0.000000,0.489312,0.573024,0.461831,0.247379,0.447398,0.269894,0.268720
0.125682,0.033563,0.131803,0.009542,0.112432,-0.026078,-0.244888,0.022372,0.368608,0.118384,0.168771,-0.088103,0.196603,-0.135448,-0.091851,-0.065010,-0.260639,0.114464,-0.088669,0.084062,0.219218,0.308789,0.202928,0.211582,0.216369,0.171952,0.160428,0.489312,0.000000,0.573687,0.498136,0.557935,0.183069,0.323801,0.323654
0.324315,0.218792,0.116701,0.048188,0.124365,-0.158351,-0.196607,-0.011131,0.148809,0.068271,0.258540,-0.058937,0.044414,-0.126352,0.079960,0.097910,-0.052947,0.016135,-0.135050,0.046499,0.225977,0.414040,0.237193,0.250775,0.185178,0.049239,0.071051,0.573024,0.573687,0.000000,0.678661,0.329488,0.317399,0.276108,0.303426
0.301577,0.303487,0.254729,0.067025,0.100688,-0.210952,-0.272691,-0.028808,0.166350,0.171973,0.476451,0.208225,0.339180,-0.175353,0.016465,0.108047,-0.050596,0.041327,-0.109277,0.103039,0.179422,0.452115,0.195722,0.391757,0.173028,0.182832,0.199495,0.461831,0.498136,0.678661,0.000000,0.575814,0.470407,0.296951,0.312093
0.113037,0.142763,0.169756,-0.019176,-0.032661,-0.126941,-0.256341,-0.043503,0.227674,0.081388,0.248986,0.083543,0.352515,-0.217636,-0.140499,-0.038285,-0.253956,-0.021336,-0.063827,-0.073710,0.024431,0.160785,0.065848,0.147682,0.031253,0.066035,0.221172,0.247379,0.557935,0.329488,0.575814,0.000000,0.224787,0.187867,0.184942
0.320567,0.262798,0.224168,0.105172,0.153472,-0.077809,-0.141052,0.107686,0.061280,0.092249,0.208746,0.173296,0.185004,0.085381,0.228667,0.158630,0.158758,0.118236,0.000946,0.072957,0.281879,0.449955,0.151118,0.423070,0.262390,0.123774,0.107537,0.447398,0.183069,0.317399,0.470407,0.224787,0.000000,0.203000,0.264715
0.347667,0.269316,0.348887,0.287766,0.090162,0.101611,-0.203685,0.013975,0.157746,0.198709,0.406419,0.313859,0.083505,0.154623,0.229529,0.342248,0.217435,0.406821,0.054509,0.417754,0.299706,0.448442,0.215351,0.357006,0.211403,0.360217,0.365354,0.269894,0.323801,0.276108,0.296951,0.187867,0.203000,0.000000,0.865334
0.366784,0.286158,0.322707,0.283789,0.095461,0.084671,-0.224064,0.046393,0.196531,0.203080,0.399111,0.300304,0.091740,0.181337,0.249817,0.365587,0.241853,0.339577,0.030841,0.337417,0.352543,0.509995,0.250955,0.439792,0.300839,0.355654,0.339153,0.268720,0.323654,0.303426,0.312093,0.184942,0.264715,0.865334,0.000000
