0.000000,0.842293,0.216272,0.177587,0.011057,-0.078983,-0.102678,-0.067003,0.188087,0.223604,0.308001,0.469391,0.380141,-0.262614,-0.055837,-0.217833,-0.207688,-0.110765,-0.167344,-0.098225,0.266121,0.655956,-0.298946,0.547135,0.134173,0.690655,0.544337,0.423686,0.421487,0.389068,0.278197,0.449101,0.278240,0.370568,0.412247
0.842293,0.000000,0.342574,0.244019,-0.013964,-0.026961,-0.077954,0.000975,0.209077,0.199705,0.284926,0.495783,0.490574,-0.220520,-0.043452,-0.190507,-0.208877,-0.027469,-0.112176,-0.041266,0.300733,0.637620,-0.256873,0.609834,0.161227,0.660730,0.560867,0.390900,0.366351,0.379062,0.300688,0.461416,0.308980,0.307645,0.334560
0.216272,0.342574,0.000000,0.782248,0.337574,0.231204,0.009053,0.177757,-0.051164,0.268301,0.089038,0.353787,0.408359,0.135353,0.354584,0.144443,0.214358,0.297330,0.212036,0.339269,0.453329,0.442777,-0.000440,0.536649,0.255531,0.229736,0.221028,0.368192,0.325860,0.170531,0.348660,0.522822,0.502589,0.139929,0.105944
0.177587,0.244019,0.782248,0.000000,0.347628,0.252900,-0.065461,0.117355,0.035822,0.348962,0.159627,0.268777,0.217003,0.289149,0.454788,0.342479,0.295540,0.411684,0.157312,0.470199,0.353647,0.379465,-0.015957,0.352371,0.061722,0.253103,0.235260,0.351969,0.463211,0.179041,0.224629,0.446848,0.339903,0.223880,0.203860
0.011057,-0.013964,0.337574,0.347628,0.000000,0.153517,-0.014392,0.209593,-0.119981,0.187237,-0.113075,0.197133,0.148607,0.141889,0.139244,0.089905,0.210223,0.149198,-0.109101,0.225723,0.071607,0.257276,-0.106602,0.226371,-0.039677,0.035571,0.106152,-0.011391,0.180176,-0.159565,-0.123437,0.131527,0.031213,0.075867,0.059509
-0.078983,-0.026961,0.231204,0.252900,0.153517,0.000000,-0.075690,0.522042,0.018189,0.146836,0.188167,0.025167,0.079145,0.220218,0.329384,0.195368,0.241951,0.205635,0.275386,0.056197,0.248648,0.112074,0.195621,0.091865,0.265731,-0.031344,-0.106075,0.125280,0.172085,0.117739,0.085742,0.106674,0.121532,-0.032426,-0.066864
-0.102678,-0.077954,0.009053,-0.065461,-0.014392,-0.075690,0.000000,0.096557,-0.130914,-0.174184,-0.221666,-0.002567,0.078414,-0.069456,-0.198445,-0.113110,-0.134310,-0.101097,-0.131219,-0.054861,-0.170147,-0.156269,-0.136428,-0.067347,-0.153174,-0.127300,-0.036411,-0.195034,-0.132544,-0.126521,-0.072599,-0.111308,-0.079515,-0.131055,-0.119450
-0.067003,0.000975,0.177757,0.117355,0.209593,0.522042,0.096557,0.000000,-0.118311,0.020227,-0.046047,0.029638,0.084146,0.025504,0.077691,0.029826,0.154496,0.080057,0.130878,0.027509,0.205620,0.065683,0.212891,0.103110,0.206800,-0.073272,-0.090668,0.024020,0.081285,0.026707,-0.003161,0.071402,0.015359,-0.039864,-0.067595
0.188087,0.209077,-0.051164,0.035822,-0.119981,0.018189,-0.130914,-0.118311,0.000000,0.468894,0.587998,0.421583,0.326797,0.189946,0.113446,0.124647,-0.133540,0.096536,-0.029480,-0.078323,0.166236,0.149460,-0.064669,-0.087237,-0.044289,0.382024,0.291212,-0.085595,0.181315,0.243061,-0.051820,-0.049856,-0.290841,0.153174,0.134643
0.223604,0.199705,0.268301,0.348962,0.187237,0.146836,-0.174184,0.020227,0.468894,0.000000,0.431391,0.470349,0.276899,0.350333,0.516942,0.375867,0.194556,0.111043,-0.010216,0.035483,0.373460,0.373417,-0.043508,0.184511,0.084659,0.356336,0.244695,0.218473,0.409393,0.300548,0.203207,0.285649,0.092991,0.304859,0.284076
0.308001,0.284926,0.089038,0.159627,-0.113075,0.188167,-0.221666,-0.046047,0.587998,0.431391,0.000000,0.246849,0.354083,0.175308,0.183155,0.186145,-0.108194,0.236607,0.145751,0.072474,0.317123,0.301619,-0.039220,0.134654,0.132244,0.451436,0.346820,0.148297,0.317419,0.464614,0.216397,0.100049,0.004075,0.165648,0.164525
0.469391,0.495783,0.353787,0.268777,0.197133,0.025167,-0.002567,0.029638,0.421583,0.470349,0.246849,0.000000,0.526958,-0.026501,0.112625,-0.181591,-0.141791,-0.020616,-0.018631,-0.092871,0.344063,0.510421,-0.209937,0.413373,0.145773,0.470315,0.432195,0.166550,0.327882,0.179022,0.141781,0.398466,0.124199,0.310057,0.288969
0.380141,0.490574,0.408359,0.217003,0.148607,0.079145,0.078414,0.084146,0.326797,0.276899,0.354083,0.526958,0.000000,-0.150822,0.030767,-0.161796,-0.299392,0.070553,-0.110937,0.019601,0.289003,0.417383,-0.275159,0.415704,0.114117,0.348354,0.343926,0.246493,0.332886,0.382904,0.384495,0.410897,0.241453,0.050851,0.052417
-0.262614,-0.220520,0.135353,0.289149,0.141889,0.220218,-0.069456,0.025504,0.189946,0.350333,0.175308,-0.026501,-0.150822,0.000000,0.635730,0.739269,0.558156,0.412233,0.211036,0.275896,0.041301,0.020707,0.343327,-0.023675,0.059412,-0.079268,-0.074662,-0.130133,0.010371,-0.125916,-0.084376,-0.126003,-0.068031,0.236273,0.178905
-0.055837,-0.043452,0.354584,0.454788,0.139244,0.329384,-0.198445,0.077691,0.113446,0.516942,0.183155,0.112625,0.030767,0.635730,0.000000,0.546498,0.521422,0.302047,0.276761,0.182755,0.316992,0.240111,0.250268,0.177782,0.244601,-0.055462,-0.170322,0.314757,0.343746,0.224398,0.256649,0.278784,0.262717,0.232238,0.201548
-0.217833,-0.190507,0.144443,0.342479,0.089905,0.195368,-0.113110,0.029826,0.124647,0.375867,0.186145,-0.181591,-0.161796,0.739269,0.546498,0.000000,0.520469,0.493146,0.176168,0.384908,0.057199,0.024373,0.334491,-0.042309,0.024086,-0.002636,-0.036513,0.004066,0.152700,0.063522,0.073002,-0.010084,-0.005078,0.225018,0.185477
-0.207688,-0.208877,0.214358,0.295540,0.210223,0.241951,-0.134310,0.154496,-0.133540,0.194556,-0.108194,-0.141791,-0.299392,0.558156,0.521422,0.520469,0.000000,0.237935,0.329379,0.127239,0.190662,0.073213,0.537128,0.091320,0.261984,-0.171210,-0.270961,-0.032248,0.006244,-0.164639,-0.047195,0.003881,0.084741,0.158415,0.141546
-0.110765,-0.027469,0.297330,0.411684,0.149198,0.205635,-0.101097,0.080057,0.096536,0.111043,0.236607,-0.020616,0.070553,0.412233,0.302047,0.493146,0.237935,0.000000,0.453484,0.703463,0.134711,0.159638,0.314700,0.111262,0.133641,0.061545,0.077520,-0.020077,0.191646,0.029892,-0.002976,-0.008626,-0.053375,0.211546,0.171728
-0.167344,-0.112176,0.212036,0.157312,-0.109101,0.275386,-0.131219,0.130878,-0.029480,-0.010216,0.145751,-0.018631,-0.110937,0.211036,0.276761,0.176168,0.329379,0.453484,0.000000,0.153646,0.418040,0.103702,0.549382,0.115119,0.570967,-0.065673,-0.179551,0.028047,-0.020994,0.044539,0.114295,0.001057,0.158302,0.059230,0.024796
-0.098225,-0.041266,0.339269,0.470199,0.225723,0.056197,-0.054861,0.027509,-0.078323,0.035483,0.072474,-0.092871,0.019601,0.275896,0.182755,0.384908,0.127239,0.703463,0.153646,0.000000,-0.023186,0.149394,0.097181,0.135302,-0.105827,0.037241,0.124209,0.033083,0.174300,-0.050366,-0.030252,0.055336,-0.047782,0.208211,0.179193
0.266121,0.300733,0.453329,0.353647,0.071607,0.248648,-0.170147,0.205620,0.166236,0.373460,0.317123,0.344063,0.289003,0.041301,0.316992,0.057199,0.190662,0.134711,0.418040,-0.023186,0.000000,0.483053,0.268336,0.506050,0.628040,0.271209,0.158783,0.375766,0.305840,0.379239,0.400637,0.395440,0.357810,0.222145,0.236580
0.655956,0.637620,0.442777,0.379465,0.257276,0.112074,-0.156269,0.065683,0.149460,0.373417,0.301619,0.510421,0.417383,0.020707,0.240111,0.024373,0.073213,0.159638,0.103702,0.149394,0.483053,0.000000,0.004559,0.784268,0.360121,0.581393,0.437835,0.477888,0.503352,0.426822,0.404334,0.528053,0.368403,0.435486,0.454886
-0.298946,-0.256873,-0.000440,-0.015957,-0.106602,0.195621,-0.136428,0.212891,-0.064669,-0.043508,-0.039220,-0.209937,-0.275159,0.343327,0.250268,0.334491,0.537128,0.314700,0.549382,0.097181,0.268336,0.004559,0.000000,0.016082,0.436011,-0.178931,-0.346775,-0.080467,-0.128852,-0.014927,0.033581,-0.165491,-0.009591,0.097499,0.091284
0.547135,0.609834,0.536649,0.352371,0.226371,0.091865,-0.067347,0.103110,-0.087237,0.184511,0.134654,0.413373,0.415704,-0.023675,0.177782,-0.042309,0.091320,0.111262,0.115119,0.135302,0.506050,0.784268,0.016082,0.000000,0.435693,0.385108,0.312517,0.449437,0.309490,0.294096,0.454225,0.536307,0.526971,0.337847,0.343981
0.134173,0.161227,0.255531,0.061722,-0.039677,0.265731,-0.153174,0.206800,-0.044289,0.084659,0.132244,0.145773,0.114117,0.059412,0.244601,0.024086,0.261984,0.133641,0.570967,-0.105827,0.628040,0.360121,0.436011,0.435693,0.000000,0.094913,-0.027073,0.273785,0.069431,0.225239,0.294015,0.212949,0.376822,0.173255,0.186015
0.690655,0.660730,0.229736,0.253103,0.035571,-0.031344,-0.127300,-0.073272,0.382024,0.356336,0.451436,0.470315,0.348354,-0.079268,-0.055462,-0.002636,-0.171210,0.061545,-0.065673,0.037241,0.271209,0.581393,-0.178931,0.385108,0.094913,0.000000,0.773156,0.277077,0.358424,0.351116,0.182668,0.326371,0.150248,0.352286,0.359813
0.544337,0.560867,0.221028,0.235260,0.106152,-0.106075,-0.036411,-0.090668,0.291212,0.244695,0.346820,0.432195,0.343926,-0.074662,-0.170322,-0.036513,-0.270961,0.077520,-0.179551,0.124209,0.158783,0.437835,-0.346775,0.312517,-0.027073,0.773156,0.000000,0.118648,0.215279,0.161007,0.039661,0.240615,0.045919,0.176195,0.179621
0.423686,0.390900,0.368192,0.351969,-0.011391,0.125280,-0.195034,0.024020,-0.085595,0.218473,0.148297,0.166550,0.246493,-0.130133,0.314757,0.004066,-0.032248,-0.020077,0.028047,0.033083,0.375766,0.477888,-0.080467,0.449437,0.273785,0.277077,0.118648,0.000000,0.610707,0.690551,0.641611,0.652859,0.660753,0.128694,0.181844
0.421487,0.366351,0.325860,0.463211,0.180176,0.172085,-0.132544,0.081285,0.181315,0.409393,0.317419,0.327882,0.332886,0.010371,0.343746,0.152700,0.006244,0.191646,-0.020994,0.174300,0.305840,0.503352,-0.128852,0.309490,0.069431,0.358424,0.215279,0.610707,0.000000,0.605372,0.464033,0.652021,0.330833,0.311658,0.341386
0.389068,0.379062,0.170531,0.179041,-0.159565,0.117739,-0.126521,0.026707,0.243061,0.300548,0.464614,0.179022,0.382904,-0.125916,0.224398,0.063522,-0.164639,0.029892,0.044539,-0.050366,0.379239,0.426822,-0.014927,0.294096,0.225239,0.351116,0.161007,0.690551,0.605372,0.000000,0.686869,0.507970,0.405336,0.043243,0.103698
0.278197,0.300688,0.348660,0.224629,-0.123437,0.085742,-0.072599,-0.003161,-0.051820,0.203207,0.216397,0.141781,0.384495,-0.084376,0.256649,0.073002,-0.047195,-0.002976,0.114295,-0.030252,0.400637,0.404334,0.033581,0.454225,0.294015,0.182668,0.039661,0.641611,0.464033,0.686869,0.000000,0.710261,0.713547,0.114790,0.110239
0.449101,0.461416,0.522822,0.446848,0.131527,0.106674,-0.111308,0.071402,-0.049856,0.285649,0.100049,0.398466,0.410897,-0.126003,0.278784,-0.010084,0.003881,-0.008626,0.001057,0.055336,0.395440,0.528053,-0.165491,0.536307,0.212949,0.326371,0.240615,0.652859,0.652021,0.507970,0.710261,0.000000,0.690132,0.264641,0.243651
0.278240,0.308980,0.502589,0.339903,0.031213,0.121532,-0.079515,0.015359,-0.290841,0.092991,0.004075,0.124199,0.241453,-0.068031,0.262717,-0.005078,0.084741,-0.053375,0.158302,-0.047782,0.357810,0.368403,-0.009591,0.526971,0.376822,0.150248,0.045919,0.660753,0.330833,0.405336,0.713547,0.690132,0.000000,0.125854,0.109206
0.370568,0.307645,0.139929,0.223880,0.075867,-0.032426,-0.131055,-0.039864,0.153174,0.304859,0.165648,0.310057,0.050851,0.236273,0.232238,0.225018,0.158415,0.211546,0.059230,0.208211,0.222145,0.435486,0.097499,0.337847,0.173255,0.352286,0.176195,0.128694,0.311658,0.043243,0.114790,0.264641,0.125854,0.000000,0.877626
0.412247,0.334560,0.105944,0.203860,0.059509,-0.066864,-0.119450,-0.067595,0.134643,0.284076,0.164525,0.288969,0.052417,0.178905,0.201548,0.185477,0.141546,0.171728,0.024796,0.179193,0.236580,0.454886,0.091284,0.343981,0.186015,0.359813,0.179621,0.181844,0.341386,0.103698,0.110239,0.243651,0.109206,0.877626,0.000000
