0.000000,0.892010,0.375136,0.581392,0.177604,-0.183521,-0.105719,-0.038717,0.336612,0.623214,0.688172,0.450295,0.188281,0.382973,0.281725,0.558725,0.496366,0.557789,0.552148,0.579230,0.510348,0.828864,0.591899,0.791711,0.378668,0.753281,0.747380,0.411756,0.523549,0.618079,0.455702,0.219764,0.241356,0.802484,0.812827
0.892010,0.000000,0.405048,0.605553,0.168185,-0.150197,-0.120255,-0.018671,0.362846,0.641001,0.693439,0.527492,0.241609,0.370493,0.283034,0.540244,0.511232,0.609121,0.596765,0.596779,0.544986,0.802729,0.619148,0.838834,0.408567,0.744139,0.762482,0.459533,0.506129,0.621966,0.510223,0.264037,0.323077,0.743966,0.758069
0.375136,0.405048,0.000000,0.679739,0.424377,-0.107838,-0.008617,-0.126175,0.082604,0.380332,0.414537,0.415739,0.134838,0.206734,0.116613,0.215796,0.400407,0.530245,0.467540,0.463444,0.437576,0.493186,0.411944,0.512857,0.493222,0.287495,0.364550,0.199857,0.358396,0.406978,0.410298,0.460285,0.318480,0.387953,0.343823
0.581392,0.605553,0.679739,0.000000,0.322245,-0.201300,0.009036,-0.020152,0.099315,0.552784,0.593610,0.392241,-0.033322,0.527422,0.322225,0.496628,0.610520,0.750800,0.585020,0.667718,0.629470,0.646906,0.611594,0.635827,0.577448,0.543107,0.565316,0.299717,0.472872,0.616391,0.523065,0.409531,0.279223,0.613363,0.597297
0.177604,0.168185,0.424377,0.322245,0.000000,-0.274421,0.124542,-0.084016,-0.167362,0.014408,0.208947,0.069828,-0.075458,0.229409,0.085344,0.218336,0.200252,0.214883,0.232150,0.304460,0.278194,0.352164,0.479332,0.358574,0.338364,0.121785,0.157819,0.142219,0.185507,0.299006,0.382294,0.355515,0.171215,0.302047,0.248212
-0.183521,-0.150197,-0.107838,-0.201300,-0.274421,0.000000,0.011088,0.218123,-0.047854,-0.133737,-0.178411,-0.034464,0.090634,-0.172867,-0.123872,-0.234063,-0.128120,-0.046298,-0.044211,-0.081527,-0.242261,-0.282998,-0.225457,-0.237708,-0.298261,-0.062769,-0.082592,-0.146953,-0.155926,-0.324778,-0.265134,-0.113937,-0.056579,-0.237586,-0.212942
-0.105719,-0.120255,-0.008617,0.009036,0.124542,0.011088,0.000000,-0.135271,-0.131705,-0.216746,-0.053747,-0.218790,-0.148040,-0.180099,-0.165935,-0.253921,-0.274024,-0.127032,-0.351895,-0.009686,-0.144108,-0.110525,-0.160501,-0.144880,-0.180254,-0.163875,-0.228527,-0.174565,-0.185887,-0.124665,-0.243095,-0.294750,-0.158906,-0.170284,-0.170799
-0.038717,-0.018671,-0.126175,-0.020152,-0.084016,0.218123,-0.135271,0.000000,-0.062108,0.086521,-0.000004,-0.057676,-0.161447,0.040527,-0.043652,0.016268,0.045770,0.058873,0.191216,-0.001922,-0.137622,-0.102553,0.006363,-0.125060,-0.102863,0.065435,0.031210,-0.062924,0.049862,-0.055996,-0.051771,-0.008908,-0.124180,-0.070817,-0.064582
0.336612,0.362846,0.082604,0.099315,-0.167362,-0.047854,-0.131705,-0.062108,0.000000,0.510409,0.267336,0.544963,0.550455,-0.000330,-0.000315,-0.008082,-0.082462,0.086953,0.202802,0.023293,0.191278,0.288107,0.012372,0.268646,0.255973,0.380996,0.353741,0.562197,0.450763,0.131837,0.261640,0.130534,0.486211,0.125436,0.150717
0.623214,0.641001,0.380332,0.552784,0.014408,-0.133737,-0.216746,0.086521,0.510409,0.000000,0.661901,0.606988,0.247865,0.400647,0.342499,0.428648,0.477815,0.550463,0.544671,0.447556,0.573927,0.612463,0.438076,0.549770,0.522659,0.600279,0.597722,0.501459,0.529152,0.481104,0.441236,0.243909,0.364896,0.489993,0.516076
0.688172,0.693439,0.414537,0.593610,0.208947,-0.178411,-0.053747,-0.000004,0.267336,0.661901,0.000000,0.452923,0.154616,0.529836,0.338558,0.486336,0.475356,0.576106,0.482791,0.560491,0.567050,0.701431,0.595848,0.685339,0.452917,0.541239,0.552247,0.460964,0.569340,0.707930,0.558578,0.245435,0.316124,0.567187,0.592855
0.450295,0.527492,0.415739,0.392241,0.069828,-0.034464,-0.218790,-0.057676,0.544963,0.606988,0.452923,0.000000,0.593294,0.074021,0.023487,0.147343,0.280885,0.363872,0.448788,0.285649,0.442307,0.444394,0.300735,0.517900,0.490427,0.431169,0.498320,0.442363,0.376139,0.261942,0.384752,0.398476,0.530969,0.319282,0.334987
0.188281,0.241609,0.134838,-0.033322,-0.075458,0.090634,-0.148040,-0.161447,0.550455,0.247865,0.154616,0.593294,0.000000,-0.173023,-0.101480,-0.040103,-0.049541,-0.011338,0.108926,-0.030181,0.181623,0.195727,-0.029247,0.276718,0.218090,0.124930,0.178292,0.375492,0.088430,-0.020686,0.191830,0.122512,0.562523,0.041753,0.038282
0.382973,0.370493,0.206734,0.527422,0.229409,-0.172867,-0.180099,0.040527,-0.000330,0.400647,0.529836,0.074021,-0.173023,0.000000,0.677037,0.708203,0.585927,0.545915,0.394654,0.550850,0.475872,0.499990,0.550669,0.436257,0.370155,0.443193,0.435671,0.292342,0.359832,0.560855,0.586580,0.285293,0.113401,0.534090,0.556139
0.281725,0.283034,0.116613,0.322225,0.085344,-0.123872,-0.165935,-0.043652,-0.000315,0.342499,0.338558,0.023487,-0.101480,0.677037,0.000000,0.506758,0.419144,0.357377,0.178784,0.363876,0.350187,0.351164,0.364139,0.266406,0.240868,0.270556,0.257829,0.263706,0.149550,0.393391,0.346249,0.103965,0.114248,0.381108,0.387081
0.558725,0.540244,0.215796,0.496628,0.218336,-0.234063,-0.253921,0.016268,-0.008082,0.428648,0.486336,0.147343,-0.040103,0.708203,0.506758,0.000000,0.756808,0.600715,0.465256,0.645517,0.546032,0.634678,0.634289,0.587522,0.409421,0.513318,0.508661,0.366809,0.325085,0.611438,0.614673,0.254699,0.159701,0.734214,0.705715
0.496366,0.511232,0.400407,0.610520,0.200252,-0.128120,-0.274024,0.045770,-0.082462,0.477815,0.475356,0.280885,-0.049541,0.585927,0.419144,0.756808,0.000000,0.682248,0.581207,0.640998,0.510361,0.531712,0.639005,0.539559,0.488492,0.479577,0.515401,0.248458,0.234491,0.500463,0.508714,0.328075,0.213212,0.597999,0.589602
0.557789,0.609121,0.530245,0.750800,0.214883,-0.046298,-0.127032,0.058873,0.086953,0.550463,0.576106,0.363872,-0.011338,0.545915,0.357377,0.600715,0.682248,0.000000,0.736133,0.858174,0.540770,0.624666,0.676532,0.645773,0.501475,0.634915,0.657658,0.273861,0.407207,0.534510,0.506579,0.333129,0.211520,0.624430,0.618759
0.552148,0.596765,0.467540,0.585020,0.232150,-0.044211,-0.351895,0.191216,0.202802,0.544671,0.482791,0.448788,0.108926,0.394654,0.178784,0.465256,0.581207,0.736133,0.000000,0.593684,0.540226,0.613870,0.603811,0.620383,0.528767,0.640429,0.675686,0.336912,0.420746,0.414264,0.438182,0.332533,0.279946,0.533208,0.546313
0.579230,0.596779,0.463444,0.667718,0.304460,-0.081527,-0.009686,-0.001922,0.023293,0.447556,0.560491,0.285649,-0.030181,0.550850,0.363876,0.645517,0.640998,0.858174,0.593684,0.000000,0.488238,0.648839,0.702541,0.649661,0.428814,0.570076,0.566670,0.269074,0.349937,0.563853,0.519937,0.272537,0.151909,0.668034,0.645514
0.510348,0.544986,0.437576,0.629470,0.278194,-0.242261,-0.144108,-0.137622,0.191278,0.573927,0.567050,0.442307,0.181623,0.475872,0.350187,0.546032,0.510361,0.540770,0.540226,0.488238,0.000000,0.666980,0.555539,0.643207,0.701440,0.493381,0.515504,0.514746,0.440773,0.611117,0.611972,0.401695,0.435596,0.526792,0.512880
0.828864,0.802729,0.493186,0.646906,0.352164,-0.282998,-0.110525,-0.102553,0.288107,0.612463,0.701431,0.444394,0.195727,0.499990,0.351164,0.634678,0.531712,0.624666,0.613870,0.648839,0.666980,0.000000,0.697127,0.886370,0.539348,0.716695,0.734907,0.480160,0.555097,0.698344,0.602231,0.342330,0.299212,0.819640,0.808119
0.591899,0.619148,0.411944,0.611594,0.479332,-0.225457,-0.160501,0.006363,0.012372,0.438076,0.595848,0.300735,-0.029247,0.550669,0.364139,0.634289,0.639005,0.676532,0.603811,0.702541,0.555539,0.697127,0.000000,0.681217,0.503541,0.525863,0.575309,0.305430,0.414116,0.632324,0.563121,0.353799,0.230793,0.681969,0.657914
0.791711,0.838834,0.512857,0.635827,0.358574,-0.237708,-0.144880,-0.125060,0.268646,0.549770,0.685339,0.517900,0.276718,0.436257,0.266406,0.587522,0.539559,0.645773,0.620383,0.649661,0.643207,0.886370,0.681217,0.000000,0.539654,0.699263,0.743855,0.475588,0.460939,0.656617,0.633920,0.413151,0.399946,0.745869,0.737075
0.378668,0.408567,0.493222,0.577448,0.338364,-0.298261,-0.180254,-0.102863,0.255973,0.522659,0.452917,0.490427,0.218090,0.370155,0.240868,0.409421,0.488492,0.501475,0.528767,0.428814,0.701440,0.539348,0.503541,0.539654,0.000000,0.387988,0.460826,0.460772,0.410131,0.468020,0.581487,0.464478,0.504129,0.375745,0.353562
0.753281,0.744139,0.287495,0.543107,0.121785,-0.062769,-0.163875,0.065435,0.380996,0.600279,0.541239,0.431169,0.124930,0.443193,0.270556,0.513318,0.479577,0.634915,0.640429,0.570076,0.493381,0.716695,0.525863,0.699263,0.387988,0.000000,0.920535,0.438500,0.536426,0.535873,0.500477,0.319502,0.256497,0.676582,0.706633
0.747380,0.762482,0.364550,0.565316,0.157819,-0.082592,-0.228527,0.031210,0.353741,0.597722,0.552247,0.498320,0.178292,0.435671,0.257829,0.508661,0.515401,0.657658,0.675686,0.566670,0.515504,0.734907,0.575309,0.743855,0.460826,0.920535,0.000000,0.426135,0.555633,0.545394,0.523086,0.407416,0.292006,0.689183,0.700663
0.411756,0.459533,0.199857,0.299717,0.142219,-0.146953,-0.174565,-0.062924,0.562197,0.501459,0.460964,0.442363,0.375492,0.292342,0.263706,0.366809,0.248458,0.273861,0.336912,0.269074,0.514746,0.480160,0.305430,0.475588,0.460772,0.438500,0.426135,0.000000,0.545061,0.525738,0.589089,0.298901,0.607051,0.354332,0.351317
0.523549,0.506129,0.358396,0.472872,0.185507,-0.155926,-0.185887,0.049862,0.450763,0.529152,0.569340,0.376139,0.088430,0.359832,0.149550,0.325085,0.234491,0.407207,0.420746,0.349937,0.440773,0.555097,0.414116,0.460939,0.410131,0.536426,0.555633,0.545061,0.000000,0.674402,0.541740,0.500771,0.275912,0.501038,0.490119
0.618079,0.621966,0.406978,0.616391,0.299006,-0.324778,-0.124665,-0.055996,0.131837,0.481104,0.707930,0.261942,-0.020686,0.560855,0.393391,0.611438,0.500463,0.534510,0.414264,0.563853,0.611117,0.698344,0.632324,0.656617,0.468020,0.535873,0.545394,0.525738,0.674402,0.000000,0.724475,0.444198,0.233749,0.702242,0.680040
0.455702,0.510223,0.410298,0.523065,0.382294,-0.265134,-0.243095,-0.051771,0.261640,0.441236,0.558578,0.384752,0.191830,0.586580,0.346249,0.614673,0.508714,0.506579,0.438182,0.519937,0.611972,0.602231,0.563121,0.633920,0.581487,0.500477,0.523086,0.589089,0.541740,0.724475,0.000000,0.674248,0.541718,0.511413,0.472989
0.219764,0.264037,0.460285,0.409531,0.355515,-0.113937,-0.294750,-0.008908,0.130534,0.243909,0.245435,0.398476,0.122512,0.285293,0.103965,0.254699,0.328075,0.333129,0.332533,0.272537,0.401695,0.342330,0.353799,0.413151,0.464478,0.319502,0.407416,0.298901,0.500771,0.444198,0.674248,0.000000,0.458946,0.294280,0.225296
0.241356,0.323077,0.318480,0.279223,0.171215,-0.056579,-0.158906,-0.124180,0.486211,0.364896,0.316124,0.530969,0.562523,0.113401,0.114248,0.159701,0.213212,0.211520,0.279946,0.151909,0.435596,0.299212,0.230793,0.399946,0.504129,0.256497,0.292006,0.607051,0.275912,0.233749,0.541718,0.458946,0.000000,0.115300,0.101381
0.802484,0.743966,0.387953,0.613363,0.302047,-0.237586,-0.170284,-0.070817,0.125436,0.489993,0.567187,0.319282,0.041753,0.534090,0.381108,0.734214,0.597999,0.624430,0.533208,0.668034,0.526792,0.819640,0.681969,0.745869,0.375745,0.676582,0.689183,0.354332,0.501038,0.702242,0.511413,0.294280,0.115300,0.000000,0.940419
0.812827,0.758069,0.343823,0.597297,0.248212,-0.212942,-0.170799,-0.064582,0.150717,0.516076,0.592855,0.334987,0.038282,0.556139,0.387081,0.705715,0.589602,0.618759,0.546313,0.645514,0.512880,0.808119,0.657914,0.737075,0.353562,0.706633,0.700663,0.351317,0.490119,0.680040,0.472989,0.225296,0.101381,0.940419,0.000000
