0.000000,0.808846,0.281067,0.357330,0.485918,0.131251,-0.288311,0.052453,0.503522,0.523619,0.582143,0.482902,0.127441,0.316937,0.490395,0.516159,0.469973,0.388769,0.322224,0.095651,0.221747,0.592370,0.397540,0.632078,0.330168,0.769644,0.724932,0.156866,0.444724,0.364401,0.494634,0.311583,0.395241,0.415851,0.489695
0.808846,0.000000,0.253856,0.267224,0.450293,0.108114,-0.259543,0.087941,0.357814,0.377596,0.385962,0.352433,0.252658,0.334934,0.470706,0.551193,0.510890,0.380233,0.323517,0.067660,0.170734,0.496629,0.445236,0.706412,0.294242,0.684069,0.686021,0.067356,0.372986,0.238707,0.513035,0.313318,0.311445,0.287116,0.426192
0.281067,0.253856,0.000000,0.687958,0.418759,0.223682,0.103245,0.028086,0.016762,0.141551,0.238580,0.183730,-0.064439,0.105945,0.228473,0.330267,0.348651,0.619626,0.399845,0.253563,0.297106,0.249060,0.319855,0.344620,0.416010,0.244728,0.229488,0.112597,0.025723,0.063398,0.144650,0.019164,0.182132,0.481064,0.456951
0.357330,0.267224,0.687958,0.000000,0.459564,0.216471,-0.071110,-0.015595,0.150133,0.305542,0.383119,0.176517,-0.106460,0.153222,0.274612,0.337595,0.474876,0.616356,0.481382,0.596821,0.188062,0.334907,0.137514,0.368884,0.224156,0.401130,0.345896,0.445484,0.198659,0.130561,0.236566,0.096818,0.427637,0.531764,0.609339
0.485918,0.450293,0.418759,0.459564,0.000000,0.261681,-0.146969,0.207454,0.176299,0.416450,0.537117,0.295070,-0.174255,0.355384,0.525717,0.570693,0.571832,0.487667,0.331142,0.103798,0.296047,0.656825,0.454377,0.759239,0.427831,0.478368,0.428817,0.172329,0.290789,0.114723,0.385030,0.388593,0.285093,0.383871,0.518977
0.131251,0.108114,0.223682,0.216471,0.261681,0.000000,0.167760,0.355616,0.070785,0.059775,0.225352,0.135989,-0.055264,-0.097359,0.147745,0.172688,0.164289,0.305777,-0.000412,0.006994,0.127332,0.236203,0.168128,0.209193,0.321577,0.188790,0.096212,-0.038331,0.020163,-0.025213,0.105218,-0.047599,0.125859,0.172885,0.244168
-0.288311,-0.259543,0.103245,-0.071110,-0.146969,0.167760,0.000000,0.026120,-0.202542,-0.265037,-0.106019,-0.144456,0.086905,-0.312722,-0.277787,-0.176645,-0.363814,0.135326,-0.058513,0.052636,-0.075995,-0.340647,-0.129876,-0.290401,0.031812,-0.392226,-0.373822,-0.325620,-0.342876,-0.232067,-0.230335,-0.325501,-0.238460,-0.231721,-0.174443
0.052453,0.087941,0.028086,-0.015595,0.207454,0.355616,0.026120,0.000000,-0.018492,0.033556,0.132696,0.198488,-0.125050,-0.082341,0.020099,-0.000206,-0.032227,0.051300,-0.048712,-0.108516,0.174041,0.195729,0.141239,0.239824,0.210647,0.072382,0.077772,-0.022422,-0.023886,-0.029555,0.076488,0.054063,0.023630,-0.131093,-0.074484
0.503522,0.357814,0.016762,0.150133,0.176299,0.070785,-0.202542,-0.018492,0.000000,0.570024,0.538285,0.487060,0.309699,0.280791,0.325665,0.233478,0.042553,0.155874,0.148960,0.054280,0.135729,0.285547,0.107354,0.266275,0.114971,0.521333,0.524625,0.217910,0.582809,0.518743,0.538693,0.432238,0.293655,0.296440,0.276034
0.523619,0.377596,0.141551,0.305542,0.416450,0.059775,-0.265037,0.033556,0.570024,0.000000,0.586032,0.529356,-0.008876,0.524992,0.575656,0.424144,0.270920,0.196977,0.107270,0.017676,0.248688,0.456292,0.192485,0.449405,0.182069,0.487875,0.487453,0.336926,0.616812,0.425438,0.538117,0.533565,0.384754,0.403744,0.385951
0.582143,0.385962,0.238580,0.383119,0.537117,0.225352,-0.106019,0.132696,0.538285,0.586032,0.000000,0.461259,0.077986,0.193597,0.397968,0.419588,0.195500,0.397915,0.267431,0.183700,0.178173,0.493273,0.189117,0.450841,0.237013,0.521033,0.491262,0.216751,0.387644,0.435902,0.520303,0.311972,0.357958,0.424494,0.460511
0.482902,0.352433,0.183730,0.176517,0.295070,0.135989,-0.144456,0.198488,0.487060,0.529356,0.461259,0.000000,0.132287,0.119807,0.316415,0.266825,0.160465,0.172058,0.157699,-0.107815,0.174198,0.411211,0.250768,0.395432,0.336595,0.454576,0.511216,0.112469,0.275123,0.176217,0.303556,0.291537,0.220656,0.236266,0.279983
0.127441,0.252658,-0.064439,-0.106460,-0.174255,-0.055264,0.086905,-0.125050,0.309699,-0.008876,0.077986,0.132287,0.000000,-0.201208,-0.058348,-0.081493,-0.192279,-0.031570,0.034138,-0.053577,0.024370,-0.092268,0.044969,-0.007679,0.062447,0.077567,0.160868,-0.142109,0.040212,0.200360,0.276866,0.030210,-0.008570,-0.155865,-0.118899
0.316937,0.334934,0.105945,0.153222,0.355384,-0.097359,-0.312722,-0.082341,0.280791,0.524992,0.193597,0.119807,-0.201208,0.000000,0.680144,0.635150,0.498723,0.223325,0.124269,-0.024194,0.207635,0.349123,0.354014,0.396588,0.099778,0.259988,0.239752,0.254607,0.594062,0.163657,0.329427,0.513456,0.066810,0.440004,0.376355
0.490395,0.470706,0.228473,0.274612,0.525717,0.147745,-0.277787,0.020099,0.325665,0.575656,0.397968,0.316415,-0.058348,0.680144,0.000000,0.644714,0.571110,0.363109,0.197881,-0.052000,0.390821,0.547617,0.589245,0.564527,0.420535,0.376905,0.366298,0.176575,0.578727,0.295595,0.487618,0.518057,0.138865,0.482123,0.474137
0.516159,0.551193,0.330267,0.337595,0.570693,0.172688,-0.176645,-0.000206,0.233478,0.424144,0.419588,0.266825,-0.081493,0.635150,0.644714,0.000000,0.667180,0.521346,0.350075,0.138245,0.262540,0.491761,0.503647,0.582366,0.332768,0.458009,0.416126,0.142482,0.373759,0.195669,0.443292,0.408623,0.158646,0.583761,0.686503
0.469973,0.510890,0.348651,0.474876,0.571832,0.164289,-0.363814,-0.032227,0.042553,0.270920,0.195500,0.160465,-0.192279,0.498723,0.571110,0.667180,0.000000,0.432287,0.367857,0.270407,0.258610,0.519426,0.503691,0.620272,0.313422,0.475365,0.424665,0.260429,0.270738,0.023216,0.282756,0.301835,0.256720,0.453072,0.602360
0.388769,0.380233,0.619626,0.616356,0.487667,0.305777,0.135326,0.051300,0.155874,0.196977,0.397915,0.172058,-0.031570,0.223325,0.363109,0.521346,0.432287,0.000000,0.658564,0.519245,0.239611,0.332797,0.446353,0.412989,0.352531,0.379152,0.346235,0.133172,0.213974,0.112298,0.202204,0.047928,0.130484,0.472118,0.562444
0.322224,0.323517,0.399845,0.481382,0.331142,-0.000412,-0.058513,-0.048712,0.148960,0.107270,0.267431,0.157699,0.034138,0.124269,0.197881,0.350075,0.367857,0.658564,0.000000,0.528155,0.158379,0.262132,0.316795,0.355358,0.146985,0.379638,0.387738,0.173601,0.149259,0.083314,0.172712,0.104896,0.198440,0.272872,0.404146
0.095651,0.067660,0.253563,0.596821,0.103798,0.006994,0.052636,-0.108516,0.054280,0.017676,0.183700,-0.107815,-0.053577,-0.024194,-0.052000,0.138245,0.270407,0.519245,0.528155,0.000000,-0.039397,-0.028252,-0.109594,0.012811,-0.123468,0.225205,0.150413,0.392571,0.042688,0.062256,0.045336,-0.043306,0.214087,0.251218,0.407020
0.221747,0.170734,0.297106,0.188062,0.296047,0.127332,-0.075995,0.174041,0.135729,0.248688,0.178173,0.174198,0.024370,0.207635,0.390821,0.262540,0.258610,0.239611,0.158379,-0.039397,0.000000,0.447227,0.562092,0.382964,0.689719,0.194393,0.166027,0.199686,0.321108,0.247433,0.329076,0.304877,0.113895,0.249676,0.253846
0.592370,0.496629,0.249060,0.334907,0.656825,0.236203,-0.340647,0.195729,0.285547,0.456292,0.493273,0.411211,-0.092268,0.349123,0.547617,0.491761,0.519426,0.332797,0.262132,-0.028252,0.447227,0.000000,0.508908,0.812299,0.506947,0.545863,0.504059,0.210907,0.389345,0.136815,0.343295,0.339454,0.285322,0.409747,0.455369
0.397540,0.445236,0.319855,0.137514,0.454377,0.168128,-0.129876,0.141239,0.107354,0.192485,0.189117,0.250768,0.044969,0.354014,0.589245,0.503647,0.503691,0.446353,0.316795,-0.109594,0.562092,0.508908,0.000000,0.557109,0.703483,0.272619,0.297527,-0.020334,0.297767,0.132977,0.325804,0.305898,-0.015796,0.291133,0.350732
0.632078,0.706412,0.344620,0.368884,0.759239,0.209193,-0.290401,0.239824,0.266275,0.449405,0.450841,0.395432,-0.007679,0.396588,0.564527,0.582366,0.620272,0.412989,0.355358,0.012811,0.382964,0.812299,0.557109,0.000000,0.504122,0.591764,0.584404,0.164663,0.377667,0.145685,0.485400,0.431788,0.331870,0.340915,0.490472
0.330168,0.294242,0.416010,0.224156,0.427831,0.321577,0.031812,0.210647,0.114971,0.182069,0.237013,0.336595,0.062447,0.099778,0.420535,0.332768,0.313422,0.352531,0.146985,-0.123468,0.689719,0.506947,0.703483,0.504122,0.000000,0.242290,0.237545,0.060260,0.197843,0.106255,0.307633,0.214029,0.118033,0.254052,0.354479
0.769644,0.684069,0.244728,0.401130,0.478368,0.188790,-0.392226,0.072382,0.521333,0.487875,0.521033,0.454576,0.077567,0.259988,0.376905,0.458009,0.475365,0.379152,0.379638,0.225205,0.194393,0.545863,0.272619,0.591764,0.242290,0.000000,0.859124,0.332723,0.494013,0.325457,0.459005,0.325799,0.465120,0.434994,0.508489
0.724932,0.686021,0.229488,0.345896,0.428817,0.096212,-0.373822,0.077772,0.524625,0.487453,0.491262,0.511216,0.160868,0.239752,0.366298,0.416126,0.424665,0.346235,0.387738,0.150413,0.166027,0.504059,0.297527,0.584404,0.237545,0.859124,0.000000,0.245687,0.490046,0.293706,0.471615,0.377885,0.474901,0.374057,0.450819
0.156866,0.067356,0.112597,0.445484,0.172329,-0.038331,-0.325620,-0.022422,0.217910,0.336926,0.216751,0.112469,-0.142109,0.254607,0.176575,0.142482,0.260429,0.133172,0.173601,0.392571,0.199686,0.210907,-0.020334,0.164663,0.060260,0.332723,0.245687,0.000000,0.433308,0.268411,0.249840,0.265421,0.458757,0.325332,0.324912
0.444724,0.372986,0.025723,0.198659,0.290789,0.020163,-0.342876,-0.023886,0.582809,0.616812,0.387644,0.275123,0.040212,0.594062,0.578727,0.373759,0.270738,0.213974,0.149259,0.042688,0.321108,0.389345,0.297767,0.377667,0.197843,0.494013,0.490046,0.433308,0.000000,0.536386,0.561890,0.637494,0.351293,0.454556,0.379256
0.364401,0.238707,0.063398,0.130561,0.114723,-0.025213,-0.232067,-0.029555,0.518743,0.425438,0.435902,0.176217,0.200360,0.163657,0.295595,0.195669,0.023216,0.112298,0.083314,0.062256,0.247433,0.136815,0.132977,0.145685,0.106255,0.325457,0.293706,0.268411,0.536386,0.000000,0.698416,0.459561,0.251574,0.387056,0.260528
0.494634,0.513035,0.144650,0.236566,0.385030,0.105218,-0.230335,0.076488,0.538693,0.538117,0.520303,0.303556,0.276866,0.329427,0.487618,0.443292,0.282756,0.202204,0.172712,0.045336,0.329076,0.343295,0.325804,0.485400,0.307633,0.459005,0.471615,0.249840,0.561890,0.698416,0.000000,0.709189,0.430756,0.403766,0.467145
0.311583,0.313318,0.019164,0.096818,0.388593,-0.047599,-0.325501,0.054063,0.432238,0.533565,0.311972,0.291537,0.030210,0.513456,0.518057,0.408623,0.301835,0.047928,0.104896,-0.043306,0.304877,0.339454,0.305898,0.431788,0.214029,0.325799,0.377885,0.265421,0.637494,0.459561,0.709189,0.000000,0.289493,0.347910,0.354085
0.395241,0.311445,0.182132,0.427637,0.285093,0.125859,-0.238460,0.023630,0.293655,0.384754,0.357958,0.220656,-0.008570,0.066810,0.138865,0.158646,0.256720,0.130484,0.198440,0.214087,0.113895,0.285322,-0.015796,0.331870,0.118033,0.465120,0.474901,0.458757,0.351293,0.251574,0.430756,0.289493,0.000000,0.282121,0.419482
0.415851,0.287116,0.481064,0.531764,0.383871,0.172885,-0.231721,-0.131093,0.296440,0.403744,0.424494,0.236266,-0.155865,0.440004,0.482123,0.583761,0.453072,0.472118,0.272872,0.251218,0.249676,0.409747,0.291133,0.340915,0.254052,0.434994,0.374057,0.325332,0.454556,0.387056,0.403766,0.347910,0.282121,0.000000,0.805840
0.489695,0.426192,0.456951,0.609339,0.518977,0.244168,-0.174443,-0.074484,0.276034,0.385951,0.460511,0.279983,-0.118899,0.376355,0.474137,0.686503,0.602360,0.562444,0.404146,0.407020,0.253846,0.455369,0.350732,0.490472,0.354479,0.508489,0.450819,0.324912,0.379256,0.260528,0.467145,0.354085,0.419482,0.805840,0.000000
