1.0000,0.7552,0.1839,0.1195,0.0130,0.1104,-0.0040,-0.0486,0.3605,0.2854,0.2872,0.3946,0.1948,0.0142,0.3547,-0.0838,0.0173,-0.0843,-0.0447,0.0443,0.0927,0.5299,-0.1550,0.4997,0.1036,0.4103,0.2914,0.2444,0.2520,0.3367,0.2761,0.2690,0.2675,0.2747,0.2891
0.7552,1.0000,0.1688,0.1451,-0.0359,0.0383,-0.0062,0.1783,0.3034,0.1830,0.2459,0.4776,0.3043,0.0773,0.2985,0.0432,0.0916,0.0183,0.0252,0.1457,-0.0635,0.3516,-0.1901,0.4609,-0.0066,0.4791,0.4988,0.1850,0.2284,0.1587,0.3282,0.3863,0.2496,0.2913,0.3332
0.1839,0.1688,1.0000,0.8137,0.1686,0.1784,0.0843,0.2203,0.1011,0.1873,0.4448,0.1932,0.1281,-0.0248,-0.0232,0.1843,0.1798,0.3198,0.0710,0.4118,0.3251,0.3431,0.2521,0.2281,0.0924,0.1549,0.1819,0.3858,0.1495,0.3273,0.3559,0.2634,0.3807,0.4869,0.4630
0.1195,0.1451,0.8137,1.0000,0.1184,0.2295,0.1542,0.2810,0.1628,0.2399,0.4651,0.2219,0.1742,0.0779,0.0519,0.2427,0.2255,0.4122,0.1425,0.5011,0.3091,0.3480,0.2675,0.2225,0.0679,0.1746,0.2399,0.3824,0.2263,0.3145,0.3231,0.2817,0.3788,0.4608,0.4702
0.0130,-0.0359,0.1686,0.1184,1.0000,0.1026,-0.0966,0.2064,-0.1272,-0.1739,-0.1128,-0.2150,-0.0105,0.0124,-0.1345,0.2130,0.2136,0.1224,0.2156,0.0697,0.1233,0.2498,0.2614,0.2185,0.1437,0.0440,-0.0166,0.0698,-0.1450,-0.0091,-0.1195,-0.1190,0.0280,-0.0005,0.0016
0.1104,0.0383,0.1784,0.2295,0.1026,1.0000,0.1790,-0.0328,0.1619,0.2293,0.3258,-0.0698,-0.1558,0.1864,0.0610,0.2129,0.1794,0.1015,0.0687,0.1046,0.2022,0.2590,0.1129,0.1444,0.1510,0.2341,0.0928,0.2597,0.2855,0.2399,0.1239,0.1235,0.1880,0.2167,0.1512
-0.0040,-0.0062,0.0843,0.1542,-0.0966,0.1790,1.0000,-0.0656,0.0686,0.1797,0.0338,0.1645,-0.2749,0.0745,-0.0389,-0.0114,-0.0672,-0.2976,-0.2750,-0.1330,0.1743,0.1248,0.0784,0.0872,-0.0438,-0.0102,0.0540,0.1284,0.1599,0.1273,0.0757,0.1131,0.0608,0.0056,-0.0139
-0.0486,0.1783,0.2203,0.2810,0.2064,-0.0328,-0.0656,1.0000,-0.1080,-0.1966,0.0429,0.1479,0.2047,0.0401,-0.0467,0.3008,0.2800,0.1630,0.1663,0.2112,-0.0706,-0.0898,0.1356,-0.0087,-0.0059,-0.0590,0.2459,-0.0009,-0.1237,-0.0577,0.1653,0.2314,0.0999,0.0269,0.1347
0.3605,0.3034,0.1011,0.1628,-0.1272,0.1619,0.0686,-0.1080,1.0000,0.6227,0.3325,0.3870,0.2091,0.3490,0.2588,0.0389,0.0473,0.0553,0.0168,0.0887,0.1408,0.4386,0.0024,0.3419,0.0045,0.4587,0.3135,0.2450,0.4261,0.1268,0.0962,0.2807,0.2655,0.2083,0.2087
0.2854,0.1830,0.1873,0.2399,-0.1739,0.2293,0.1797,-0.1966,0.6227,1.0000,0.3174,0.4118,0.0297,0.1970,0.3250,-0.1158,-0.0322,0.0008,-0.1417,0.1058,0.2687,0.3772,0.0528,0.2502,-0.0070,0.2945,0.1147,0.3524,0.4254,0.3015,0.1826,0.2232,0.2171,0.2201,0.2189
0.2872,0.2459,0.4448,0.4651,-0.1128,0.3258,0.0338,0.0429,0.3325,0.3174,1.0000,0.2132,0.2499,0.0106,0.1204,0.0361,-0.0439,0.1008,0.0181,0.1152,0.1741,0.2681,-0.0635,0.1862,-0.0277,0.1987,0.1486,0.2614,0.2335,0.3556,0.3486,0.1858,0.3660,0.3533,0.3271
0.3946,0.4776,0.1932,0.2219,-0.2150,-0.0698,0.1645,0.1479,0.3870,0.4118,0.2132,1.0000,0.2312,0.0842,0.2602,-0.0629,0.0528,-0.0019,-0.0465,0.1714,-0.0055,0.1286,-0.0967,0.1964,-0.1347,0.1514,0.2297,0.1352,0.0947,0.0137,0.1886,0.3054,0.1851,0.1136,0.1364
0.1948,0.3043,0.1281,0.1742,-0.0105,-0.1558,-0.2749,0.2047,0.2091,0.0297,0.2499,0.2312,1.0000,-0.0514,0.1250,-0.0268,0.0402,0.3592,0.3849,0.2247,-0.2481,0.0332,-0.1206,0.0330,-0.1687,0.0743,0.1638,-0.0780,-0.1271,-0.1171,-0.0214,-0.0590,-0.0212,0.1316,0.1490
0.0142,0.0773,-0.0248,0.0779,0.0124,0.1864,0.0745,0.0401,0.3490,0.1970,0.0106,0.0842,-0.0514,1.0000,0.4295,0.5994,0.3754,0.0241,-0.0035,0.1551,-0.1227,0.1069,0.0743,0.0695,0.1627,0.3418,0.2568,0.0114,0.2022,-0.1343,-0.0421,0.1018,0.0747,-0.0103,-0.0406
0.3547,0.2985,-0.0232,0.0519,-0.1345,0.0610,-0.0389,-0.0467,0.2588,0.3250,0.1204,0.2602,0.1250,0.4295,1.0000,0.1813,0.1199,-0.0157,-0.0118,0.0547,-0.1080,0.0600,-0.2974,0.0197,0.2009,0.1537,0.0469,-0.0597,0.1335,0.0406,-0.0070,-0.0357,-0.0164,-0.0345,0.0033
-0.0838,0.0432,0.1843,0.2427,0.2130,0.2129,-0.0114,0.3008,0.0389,-0.1158,0.0361,-0.0629,-0.0268,0.5994,0.1813,1.0000,0.5957,0.2426,0.1947,0.3418,-0.1081,0.0363,0.1984,0.0049,0.1843,0.2037,0.2662,-0.0151,0.0444,-0.1518,-0.0346,0.0621,0.0149,0.1245,0.1138
0.0173,0.0916,0.1798,0.2255,0.2136,0.1794,-0.0672,0.2800,0.0473,-0.0322,-0.0439,0.0528,0.0402,0.3754,0.1199,0.5957,1.0000,0.4045,0.4161,0.2982,-0.1265,0.1351,0.3316,0.1252,0.0394,0.2222,0.2744,0.0308,0.0140,-0.2549,-0.2281,0.0280,-0.0800,0.0891,0.0827
-0.0843,0.0183,0.3198,0.4122,0.1224,0.1015,-0.2976,0.1630,0.0553,0.0008,0.1008,-0.0019,0.3592,0.0241,-0.0157,0.2426,0.4045,1.0000,0.6004,0.6392,0.0357,0.1546,0.3097,0.1092,-0.0704,0.1935,0.1964,0.1783,0.1206,-0.0575,-0.0282,0.0950,0.0595,0.2812,0.2527
-0.0447,0.0252,0.0710,0.1425,0.2156,0.0687,-0.2750,0.1663,0.0168,-0.1417,0.0181,-0.0465,0.3849,-0.0035,-0.0118,0.1947,0.4161,0.6004,1.0000,0.1519,-0.1903,-0.0247,0.2567,-0.0652,-0.0074,0.0399,0.1421,-0.0455,-0.0971,-0.2533,-0.2339,-0.0750,-0.0501,-0.0405,-0.0053
0.0443,0.1457,0.4118,0.5011,0.0697,0.1046,-0.1330,0.2112,0.0887,0.1058,0.1152,0.1714,0.2247,0.1551,0.0547,0.3418,0.2982,0.6392,0.1519,1.0000,0.0807,0.2533,0.1789,0.2184,-0.0363,0.2574,0.2674,0.1995,0.1952,0.0914,0.1958,0.2527,0.2248,0.3875,0.3478
0.0927,-0.0635,0.3251,0.3091,0.1233,0.2022,0.1743,-0.0706,0.1408,0.2687,0.1741,-0.0055,-0.2481,-0.1227,-0.1080,-0.1081,-0.1265,0.0357,-0.1903,0.0807,1.0000,0.4541,0.2373,0.3714,0.2603,0.0214,-0.1243,0.6259,0.3879,0.5238,0.3313,0.1953,0.3246,0.2869,0.2285
0.5299,0.3516,0.3431,0.3480,0.2498,0.2590,0.1248,-0.0898,0.4386,0.3772,0.2681,0.1286,0.0332,0.1069,0.0600,0.0363,0.1351,0.1546,-0.0247,0.2533,0.4541,1.0000,0.2091,0.7796,0.1458,0.4434,0.2257,0.5169,0.4575,0.4028,0.1942,0.3098,0.3388,0.4327,0.3783
-0.1550,-0.1901,0.2521,0.2675,0.2614,0.1129,0.0784,0.1356,0.0024,0.0528,-0.0635,-0.0967,-0.1206,0.0743,-0.2974,0.1984,0.3316,0.3097,0.2567,0.1789,0.2373,0.2091,1.0000,0.1212,0.0067,0.0229,0.0114,0.2396,0.0443,0.0190,0.0647,0.0682,0.1116,0.0598,0.0199
0.4997,0.4609,0.2281,0.2225,0.2185,0.1444,0.0872,-0.0087,0.3419,0.2502,0.1862,0.1964,0.0330,0.0695,0.0197,0.0049,0.1252,0.1092,-0.0652,0.2184,0.3714,0.7796,0.1212,1.0000,0.1387,0.4481,0.2613,0.4780,0.4058,0.2713,0.2254,0.3239,0.3665,0.3313,0.3069
0.1036,-0.0066,0.0924,0.0679,0.1437,0.1510,-0.0438,-0.0059,0.0045,-0.0070,-0.0277,-0.1347,-0.1687,0.1627,0.2009,0.1843,0.0394,-0.0704,-0.0074,-0.0363,0.2603,0.1458,0.0067,0.1387,1.0000,-0.1401,-0.2669,0.1660,0.0282,0.0899,0.0649,-0.1237,0.1926,-0.1233,-0.0811
0.4103,0.4791,0.1549,0.1746,0.0440,0.2341,-0.0102,-0.0590,0.4587,0.2945,0.1987,0.1514,0.0743,0.3418,0.1537,0.2037,0.2222,0.1935,0.0399,0.2574,0.0214,0.4434,0.0229,0.4481,-0.1401,1.0000,0.7067,0.3329,0.5425,0.1430,0.1929,0.5364,0.3034,0.4523,0.4462
0.2914,0.4988,0.1819,0.2399,-0.0166,0.0928,0.0540,0.2459,0.3135,0.1147,0.1486,0.2297,0.1638,0.2568,0.0469,0.2662,0.2744,0.1964,0.1421,0.2674,-0.1243,0.2257,0.0114,0.2613,-0.2669,0.7067,1.0000,0.1967,0.3871,0.0318,0.1752,0.5706,0.2178,0.3706,0.4541
0.2444,0.1850,0.3858,0.3824,0.0698,0.2597,0.1284,-0.0009,0.2450,0.3524,0.2614,0.1352,-0.0780,0.0114,-0.0597,-0.0151,0.0308,0.1783,-0.0455,0.1995,0.6259,0.5169,0.2396,0.4780,0.1660,0.3329,0.1967,1.0000,0.5228,0.4781,0.4138,0.3794,0.4170,0.4113,0.3708
0.2520,0.2284,0.1495,0.2263,-0.1450,0.2855,0.1599,-0.1237,0.4261,0.4254,0.2335,0.0947,-0.1271,0.2022,0.1335,0.0444,0.0140,0.1206,-0.0971,0.1952,0.3879,0.4575,0.0443,0.4058,0.0282,0.5425,0.3871,0.5228,1.0000,0.4974,0.3961,0.5886,0.4076,0.4526,0.4434
0.3367,0.1587,0.3273,0.3145,-0.0091,0.2399,0.1273,-0.0577,0.1268,0.3015,0.3556,0.0137,-0.1171,-0.1343,0.0406,-0.1518,-0.2549,-0.0575,-0.2533,0.0914,0.5238,0.4028,0.0190,0.2713,0.0899,0.1430,0.0318,0.4781,0.4974,1.0000,0.5939,0.2839,0.4111,0.3211,0.3299
0.2761,0.3282,0.3559,0.3231,-0.1195,0.1239,0.0757,0.1653,0.0962,0.1826,0.3486,0.1886,-0.0214,-0.0421,-0.0070,-0.0346,-0.2281,-0.0282,-0.2339,0.1958,0.3313,0.1942,0.0647,0.2254,0.0649,0.1929,0.1752,0.4138,0.3961,0.5939,1.0000,0.4935,0.5447,0.3626,0.3912
0.2690,0.3863,0.2634,0.2817,-0.1190,0.1235,0.1131,0.2314,0.2807,0.2232,0.1858,0.3054,-0.0590,0.1018,-0.0357,0.0621,0.0280,0.0950,-0.0750,0.2527,0.1953,0.3098,0.0682,0.3239,-0.1237,0.5364,0.5706,0.3794,0.5886,0.2839,0.4935,1.0000,0.4320,0.4491,0.4724
0.2675,0.2496,0.3807,0.3788,0.0280,0.1880,0.0608,0.0999,0.2655,0.2171,0.3660,0.1851,-0.0212,0.0747,-0.0164,0.0149,-0.0800,0.0595,-0.0501,0.2248,0.3246,0.3388,0.1116,0.3665,0.1926,0.3034,0.2178,0.4170,0.4076,0.4111,0.5447,0.4320,1.0000,0.2634,0.3082
0.2747,0.2913,0.4869,0.4608,-0.0005,0.2167,0.0056,0.0269,0.2083,0.2201,0.3533,0.1136,0.1316,-0.0103,-0.0345,0.1245,0.0891,0.2812,-0.0405,0.3875,0.2869,0.4327,0.0598,0.3313,-0.1233,0.4523,0.3706,0.4113,0.4526,0.3211,0.3626,0.4491,0.2634,1.0000,0.8269
0.2891,0.3332,0.4630,0.4702,0.0016,0.1512,-0.0139,0.1347,0.2087,0.2189,0.3271,0.1364,0.1490,-0.0406,0.0033,0.1138,0.0827,0.2527,-0.0053,0.3478,0.2285,0.3783,0.0199,0.3069,-0.0811,0.4462,0.4541,0.3708,0.4434,0.3299,0.3912,0.4724,0.3082,0.8269,1.0000
