0.000000,0.814085,0.137667,0.093659,0.013139,0.017078,-0.191929,-0.225950,0.141228,0.334564,0.457342,0.331003,0.375957,0.159204,0.078413,0.123063,-0.010290,0.257455,0.219076,0.234260,0.011757,0.426731,0.121428,0.523339,0.057102,0.520408,0.454006,0.291069,0.333205,0.587871,0.420630,0.158839,0.176782,0.263742,0.235730
0.814085,0.000000,0.178727,0.110425,0.050871,-0.022351,-0.168057,-0.195151,0.072400,0.373911,0.496821,0.339260,0.338784,0.156972,0.107963,0.180160,0.076918,0.305190,0.211664,0.285540,0.007154,0.415513,0.131024,0.628344,0.041621,0.569874,0.520884,0.288733,0.380342,0.513122,0.432327,0.194346,0.158897,0.329730,0.306496
0.137667,0.178727,0.000000,0.707841,0.106253,0.031007,0.113267,0.189965,0.053187,0.314704,0.327556,0.197906,0.052833,0.134696,0.161204,0.301117,0.375348,0.467297,0.278356,0.492428,0.427842,0.349631,0.176088,0.363470,0.462912,0.221962,0.360592,0.266645,0.162382,0.209343,0.259862,0.373113,0.397021,0.437540,0.411083
0.093659,0.110425,0.707841,0.000000,0.160620,0.026161,0.178639,0.100330,0.046405,0.365832,0.363938,0.153425,0.038696,0.085423,0.214823,0.259885,0.321616,0.477285,0.319392,0.516974,0.447604,0.419971,0.123310,0.324634,0.453808,0.202675,0.335555,0.283236,0.128491,0.205481,0.202628,0.297079,0.355709,0.461239,0.454245
0.013139,0.050871,0.106253,0.160620,0.000000,0.156998,0.037877,-0.059047,0.070464,0.174010,0.238713,0.024268,0.073632,-0.031919,-0.037011,-0.007040,0.113455,0.393575,0.357694,0.231723,0.139737,0.345272,0.321978,0.186049,0.155787,0.122138,0.171811,-0.019846,0.091833,0.032426,0.014525,0.089734,-0.033569,0.121328,0.113952
0.017078,-0.022351,0.031007,0.026161,0.156998,0.000000,-0.150691,0.183965,0.164255,0.085308,0.058751,-0.029925,-0.151610,0.032450,0.045609,-0.076189,0.151019,0.195133,0.221388,0.026463,0.082886,-0.088556,0.377731,-0.099963,0.246514,-0.100801,-0.205888,-0.120934,0.114526,0.138227,-0.021631,0.025220,-0.134049,0.002087,-0.044539
-0.191929,-0.168057,0.113267,0.178639,0.037877,-0.150691,0.000000,0.101991,-0.242668,-0.074375,-0.043639,-0.031421,-0.155672,-0.088721,0.047899,-0.008541,-0.031146,-0.007017,-0.049538,0.092040,0.100196,0.130679,-0.240831,0.079699,-0.103171,0.059668,0.127491,0.062622,-0.145494,-0.229345,-0.208754,-0.173883,-0.061937,-0.003060,-0.041630
-0.225950,-0.195151,0.189965,0.100330,-0.059047,0.183965,0.101991,0.000000,0.017321,0.043927,-0.037086,0.042367,-0.106841,0.132189,-0.014854,0.075259,0.163909,0.036052,0.007638,0.106127,0.138894,-0.212269,0.076545,-0.195230,0.110442,-0.066410,-0.002946,-0.079334,-0.095470,-0.148317,-0.078373,0.025916,0.037648,-0.007170,0.042510
0.141228,0.072400,0.053187,0.046405,0.070464,0.164255,-0.242668,0.017321,0.000000,0.395514,0.284553,0.158731,0.298149,0.384845,0.200621,-0.017661,0.113296,0.095298,0.153095,-0.020922,0.157997,0.144855,0.167542,0.017962,0.210445,0.123103,0.076111,0.154550,0.545133,0.427799,0.308902,0.387026,0.225744,0.058653,0.031989
0.334564,0.373911,0.314704,0.365832,0.174010,0.085308,-0.074375,0.043927,0.395514,0.000000,0.511579,0.619192,0.298649,0.237573,0.283554,0.150895,0.309566,0.367000,0.265721,0.281746,0.237893,0.328054,0.132372,0.320994,0.334648,0.471303,0.487349,0.252852,0.489603,0.394119,0.256270,0.410823,0.215836,0.372719,0.343761
0.457342,0.496821,0.327556,0.363938,0.238713,0.058751,-0.043639,-0.037086,0.284553,0.511579,0.000000,0.275988,0.361398,0.310744,0.243927,0.313441,0.208257,0.400095,0.205409,0.400143,0.218190,0.406549,0.232576,0.449780,0.190547,0.379086,0.431405,0.380155,0.365583,0.580195,0.539165,0.251753,0.304685,0.424122,0.418514
0.331003,0.339260,0.197906,0.153425,0.024268,-0.029925,-0.031421,0.042367,0.158731,0.619192,0.275988,0.000000,0.325701,0.079331,0.215201,0.064876,0.187019,0.127443,0.115727,0.122905,0.215991,0.240157,0.102886,0.327786,0.176874,0.332383,0.352840,0.089627,0.223599,0.200064,0.176916,0.297560,0.039371,0.229106,0.239954
0.375957,0.338784,0.052833,0.038696,0.073632,-0.151610,-0.155672,-0.106841,0.298149,0.298649,0.361398,0.325701,0.000000,0.230403,0.125960,0.102441,-0.084174,0.174596,0.158628,0.180006,0.164725,0.317801,-0.008179,0.302002,0.022498,0.343784,0.330437,0.255265,0.233073,0.294064,0.489172,0.378004,0.304050,0.106071,0.153942
0.159204,0.156972,0.134696,0.085423,-0.031919,0.032450,-0.088721,0.132189,0.384845,0.237573,0.310744,0.079331,0.230403,0.000000,0.592287,0.556121,0.375366,0.263085,0.178476,0.324758,0.114547,0.085185,0.199037,0.102591,0.177427,0.102933,0.071672,0.103543,0.286316,0.250077,0.464978,0.265185,0.377793,0.059500,0.058853
0.078413,0.107963,0.161204,0.214823,-0.037011,0.045609,0.047899,-0.014854,0.200621,0.283554,0.243927,0.215201,0.125960,0.592287,0.000000,0.549708,0.519516,0.225585,0.190433,0.268266,0.248305,0.143892,0.227242,0.184319,0.250223,-0.013530,0.031502,0.006846,0.165343,0.120298,0.255097,0.176291,0.218759,0.040044,0.033322
0.123063,0.180160,0.301117,0.259885,-0.007040,-0.076189,-0.008541,0.075259,-0.017661,0.150895,0.313441,0.064876,0.102441,0.556121,0.549708,0.000000,0.505676,0.303179,0.145529,0.438225,0.201442,0.114667,0.171762,0.230419,0.123496,0.097526,0.205069,0.123739,0.043829,0.092616,0.357910,0.201087,0.349333,0.239429,0.226894
-0.010290,0.076918,0.375348,0.321616,0.113455,0.151019,-0.031146,0.163909,0.113296,0.309566,0.208257,0.187019,-0.084174,0.375366,0.519516,0.505676,0.000000,0.316145,0.239430,0.325359,0.258419,0.063514,0.359376,0.079449,0.350083,-0.070121,0.097299,0.038343,0.104542,0.028865,0.158792,0.269795,0.229119,0.178057,0.186838
0.257455,0.305190,0.467297,0.477285,0.393575,0.195133,-0.007017,0.036052,0.095298,0.367000,0.400095,0.127443,0.174596,0.263085,0.225585,0.303179,0.316145,0.000000,0.751771,0.722215,0.321916,0.427292,0.359045,0.380688,0.401579,0.329276,0.342274,0.180624,0.270803,0.335770,0.294079,0.232452,0.229795,0.396142,0.352813
0.219076,0.211664,0.278356,0.319392,0.357694,0.221388,-0.049538,0.007638,0.153095,0.265721,0.205409,0.115727,0.158628,0.178476,0.190433,0.145529,0.239430,0.751771,0.000000,0.478555,0.326251,0.437988,0.422294,0.319335,0.500903,0.285050,0.213772,0.022861,0.240528,0.216057,0.205760,0.205997,0.138958,0.188582,0.118798
0.234260,0.285540,0.492428,0.516974,0.231723,0.026463,0.092040,0.106127,-0.020922,0.281746,0.400143,0.122905,0.180006,0.324758,0.268266,0.438225,0.325359,0.722215,0.478555,0.000000,0.235657,0.314464,0.209587,0.328014,0.227575,0.232497,0.332539,0.235638,0.158557,0.297935,0.401209,0.273520,0.372190,0.414646,0.442603
0.011757,0.007154,0.427842,0.447604,0.139737,0.082886,0.100196,0.138894,0.157997,0.237893,0.218190,0.215991,0.164725,0.114547,0.248305,0.201442,0.258419,0.321916,0.326251,0.235657,0.000000,0.394717,0.279407,0.327280,0.450126,0.153580,0.197133,0.336297,0.102998,0.067694,0.228923,0.300282,0.260960,0.179444,0.163253
0.426731,0.415513,0.349631,0.419971,0.345272,-0.088556,0.130679,-0.212269,0.144855,0.328054,0.406549,0.240157,0.317801,0.085185,0.143892,0.114667,0.063514,0.427292,0.437988,0.314464,0.394717,0.000000,0.274708,0.724346,0.329608,0.475717,0.468805,0.410859,0.309006,0.340984,0.384425,0.292564,0.317948,0.272499,0.225560
0.121428,0.131024,0.176088,0.123310,0.321978,0.377731,-0.240831,0.076545,0.167542,0.132372,0.232576,0.102886,-0.008179,0.199037,0.227242,0.171762,0.359376,0.359045,0.422294,0.209587,0.279407,0.274708,0.000000,0.264048,0.404227,-0.005417,-0.079174,0.054937,0.263754,0.246977,0.316082,0.172408,0.065087,0.137595,0.083736
0.523339,0.628344,0.363470,0.324634,0.186049,-0.099963,0.079699,-0.195230,0.017962,0.320994,0.449780,0.327786,0.302002,0.102591,0.184319,0.230419,0.079449,0.380688,0.319335,0.328014,0.327280,0.724346,0.264048,0.000000,0.239216,0.493065,0.492334,0.372821,0.320177,0.357361,0.456696,0.268636,0.252811,0.260779,0.213772
0.057102,0.041621,0.462912,0.453808,0.155787,0.246514,-0.103171,0.110442,0.210445,0.334648,0.190547,0.176874,0.022498,0.177427,0.250223,0.123496,0.350083,0.401579,0.500903,0.227575,0.450126,0.329608,0.404227,0.239216,0.000000,0.169941,0.159670,0.037543,0.186818,0.146678,0.185759,0.349196,0.337154,0.188915,0.136514
0.520408,0.569874,0.221962,0.202675,0.122138,-0.100801,0.059668,-0.066410,0.123103,0.471303,0.379086,0.332383,0.343784,0.102933,-0.013530,0.097526,-0.070121,0.329276,0.285050,0.232497,0.153580,0.475717,-0.005417,0.493065,0.169941,0.000000,0.785738,0.355590,0.491258,0.308022,0.292276,0.377477,0.234446,0.282892,0.222616
0.454006,0.520884,0.360592,0.335555,0.171811,-0.205888,0.127491,-0.002946,0.076111,0.487349,0.431405,0.352840,0.330437,0.071672,0.031502,0.205069,0.097299,0.342274,0.213772,0.332539,0.197133,0.468805,-0.079174,0.492334,0.159670,0.785738,0.000000,0.375013,0.381012,0.237324,0.263572,0.424399,0.326867,0.352235,0.327153
0.291069,0.288733,0.266645,0.283236,-0.019846,-0.120934,0.062622,-0.079334,0.154550,0.252852,0.380155,0.089627,0.255265,0.103543,0.006846,0.123739,0.038343,0.180624,0.022861,0.235638,0.336297,0.410859,0.054937,0.372821,0.037543,0.355590,0.375013,0.000000,0.393803,0.439214,0.460089,0.310208,0.456591,0.244597,0.220161
0.333205,0.380342,0.162382,0.128491,0.091833,0.114526,-0.145494,-0.095470,0.545133,0.489603,0.365583,0.223599,0.233073,0.286316,0.165343,0.043829,0.104542,0.270803,0.240528,0.158557,0.102998,0.309006,0.263754,0.320177,0.186818,0.491258,0.381012,0.393803,0.000000,0.609739,0.453773,0.463630,0.253527,0.237726,0.167383
0.587871,0.513122,0.209343,0.205481,0.032426,0.138227,-0.229345,-0.148317,0.427799,0.394119,0.580195,0.200064,0.294064,0.250077,0.120298,0.092616,0.028865,0.335770,0.216057,0.297935,0.067694,0.340984,0.246977,0.357361,0.146678,0.308022,0.237324,0.439214,0.609739,0.000000,0.603964,0.261360,0.293250,0.420136,0.375388
0.420630,0.432327,0.259862,0.202628,0.014525,-0.021631,-0.208754,-0.078373,0.308902,0.256270,0.539165,0.176916,0.489172,0.464978,0.255097,0.357910,0.158792,0.294079,0.205760,0.401209,0.228923,0.384425,0.316082,0.456696,0.185759,0.292276,0.263572,0.460089,0.453773,0.603964,0.000000,0.553905,0.592529,0.268864,0.279892
0.158839,0.194346,0.373113,0.297079,0.089734,0.025220,-0.173883,0.025916,0.387026,0.410823,0.251753,0.297560,0.378004,0.265185,0.176291,0.201087,0.269795,0.232452,0.205997,0.273520,0.300282,0.292564,0.172408,0.268636,0.349196,0.377477,0.424399,0.310208,0.463630,0.261360,0.553905,0.000000,0.547749,0.232398,0.227186
0.176782,0.158897,0.397021,0.355709,-0.033569,-0.134049,-0.061937,0.037648,0.225744,0.215836,0.304685,0.039371,0.304050,0.377793,0.218759,0.349333,0.229119,0.229795,0.138958,0.372190,0.260960,0.317948,0.065087,0.252811,0.337154,0.234446,0.326867,0.456591,0.253527,0.293250,0.592529,0.547749,0.000000,0.122381,0.155791
0.263742,0.329730,0.437540,0.461239,0.121328,0.002087,-0.003060,-0.007170,0.058653,0.372719,0.424122,0.229106,0.106071,0.059500,0.040044,0.239429,0.178057,0.396142,0.188582,0.414646,0.179444,0.272499,0.137595,0.260779,0.188915,0.282892,0.352235,0.244597,0.237726,0.420136,0.268864,0.232398,0.122381,0.000000,0.869020
0.235730,0.306496,0.411083,0.454245,0.113952,-0.044539,-0.041630,0.042510,0.031989,0.343761,0.418514,0.239954,0.153942,0.058853,0.033322,0.226894,0.186838,0.352813,0.118798,0.442603,0.163253,0.225560,0.083736,0.213772,0.136514,0.222616,0.327153,0.220161,0.167383,0.375388,0.279892,0.227186,0.155791,0.869020,0.000000
