1.0000,0.7464,0.3836,0.3109,0.3926,-0.3161,-0.0980,-0.1696,0.4515,0.5127,0.4327,0.5833,0.4438,-0.0573,0.3008,-0.0658,0.0764,0.1851,0.2877,0.2920,0.2547,0.6289,0.2418,0.6603,-0.0011,0.5624,0.5630,0.3518,0.4845,0.3350,0.4474,0.4353,0.4060,0.4830,0.5486
0.7464,1.0000,0.2746,0.1417,0.2963,-0.3934,-0.0506,-0.1397,0.3646,0.4029,0.3172,0.4954,0.3459,0.0174,0.2775,-0.0510,0.1458,0.1185,0.2707,0.2638,0.1623,0.4201,0.2988,0.6011,-0.0472,0.4254,0.5218,0.2018,0.3508,0.1027,0.3177,0.3298,0.2668,0.2535,0.3508
0.3836,0.2746,1.0000,0.8180,0.6471,-0.2672,-0.0375,-0.3208,0.1953,0.3950,0.3872,0.4343,0.2332,0.1002,0.2883,0.1562,0.2310,0.2952,0.2432,0.3056,0.3936,0.4688,0.0495,0.5608,0.1914,0.3994,0.3002,0.3276,0.3420,0.1393,0.2949,0.4391,0.2099,0.6765,0.5748
0.3109,0.1417,0.8180,1.0000,0.6181,-0.1972,-0.0157,-0.2153,0.2302,0.3910,0.4288,0.3058,0.1834,0.2012,0.3669,0.2943,0.2969,0.4403,0.2087,0.4056,0.3950,0.4079,-0.0175,0.4342,0.1649,0.3825,0.2858,0.2392,0.2892,0.1172,0.1866,0.2216,0.0798,0.6420,0.5823
0.3926,0.2963,0.6471,0.6181,1.0000,-0.1399,-0.0344,-0.2629,0.4003,0.4970,0.5786,0.3316,0.3585,0.1815,0.3806,0.2256,0.1606,0.3672,0.2779,0.3289,0.4723,0.5881,0.1864,0.6294,0.2493,0.3840,0.3478,0.4828,0.4588,0.2546,0.2635,0.2844,0.2553,0.5174,0.4833
-0.3161,-0.3934,-0.2672,-0.1972,-0.1399,1.0000,0.0173,0.1730,-0.0391,-0.1931,-0.1620,-0.1760,0.0987,-0.1712,-0.1713,-0.0962,-0.1713,-0.1206,-0.2301,-0.1516,0.0348,-0.1920,-0.0780,-0.2607,0.1534,-0.3310,-0.3499,-0.0745,-0.1971,-0.0489,-0.0626,-0.2312,-0.0289,-0.2217,-0.1590
-0.0980,-0.0506,-0.0375,-0.0157,-0.0344,0.0173,1.0000,0.0186,0.0023,-0.0181,0.0402,-0.0654,-0.0475,-0.0079,-0.0866,0.0473,0.0132,0.0953,0.0721,-0.0610,0.1013,-0.0121,-0.0170,0.0397,0.2992,0.0448,0.0349,-0.0497,-0.1241,-0.0708,-0.0940,-0.1258,-0.1030,-0.0348,-0.1306
-0.1696,-0.1397,-0.3208,-0.2153,-0.2629,0.1730,0.0186,1.0000,-0.2191,-0.1767,-0.1756,-0.2719,-0.1363,-0.0454,-0.0021,0.0214,-0.0036,0.0515,-0.0639,0.0520,-0.1357,-0.2776,0.0427,-0.3380,0.0002,-0.1489,-0.0336,-0.3198,-0.1778,-0.1561,-0.1996,-0.2590,-0.1962,-0.2680,-0.1719
0.4515,0.3646,0.1953,0.2302,0.4003,-0.0391,0.0023,-0.2191,1.0000,0.6841,0.6118,0.5683,0.5679,0.0657,0.3261,0.0005,-0.0621,0.1243,0.2214,0.1603,0.2547,0.4913,0.0635,0.4954,0.0107,0.3450,0.4553,0.4636,0.5865,0.3890,0.3978,0.2637,0.3821,0.2980,0.3918
0.5127,0.4029,0.3950,0.3910,0.4970,-0.1931,-0.0181,-0.1767,0.6841,1.0000,0.6553,0.6348,0.4256,0.1535,0.5106,0.1796,0.1123,0.2710,0.3000,0.3144,0.2922,0.5792,0.1168,0.5807,0.1400,0.4471,0.4861,0.4125,0.6279,0.4022,0.4070,0.3398,0.3371,0.4407,0.5012
0.4327,0.3172,0.3872,0.4288,0.5786,-0.1620,0.0402,-0.1756,0.6118,0.6553,1.0000,0.3693,0.4385,0.2309,0.5421,0.3326,0.1307,0.2740,0.2271,0.3349,0.3721,0.5282,0.1301,0.5280,0.1598,0.3656,0.3727,0.4689,0.4974,0.5060,0.4835,0.2103,0.3782,0.3717,0.4655
0.5833,0.4954,0.4343,0.3058,0.3316,-0.1760,-0.0654,-0.2719,0.5683,0.6348,0.3693,1.0000,0.5250,-0.1913,0.1909,-0.1816,-0.0613,0.0488,0.2618,0.1716,0.2502,0.5248,0.0119,0.6130,-0.0073,0.4156,0.4500,0.3776,0.4538,0.2324,0.4440,0.5179,0.4014,0.4206,0.4081
0.4438,0.3459,0.2332,0.1834,0.3585,0.0987,-0.0475,-0.1363,0.5679,0.4256,0.4385,0.5250,1.0000,-0.2749,0.1125,-0.2064,-0.1225,0.1017,0.1493,0.1847,0.3158,0.4730,0.1456,0.5414,0.0546,0.3341,0.3677,0.4555,0.3734,0.2573,0.5726,0.3612,0.5564,0.3067,0.3692
-0.0573,0.0174,0.1002,0.2012,0.1815,-0.1712,-0.0079,-0.0454,0.0657,0.1535,0.2309,-0.1913,-0.2749,1.0000,0.6081,0.7371,0.5803,0.3909,0.1293,0.2355,0.0829,-0.0319,0.2495,-0.0257,0.1425,0.1967,0.1916,-0.0725,0.2485,-0.0168,-0.2281,-0.0862,-0.3066,0.2334,0.1956
0.3008,0.2775,0.2883,0.3669,0.3806,-0.1713,-0.0866,-0.0021,0.3261,0.5106,0.5421,0.1909,0.1125,0.6081,1.0000,0.5758,0.4638,0.3685,0.1105,0.3947,0.2394,0.2658,0.1555,0.2751,0.1098,0.3468,0.3995,0.1666,0.4544,0.2318,0.1181,0.0875,0.0056,0.3716,0.4437
-0.0658,-0.0510,0.1562,0.2943,0.2256,-0.0962,0.0473,0.0214,0.0005,0.1796,0.3326,-0.1816,-0.2064,0.7371,0.5758,1.0000,0.6656,0.3939,0.0305,0.2957,0.1277,-0.0493,0.2496,-0.0244,0.1556,0.2382,0.2128,-0.1328,0.0605,-0.0522,-0.1735,-0.1760,-0.2872,0.2402,0.2701
0.0764,0.1458,0.2310,0.2969,0.1606,-0.1713,0.0132,-0.0036,-0.0621,0.1123,0.1307,-0.0613,-0.1225,0.5803,0.4638,0.6656,1.0000,0.3845,0.0494,0.2858,0.0876,-0.0010,0.4206,0.0978,0.2023,0.3237,0.3346,-0.2182,0.0486,-0.1584,-0.0864,0.0382,-0.2156,0.2931,0.2638
0.1851,0.1185,0.2952,0.4403,0.3672,-0.1206,0.0953,0.0515,0.1243,0.2710,0.2740,0.0488,0.1017,0.3909,0.3685,0.3939,0.3845,1.0000,0.4639,0.6499,0.3608,0.2369,0.1781,0.2301,0.2381,0.5012,0.4358,-0.0127,0.1882,-0.0605,-0.0308,0.0625,-0.1296,0.3985,0.2999
0.2877,0.2707,0.2432,0.2087,0.2779,-0.2301,0.0721,-0.0639,0.2214,0.3000,0.2271,0.2618,0.1493,0.1293,0.1105,0.0305,0.0494,0.4639,1.0000,0.2767,0.4138,0.3843,0.2364,0.3441,0.1625,0.3579,0.3641,0.2019,0.2900,0.0959,0.0480,0.2048,0.0661,0.2518,0.1565
0.2920,0.2638,0.3056,0.4056,0.3289,-0.1516,-0.0610,0.0520,0.1603,0.3144,0.3349,0.1716,0.1847,0.2355,0.3947,0.2957,0.2858,0.6499,0.2767,1.0000,0.2103,0.2278,0.1618,0.2973,0.1309,0.3726,0.4020,0.0027,0.1560,-0.0512,0.1347,0.1890,0.0059,0.2860,0.4002
0.2547,0.1623,0.3936,0.3950,0.4723,0.0348,0.1013,-0.1357,0.2547,0.2922,0.3721,0.2502,0.3158,0.0829,0.2394,0.1277,0.0876,0.3608,0.4138,0.2103,1.0000,0.6023,0.1725,0.5598,0.5087,0.2295,0.1844,0.5694,0.2600,0.3266,0.3517,0.1926,0.4024,0.3975,0.3027
0.6289,0.4201,0.4688,0.4079,0.5881,-0.1920,-0.0121,-0.2776,0.4913,0.5792,0.5282,0.5248,0.4730,-0.0319,0.2658,-0.0493,-0.0010,0.2369,0.3843,0.2278,0.6023,1.0000,0.2221,0.8138,0.2984,0.3975,0.3825,0.6357,0.5448,0.5587,0.5243,0.3841,0.5420,0.5430,0.4961
0.2418,0.2988,0.0495,-0.0175,0.1864,-0.0780,-0.0170,0.0427,0.0635,0.1168,0.1301,0.0119,0.1456,0.2495,0.1555,0.2496,0.4206,0.1781,0.2364,0.1618,0.1725,0.2221,1.0000,0.2995,0.2560,0.1575,0.2499,0.0602,0.1884,0.0652,0.1705,0.2126,0.1561,0.1248,0.1622
0.6603,0.6011,0.5608,0.4342,0.6294,-0.2607,0.0397,-0.3380,0.4954,0.5807,0.5280,0.6130,0.5414,-0.0257,0.2751,-0.0244,0.0978,0.2301,0.3441,0.2973,0.5598,0.8138,0.2995,1.0000,0.3051,0.4380,0.4636,0.5876,0.5008,0.3820,0.5726,0.4986,0.5461,0.5291,0.5091
-0.0011,-0.0472,0.1914,0.1649,0.2493,0.1534,0.2992,0.0002,0.0107,0.1400,0.1598,-0.0073,0.0546,0.1425,0.1098,0.1556,0.2023,0.2381,0.1625,0.1309,0.5087,0.2984,0.2560,0.3051,1.0000,0.0999,0.0082,0.2757,0.0495,0.0720,0.1385,0.1347,0.1626,0.1264,0.0275
0.5624,0.4254,0.3994,0.3825,0.3840,-0.3310,0.0448,-0.1489,0.3450,0.4471,0.3656,0.4156,0.3341,0.1967,0.3468,0.2382,0.3237,0.5012,0.3579,0.3726,0.2295,0.3975,0.1575,0.4380,0.0999,1.0000,0.8097,0.1548,0.4234,0.0920,0.1106,0.3079,0.1159,0.6321,0.5476
0.5630,0.5218,0.3002,0.2858,0.3478,-0.3499,0.0349,-0.0336,0.4553,0.4861,0.3727,0.4500,0.3677,0.1916,0.3995,0.2128,0.3346,0.4358,0.3641,0.4020,0.1844,0.3825,0.2499,0.4636,0.0082,0.8097,1.0000,0.1112,0.4358,0.0653,0.0952,0.2735,0.1063,0.4769,0.4653
0.3518,0.2018,0.3276,0.2392,0.4828,-0.0745,-0.0497,-0.3198,0.4636,0.4125,0.4689,0.3776,0.4555,-0.0725,0.1666,-0.1328,-0.2182,-0.0127,0.2019,0.0027,0.5694,0.6357,0.0602,0.5876,0.2757,0.1548,0.1112,1.0000,0.5163,0.6562,0.6412,0.4143,0.7237,0.3646,0.3267
0.4845,0.3508,0.3420,0.2892,0.4588,-0.1971,-0.1241,-0.1778,0.5865,0.6279,0.4974,0.4538,0.3734,0.2485,0.4544,0.0605,0.0486,0.1882,0.2900,0.1560,0.2600,0.5448,0.1884,0.5008,0.0495,0.4234,0.4358,0.5163,1.0000,0.5470,0.4413,0.5452,0.4316,0.5018,0.5393
0.3350,0.1027,0.1393,0.1172,0.2546,-0.0489,-0.0708,-0.1561,0.3890,0.4022,0.5060,0.2324,0.2573,-0.0168,0.2318,-0.0522,-0.1584,-0.0605,0.0959,-0.0512,0.3266,0.5587,0.0652,0.3820,0.0720,0.0920,0.0653,0.6562,0.5470,1.0000,0.6232,0.2877,0.6206,0.2878,0.3437
0.4474,0.3177,0.2949,0.1866,0.2635,-0.0626,-0.0940,-0.1996,0.3978,0.4070,0.4835,0.4440,0.5726,-0.2281,0.1181,-0.1735,-0.0864,-0.0308,0.0480,0.1347,0.3517,0.5243,0.1705,0.5726,0.1385,0.1106,0.0952,0.6412,0.4413,0.6232,1.0000,0.5769,0.7922,0.2807,0.3673
0.4353,0.3298,0.4391,0.2216,0.2844,-0.2312,-0.1258,-0.2590,0.2637,0.3398,0.2103,0.5179,0.3612,-0.0862,0.0875,-0.1760,0.0382,0.0625,0.2048,0.1890,0.1926,0.3841,0.2126,0.4986,0.1347,0.3079,0.2735,0.4143,0.5452,0.2877,0.5769,1.0000,0.5344,0.4011,0.3703
0.4060,0.2668,0.2099,0.0798,0.2553,-0.0289,-0.1030,-0.1962,0.3821,0.3371,0.3782,0.4014,0.5564,-0.3066,0.0056,-0.2872,-0.2156,-0.1296,0.0661,0.0059,0.4024,0.5420,0.1561,0.5461,0.1626,0.1159,0.1063,0.7237,0.4316,0.6206,0.7922,0.5344,1.0000,0.2395,0.3145
0.4830,0.2535,0.6765,0.6420,0.5174,-0.2217,-0.0348,-0.2680,0.2980,0.4407,0.3717,0.4206,0.3067,0.2334,0.3716,0.2402,0.2931,0.3985,0.2518,0.2860,0.3975,0.5430,0.1248,0.5291,0.1264,0.6321,0.4769,0.3646,0.5018,0.2878,0.2807,0.4011,0.2395,1.0000,0.7856
0.5486,0.3508,0.5748,0.5823,0.4833,-0.1590,-0.1306,-0.1719,0.3918,0.5012,0.4655,0.4081,0.3692,0.1956,0.4437,0.2701,0.2638,0.2999,0.1565,0.4002,0.3027,0.4961,0.1622,0.5091,0.0275,0.5476,0.4653,0.3267,0.5393,0.3437,0.3673,0.3703,0.3145,0.7856,1.0000
