0.000000,0.854911,-0.166041,-0.037671,0.085513,-0.264503,-0.038287,0.027467,0.315193,0.422596,0.552191,0.438192,0.334099,0.124255,0.438906,0.158802,0.169458,0.044059,0.085569,0.137142,0.073628,0.517806,0.097483,0.460574,0.096403,0.365619,0.447680,0.023437,0.287716,0.413416,0.489306,0.420199,0.270383,0.207187,0.228903
0.854911,0.000000,-0.156777,-0.034191,0.130242,-0.168965,-0.062484,0.118549,0.241089,0.386284,0.469712,0.523943,0.287367,0.171340,0.486020,0.213296,0.263956,0.048142,0.095779,0.173649,0.072415,0.538832,0.152591,0.545359,0.095040,0.359697,0.475694,-0.051250,0.240177,0.284387,0.443610,0.438483,0.234983,0.222748,0.240836
-0.166041,-0.156777,0.000000,0.537523,0.388626,0.227519,-0.137171,0.006667,-0.095281,-0.105941,0.027132,0.018187,-0.054112,0.077445,-0.046024,0.082042,0.195176,0.295776,0.162803,0.052902,0.281785,-0.035330,0.136490,0.001794,0.062531,0.041659,-0.064021,0.493548,0.054147,0.023525,0.040412,-0.013394,0.263925,0.113029,0.052281
-0.037671,-0.034191,0.537523,0.000000,0.403342,0.128891,-0.046708,0.059358,-0.013537,0.075505,0.085279,0.135442,0.019838,0.150774,0.099778,0.138615,0.266779,0.412784,0.324147,0.175040,0.463144,0.013653,0.302533,0.037366,0.260803,0.126077,0.014239,0.417870,0.219067,0.083759,0.091520,0.133610,0.217657,0.206221,0.206169
0.085513,0.130242,0.388626,0.403342,0.000000,0.255705,-0.224168,0.207836,0.110685,0.209034,0.219293,0.299262,0.057733,0.314857,0.261109,0.378671,0.444334,0.499802,0.284167,0.366665,0.313984,0.234913,0.239726,0.287792,0.152759,0.342172,0.270827,0.355017,0.421518,0.216578,0.232887,0.280653,0.320939,0.310431,0.346711
-0.264503,-0.168965,0.227519,0.128891,0.255705,0.000000,-0.130161,0.375162,-0.022930,-0.106607,-0.116578,-0.065079,-0.182650,0.201266,-0.029145,0.131202,0.202160,0.012171,-0.029211,0.067168,0.095553,-0.036865,0.071172,-0.014585,-0.027186,0.235197,0.108279,0.006322,0.177432,-0.102413,-0.091806,-0.038319,0.072238,0.083845,0.088156
-0.038287,-0.062484,-0.137171,-0.046708,-0.224168,-0.130161,0.000000,-0.035294,0.043199,-0.035261,0.046613,-0.149815,0.062086,-0.099341,-0.072910,-0.200861,-0.280671,-0.087604,0.030846,-0.119483,-0.192958,0.013069,-0.138316,0.018086,0.039678,-0.249596,-0.232551,-0.176959,-0.175020,-0.046774,-0.062141,-0.188833,-0.161884,-0.229926,-0.215102
0.027467,0.118549,0.006667,0.059358,0.207836,0.375162,-0.035294,0.000000,0.253848,0.221890,0.204501,0.173429,0.126982,0.268705,0.130549,0.257972,0.202615,-0.016049,0.017062,0.122077,0.098734,0.159873,0.233607,0.157209,0.152640,0.307992,0.329633,-0.069976,0.268153,0.120365,0.214902,0.234168,0.077559,0.246518,0.245308
0.315193,0.241089,-0.095281,-0.013537,0.110685,-0.022930,0.043199,0.253848,0.000000,0.531732,0.457218,0.319907,0.371863,0.518995,0.453449,0.234400,0.077073,-0.087502,0.057934,0.014628,0.030178,0.361806,0.244864,0.246464,0.171315,0.308325,0.223759,0.144871,0.482990,0.480070,0.355653,0.376510,0.165968,0.151143,0.168103
0.422596,0.386284,-0.105941,0.075505,0.209034,-0.106607,-0.035261,0.221890,0.531732,0.000000,0.532250,0.543910,0.321030,0.302503,0.483800,0.160430,0.175221,0.030009,0.130297,0.088276,0.048509,0.246579,0.217531,0.170496,0.194356,0.322616,0.319524,0.031202,0.385106,0.299919,0.287110,0.323410,0.068645,0.207564,0.248930
0.552191,0.469712,0.027132,0.085279,0.219293,-0.116578,0.046613,0.204501,0.457218,0.532250,0.000000,0.378682,0.441229,0.252819,0.349496,0.272427,0.034992,0.152628,0.121578,0.246464,0.113993,0.468022,0.164028,0.370594,0.154629,0.299661,0.345514,0.190793,0.423943,0.675448,0.721522,0.443008,0.329308,0.348169,0.341830
0.438192,0.523943,0.018187,0.135442,0.299262,-0.065079,-0.149815,0.173429,0.319907,0.543910,0.378682,0.000000,0.389250,0.288353,0.489726,0.273482,0.287953,0.140249,0.217133,0.117527,0.144919,0.258170,0.191062,0.285232,0.210495,0.208205,0.255068,0.039223,0.198838,0.177059,0.294471,0.366394,0.166164,0.161616,0.220962
0.334099,0.287367,-0.054112,0.019838,0.057733,-0.182650,0.062086,0.126982,0.371863,0.321030,0.441229,0.389250,0.000000,0.037487,0.193163,0.054830,-0.093700,0.094759,0.157792,0.130065,0.121529,0.201674,0.002881,0.203065,0.174374,0.100564,0.177017,0.163528,0.349201,0.425047,0.462297,0.550393,0.333124,0.085503,0.097958
0.124255,0.171340,0.077445,0.150774,0.314857,0.201266,-0.099341,0.268705,0.518995,0.302503,0.252819,0.288353,0.037487,0.000000,0.495702,0.643807,0.486817,0.179345,0.219552,0.286079,0.124464,0.224723,0.396100,0.206486,0.233158,0.344681,0.159485,0.148535,0.295864,0.269963,0.302626,0.286281,0.174887,0.304549,0.275506
0.438906,0.486020,-0.046024,0.099778,0.261109,-0.029145,-0.072910,0.130549,0.453449,0.483800,0.349496,0.489726,0.193163,0.495702,0.000000,0.413823,0.361358,0.107209,0.129532,0.111071,0.131312,0.325010,0.343461,0.256326,0.236634,0.144768,0.157253,0.124420,0.361509,0.328849,0.335214,0.373533,0.128882,0.172730,0.188172
0.158802,0.213296,0.082042,0.138615,0.378671,0.131202,-0.200861,0.257972,0.234400,0.160430,0.272427,0.273482,0.054830,0.643807,0.413823,0.000000,0.565337,0.421704,0.329415,0.487792,0.180820,0.150826,0.376727,0.201988,0.203224,0.280100,0.242292,0.073180,0.271325,0.368142,0.447206,0.365399,0.191035,0.350016,0.329843
0.169458,0.263956,0.195176,0.266779,0.444334,0.202160,-0.280671,0.202615,0.077073,0.175221,0.034992,0.287953,-0.093700,0.486817,0.361358,0.565337,0.000000,0.327401,0.296472,0.244190,0.239948,0.112946,0.472924,0.169252,0.220767,0.290401,0.234401,0.074902,0.206317,0.027340,0.175786,0.284780,0.148698,0.324492,0.332183
0.044059,0.048142,0.295776,0.412784,0.499802,0.012171,-0.087604,-0.016049,-0.087502,0.030009,0.152628,0.140249,0.094759,0.179345,0.107209,0.421704,0.327401,0.000000,0.664570,0.617408,0.408603,0.070609,0.144509,0.146028,0.217418,0.196303,0.134829,0.309453,0.187625,0.215215,0.230246,0.146051,0.271701,0.327609,0.311364
0.085569,0.095779,0.162803,0.324147,0.284167,-0.029211,0.030846,0.017062,0.057934,0.130297,0.121578,0.217133,0.157792,0.219552,0.129532,0.329415,0.296472,0.664570,0.000000,0.356086,0.397281,0.117101,0.333506,0.168805,0.508983,0.226382,0.118584,0.217761,0.062466,0.124400,0.166424,0.185279,0.204685,0.138497,0.153859
0.137142,0.173649,0.052902,0.175040,0.366665,0.067168,-0.119483,0.122077,0.014628,0.088276,0.246464,0.117527,0.130065,0.286079,0.111071,0.487792,0.244190,0.617408,0.356086,0.000000,0.096963,0.125678,-0.018635,0.176188,-0.053518,0.368440,0.393307,0.061387,0.308682,0.319537,0.378108,0.284739,0.297614,0.445638,0.420442
0.073628,0.072415,0.281785,0.463144,0.313984,0.095553,-0.192958,0.098734,0.030178,0.048509,0.113993,0.144919,0.121529,0.124464,0.131312,0.180820,0.239948,0.408603,0.397281,0.096963,0.000000,0.251790,0.440552,0.259558,0.545725,0.121337,-0.008777,0.500058,0.168871,0.193511,0.193796,0.118182,0.243837,0.243910,0.232545
0.517806,0.538832,-0.035330,0.013653,0.234913,-0.036865,0.013069,0.159873,0.361806,0.246579,0.468022,0.258170,0.201674,0.224723,0.325010,0.150826,0.112946,0.070609,0.117101,0.125678,0.251790,0.000000,0.270903,0.869710,0.227961,0.296746,0.292547,0.072916,0.263089,0.344149,0.373599,0.275525,0.191244,0.189347,0.217284
0.097483,0.152591,0.136490,0.302533,0.239726,0.071172,-0.138316,0.233607,0.244864,0.217531,0.164028,0.191062,0.002881,0.396100,0.343461,0.376727,0.472924,0.144509,0.333506,-0.018635,0.440552,0.270903,0.000000,0.266430,0.680329,0.197733,0.068090,0.275292,0.189010,0.138221,0.232391,0.257321,0.130149,0.281173,0.270590
0.460574,0.545359,0.001794,0.037366,0.287792,-0.014585,0.018086,0.157209,0.246464,0.170496,0.370594,0.285232,0.203065,0.206486,0.256326,0.201988,0.169252,0.146028,0.168805,0.176188,0.259558,0.869710,0.266430,0.000000,0.251447,0.290551,0.326650,0.031372,0.208586,0.243866,0.326521,0.264729,0.194931,0.168606,0.196605
0.096403,0.095040,0.062531,0.260803,0.152759,-0.027186,0.039678,0.152640,0.171315,0.194356,0.154629,0.210495,0.174374,0.233158,0.236634,0.203224,0.220767,0.217418,0.508983,-0.053518,0.545725,0.227961,0.680329,0.251447,0.000000,0.068173,-0.021526,0.262303,0.043751,0.121600,0.176012,0.198485,0.116193,0.127897,0.136940
0.365619,0.359697,0.041659,0.126077,0.342172,0.235197,-0.249596,0.307992,0.308325,0.322616,0.299661,0.208205,0.100564,0.344681,0.144768,0.280100,0.290401,0.196303,0.226382,0.368440,0.121337,0.296746,0.197733,0.290551,0.068173,0.000000,0.744161,0.115278,0.458514,0.290547,0.308737,0.330209,0.351893,0.497853,0.489672
0.447680,0.475694,-0.064021,0.014239,0.270827,0.108279,-0.232551,0.329633,0.223759,0.319524,0.345514,0.255068,0.177017,0.159485,0.157253,0.242292,0.234401,0.134829,0.118584,0.393307,-0.008777,0.292547,0.068090,0.326650,-0.021526,0.744161,0.000000,-0.043388,0.444934,0.300631,0.362417,0.398400,0.327513,0.470555,0.467587
0.023437,-0.051250,0.493548,0.417870,0.355017,0.006322,-0.176959,-0.069976,0.144871,0.031202,0.190793,0.039223,0.163528,0.148535,0.124420,0.073180,0.074902,0.309453,0.217761,0.061387,0.500058,0.072916,0.275292,0.031372,0.262303,0.115278,-0.043388,0.000000,0.321989,0.365851,0.285568,0.183209,0.469979,0.208355,0.161530
0.287716,0.240177,0.054147,0.219067,0.421518,0.177432,-0.175020,0.268153,0.482990,0.385106,0.423943,0.198838,0.349201,0.295864,0.361509,0.271325,0.206317,0.187625,0.062466,0.308682,0.168871,0.263089,0.189010,0.208586,0.043751,0.458514,0.444934,0.321989,0.000000,0.626976,0.505575,0.589231,0.372150,0.442210,0.459034
0.413416,0.284387,0.023525,0.083759,0.216578,-0.102413,-0.046774,0.120365,0.480070,0.299919,0.675448,0.177059,0.425047,0.269963,0.328849,0.368142,0.027340,0.215215,0.124400,0.319537,0.193511,0.344149,0.138221,0.243866,0.121600,0.290547,0.300631,0.365851,0.626976,0.000000,0.795849,0.522500,0.466368,0.414311,0.390326
0.489306,0.443610,0.040412,0.091520,0.232887,-0.091806,-0.062141,0.214902,0.355653,0.287110,0.721522,0.294471,0.462297,0.302626,0.335214,0.447206,0.175786,0.230246,0.166424,0.378108,0.193796,0.373599,0.232391,0.326521,0.176012,0.308737,0.362417,0.285568,0.505575,0.795849,0.000000,0.639192,0.538746,0.545548,0.519130
0.420199,0.438483,-0.013394,0.133610,0.280653,-0.038319,-0.188833,0.234168,0.376510,0.323410,0.443008,0.366394,0.550393,0.286281,0.373533,0.365399,0.284780,0.146051,0.185279,0.284739,0.118182,0.275525,0.257321,0.264729,0.198485,0.330209,0.398400,0.183209,0.589231,0.522500,0.639192,0.000000,0.484312,0.332447,0.335996
0.270383,0.234983,0.263925,0.217657,0.320939,0.072238,-0.161884,0.077559,0.165968,0.068645,0.329308,0.166164,0.333124,0.174887,0.128882,0.191035,0.148698,0.271701,0.204685,0.297614,0.243837,0.191244,0.130149,0.194931,0.116193,0.351893,0.327513,0.469979,0.372150,0.466368,0.538746,0.484312,0.000000,0.289243,0.251709
0.207187,0.222748,0.113029,0.206221,0.310431,0.083845,-0.229926,0.246518,0.151143,0.207564,0.348169,0.161616,0.085503,0.304549,0.172730,0.350016,0.324492,0.327609,0.138497,0.445638,0.243910,0.189347,0.281173,0.168606,0.127897,0.497853,0.470555,0.208355,0.442210,0.414311,0.545548,0.332447,0.289243,0.000000,0.890923
0.228903,0.240836,0.052281,0.206169,0.346711,0.088156,-0.215102,0.245308,0.168103,0.248930,0.341830,0.220962,0.097958,0.275506,0.188172,0.329843,0.332183,0.311364,0.153859,0.420442,0.232545,0.217284,0.270590,0.196605,0.136940,0.489672,0.467587,0.161530,0.459034,0.390326,0.519130,0.335996,0.251709,0.890923,0.000000
