0.000000,0.749703,0.160836,0.153430,0.312826,0.132841,0.042294,0.102968,-0.094620,0.130267,0.100690,0.177304,0.177345,-0.225439,0.054526,-0.216489,-0.161386,0.093779,-0.097249,-0.009597,0.215695,0.376660,-0.067320,0.249725,0.172253,0.486076,0.439061,0.193371,-0.029548,0.274630,-0.039981,-0.162331,-0.078108,0.335093,0.244486
0.749703,0.000000,0.072872,0.089116,0.292289,0.119996,-0.023809,0.137366,-0.036445,0.142861,0.177628,0.251453,0.113815,-0.184742,0.077777,-0.140596,-0.200248,0.127703,-0.080829,0.044007,0.072387,0.219936,-0.034053,0.270146,0.072973,0.411610,0.435885,0.139893,0.076862,0.189304,0.059831,-0.028930,-0.005998,0.325492,0.272399
0.160836,0.072872,0.000000,0.556172,0.162268,0.194261,0.076973,0.097654,-0.066557,-0.103050,-0.362866,0.049948,0.049420,0.031796,-0.303136,-0.123936,0.024543,0.145819,0.203253,-0.027988,0.529700,0.386501,-0.093017,0.308788,0.478688,0.257588,0.220017,0.346857,0.022887,0.186040,0.046830,-0.090819,0.014809,0.303219,0.227111
0.153430,0.089116,0.556172,0.000000,0.166692,0.140561,0.255618,-0.009638,0.095266,0.104161,-0.067699,-0.058979,0.223752,0.123126,-0.225474,0.058789,-0.039292,0.035862,0.113000,-0.066595,0.295199,0.429945,0.076489,0.271973,0.195064,0.225673,0.140357,0.152692,0.207831,0.053295,0.147078,0.024233,0.030326,0.399262,0.236832
0.312826,0.292289,0.162268,0.166692,0.000000,-0.009834,0.158641,0.020512,0.073107,0.162666,0.085102,0.269805,0.278871,-0.329487,-0.244863,-0.224056,-0.194923,0.001741,-0.087774,-0.044419,0.096445,0.182200,0.037287,0.083600,0.157398,0.442601,0.451616,-0.024854,0.100799,0.070021,-0.100355,-0.127455,0.095304,0.348353,0.208636
0.132841,0.119996,0.194261,0.140561,-0.009834,0.000000,-0.007359,0.171259,0.010283,0.120450,-0.056228,0.134586,-0.163303,0.045516,0.025845,0.038893,0.248946,-0.025132,0.201986,-0.015855,0.339954,0.093138,-0.028386,-0.051152,0.069437,-0.011745,-0.066463,0.304080,0.006896,0.323778,-0.012416,-0.151442,-0.137190,0.085994,0.161093
0.042294,-0.023809,0.076973,0.255618,0.158641,-0.007359,0.000000,-0.221043,0.010937,0.089362,-0.010201,-0.031239,0.279505,-0.048322,-0.013402,-0.084725,-0.074518,-0.318134,-0.051777,-0.273332,0.034550,0.247158,0.191337,0.163923,0.107998,0.032916,0.012090,-0.227317,-0.055914,-0.176692,-0.155312,-0.030536,0.022677,0.063213,-0.120030
0.102968,0.137366,0.097654,-0.009638,0.020512,0.171259,-0.221043,0.000000,-0.201520,-0.112125,-0.015243,0.120845,-0.170955,-0.103475,-0.038376,0.050045,-0.005840,0.241250,0.105753,0.234292,0.035535,0.003354,-0.168148,0.068944,0.134151,0.072616,0.160482,0.149915,-0.075010,0.129646,0.015110,-0.130914,0.077699,-0.048682,0.158702
-0.094620,-0.036445,-0.066557,0.095266,0.073107,0.010283,0.010937,-0.201520,0.000000,0.478831,0.304228,0.042350,0.139379,0.169280,0.174962,-0.203741,-0.088787,-0.266630,-0.214312,-0.113534,0.000925,0.054285,0.142594,0.042417,-0.064310,-0.006230,-0.051122,0.154112,0.620178,0.176320,0.354907,0.433528,0.247612,0.196995,0.139608
0.130267,0.142861,-0.103050,0.104161,0.162666,0.120450,0.089362,-0.112125,0.478831,0.000000,0.295494,0.305655,0.062949,-0.142099,0.220820,-0.233567,-0.055935,-0.302237,-0.331847,-0.214343,-0.158070,-0.105463,0.240333,-0.149876,-0.223984,0.115154,0.164945,-0.098447,0.377613,0.045386,0.067953,0.290105,0.136779,0.132212,0.010014
0.100690,0.177628,-0.362866,-0.067699,0.085102,-0.056228,-0.010201,-0.015243,0.304228,0.295494,0.000000,0.135773,0.114810,-0.087908,0.342654,-0.046395,-0.301799,-0.001356,-0.207642,0.098006,-0.390629,-0.111444,0.064788,-0.071450,-0.369900,0.036539,0.057278,-0.218584,0.154259,0.049370,0.196607,0.194801,0.234252,0.006408,0.035554
0.177304,0.251453,0.049948,-0.058979,0.269805,0.134586,-0.031239,0.120845,0.042350,0.305655,0.135773,0.000000,-0.107160,-0.426750,-0.081734,-0.269117,-0.217657,0.002931,-0.109477,0.081279,-0.089107,-0.135591,0.080222,0.010776,-0.042950,0.066276,0.289287,-0.133045,-0.073734,-0.057735,-0.153713,-0.080260,0.061903,-0.057767,-0.020448
0.177345,0.113815,0.049420,0.223752,0.278871,-0.163303,0.279505,-0.170955,0.139379,0.062949,0.114810,-0.107160,0.000000,-0.106963,-0.111205,-0.131839,-0.201205,-0.157542,-0.130613,-0.165271,0.126492,0.178044,0.125314,0.036866,0.153520,0.516511,0.310138,-0.005386,0.219235,0.055896,0.047212,-0.079769,0.032438,0.403416,0.355203
-0.225439,-0.184742,0.031796,0.123126,-0.329487,0.045516,-0.048322,-0.103475,0.169280,-0.142099,-0.087908,-0.426750,-0.106963,0.000000,0.170556,0.539862,0.442133,-0.079935,0.280915,-0.044535,0.158511,0.132401,0.033589,0.085891,0.114977,-0.258805,-0.429559,0.321796,0.286676,-0.018182,0.322634,0.311236,-0.032515,0.096502,0.057479
0.054526,0.077777,-0.303136,-0.225474,-0.244863,0.025845,-0.013402,-0.038376,0.174962,0.220820,0.342654,-0.081734,-0.111205,0.170556,0.000000,0.057980,0.064520,-0.138309,-0.123655,-0.033146,-0.195707,-0.100935,0.021042,-0.066364,-0.277631,-0.136412,-0.104330,-0.024179,0.058514,0.000365,0.018960,0.183538,0.003992,-0.138033,-0.125654
-0.216489,-0.140596,-0.123936,0.058789,-0.224056,0.038893,-0.084725,0.050045,-0.203741,-0.233567,-0.046395,-0.269117,-0.131839,0.539862,0.057980,0.000000,0.397244,0.115044,0.243579,0.066147,-0.082904,-0.066671,-0.069705,-0.086891,-0.048081,-0.207648,-0.275066,0.038461,-0.048287,-0.231608,0.068207,0.078280,-0.191530,0.005097,-0.020178
-0.161386,-0.200248,0.024543,-0.039292,-0.194923,0.248946,-0.074518,-0.005840,-0.088787,-0.055935,-0.301799,-0.217657,-0.201205,0.442133,0.064520,0.397244,0.000000,-0.161516,0.191484,-0.244798,0.270435,0.042777,0.030347,-0.067988,0.078601,-0.296595,-0.389276,0.353419,0.004321,0.226958,0.032818,-0.113502,-0.350751,0.027513,0.051609
0.093779,0.127703,0.145819,0.035862,0.001741,-0.025132,-0.318134,0.241250,-0.266630,-0.302237,-0.001356,0.002931,-0.157542,-0.079935,-0.138309,0.115044,-0.161516,0.000000,0.224467,0.593273,-0.020387,0.071914,-0.497581,0.085398,0.079689,0.071741,0.270569,-0.010510,-0.237796,-0.119571,-0.236618,-0.287840,-0.150024,0.000853,0.075918
-0.097249,-0.080829,0.203253,0.113000,-0.087774,0.201986,-0.051777,0.105753,-0.214312,-0.331847,-0.207642,-0.109477,-0.130613,0.280915,-0.123655,0.243579,0.191484,0.224467,0.000000,0.255955,0.202288,0.146341,-0.083864,0.122933,0.280155,-0.116984,-0.176530,0.245283,-0.123815,0.027407,0.072718,-0.081818,-0.086516,-0.051869,0.056262
-0.009597,0.044007,-0.027988,-0.066595,-0.044419,-0.015855,-0.273332,0.234292,-0.113534,-0.214343,0.098006,0.081279,-0.165271,-0.044535,-0.033146,0.066147,-0.244798,0.593273,0.255955,0.000000,-0.082858,-0.093402,-0.323843,-0.006077,0.047129,-0.029756,0.169876,-0.004936,-0.081350,-0.145320,-0.063327,-0.059973,0.031612,-0.142802,0.031256
0.215695,0.072387,0.529700,0.295199,0.096445,0.339954,0.034550,0.035535,0.000925,-0.158070,-0.390629,-0.089107,0.126492,0.158511,-0.195707,-0.082904,0.270435,-0.020387,0.202288,-0.082858,0.000000,0.372737,-0.073380,0.147319,0.488284,0.219795,0.020119,0.574083,0.059198,0.458576,0.028614,-0.249230,-0.212319,0.371107,0.422737
0.376660,0.219936,0.386501,0.429945,0.182200,0.093138,0.247158,0.003354,0.054285,-0.105463,-0.111444,-0.135591,0.178044,0.132401,-0.100935,-0.066671,0.042777,0.071914,0.146341,-0.093402,0.372737,0.000000,-0.070653,0.657438,0.298428,0.274254,0.122475,0.279359,0.024105,0.207589,0.034868,-0.093256,-0.056912,0.317716,0.239649
-0.067320,-0.034053,-0.093017,0.076489,0.037287,-0.028386,0.191337,-0.168148,0.142594,0.240333,0.064788,0.080222,0.125314,0.033589,0.021042,-0.069705,0.030347,-0.497581,-0.083864,-0.323843,-0.073380,-0.070653,0.000000,-0.106633,-0.078210,-0.014829,-0.084052,-0.047400,0.208195,0.073265,0.235230,0.172030,0.133392,0.029703,-0.000350
0.249725,0.270146,0.308788,0.271973,0.083600,-0.051152,0.163923,0.068944,0.042417,-0.149876,-0.071450,0.010776,0.036866,0.085891,-0.066364,-0.086891,-0.067988,0.085398,0.122933,-0.006077,0.147319,0.657438,-0.106633,0.000000,0.349427,0.172966,0.155302,0.181215,0.034560,0.066000,0.131698,0.064789,0.110200,0.186372,0.152120
0.172253,0.072973,0.478688,0.195064,0.157398,0.069437,0.107998,0.134151,-0.064310,-0.223984,-0.369900,-0.042950,0.153520,0.114977,-0.277631,-0.048081,0.078601,0.079689,0.280155,0.047129,0.488284,0.298428,-0.078210,0.349427,0.000000,0.239986,0.170416,0.345143,0.021984,0.170799,0.107886,-0.108212,0.086415,0.280757,0.290990
0.486076,0.411610,0.257588,0.225673,0.442601,-0.011745,0.032916,0.072616,-0.006230,0.115154,0.036539,0.066276,0.516511,-0.258805,-0.136412,-0.207648,-0.296595,0.071741,-0.116984,-0.029756,0.219795,0.274254,-0.014829,0.172966,0.239986,0.000000,0.668407,0.083003,0.108801,0.101852,-0.069372,-0.059384,0.104079,0.457485,0.358554
0.439061,0.435885,0.220017,0.140357,0.451616,-0.066463,0.012090,0.160482,-0.051122,0.164945,0.057278,0.289287,0.310138,-0.429559,-0.104330,-0.275066,-0.389276,0.270569,-0.176530,0.169876,0.020119,0.122475,-0.084052,0.155302,0.170416,0.668407,0.000000,-0.141301,-0.014847,-0.095207,-0.216175,-0.155048,0.086343,0.239261,0.138649
0.193371,0.139893,0.346857,0.152692,-0.024854,0.304080,-0.227317,0.149915,0.154112,-0.098447,-0.218584,-0.133045,-0.005386,0.321796,-0.024179,0.038461,0.353419,-0.010510,0.245283,-0.004936,0.574083,0.279359,-0.047400,0.181215,0.345143,0.083003,-0.141301,0.000000,0.297382,0.594044,0.408043,0.044398,0.043365,0.263902,0.403415
-0.029548,0.076862,0.022887,0.207831,0.100799,0.006896,-0.055914,-0.075010,0.620178,0.377613,0.154259,-0.073734,0.219235,0.286676,0.058514,-0.048287,0.004321,-0.237796,-0.123815,-0.081350,0.059198,0.024105,0.208195,0.034560,0.021984,0.108801,-0.014847,0.297382,0.000000,0.212057,0.496012,0.511927,0.273217,0.326221,0.342426
0.274630,0.189304,0.186040,0.053295,0.070021,0.323778,-0.176692,0.129646,0.176320,0.045386,0.049370,-0.057735,0.055896,-0.018182,0.000365,-0.231608,0.226958,-0.119571,0.027407,-0.145320,0.458576,0.207589,0.073265,0.066000,0.170799,0.101852,-0.095207,0.594044,0.212057,0.000000,0.391711,-0.102358,-0.044936,0.229805,0.449132
-0.039981,0.059831,0.046830,0.147078,-0.100355,-0.012416,-0.155312,0.015110,0.354907,0.067953,0.196607,-0.153713,0.047212,0.322634,0.018960,0.068207,0.032818,-0.236618,0.072718,-0.063327,0.028614,0.034868,0.235230,0.131698,0.107886,-0.069372,-0.216175,0.408043,0.496012,0.391711,0.000000,0.509788,0.447467,0.148913,0.245699
-0.162331,-0.028930,-0.090819,0.024233,-0.127455,-0.151442,-0.030536,-0.130914,0.433528,0.290105,0.194801,-0.080260,-0.079769,0.311236,0.183538,0.078280,-0.113502,-0.287840,-0.081818,-0.059973,-0.249230,-0.093256,0.172030,0.064789,-0.108212,-0.059384,-0.155048,0.044398,0.511927,-0.102358,0.509788,0.000000,0.530763,0.017465,-0.075646
-0.078108,-0.005998,0.014809,0.030326,0.095304,-0.137190,0.022677,0.077699,0.247612,0.136779,0.234252,0.061903,0.032438,-0.032515,0.003992,-0.191530,-0.350751,-0.150024,-0.086516,0.031612,-0.212319,-0.056912,0.133392,0.110200,0.086415,0.104079,0.086343,0.043365,0.273217,-0.044936,0.447467,0.530763,0.000000,-0.075368,-0.076065
0.335093,0.325492,0.303219,0.399262,0.348353,0.085994,0.063213,-0.048682,0.196995,0.132212,0.006408,-0.057767,0.403416,0.096502,-0.138033,0.005097,0.027513,0.000853,-0.051869,-0.142802,0.371107,0.317716,0.029703,0.186372,0.280757,0.457485,0.239261,0.263902,0.326221,0.229805,0.148913,0.017465,-0.075368,0.000000,0.676350
0.244486,0.272399,0.227111,0.236832,0.208636,0.161093,-0.120030,0.158702,0.139608,0.010014,0.035554,-0.020448,0.355203,0.057479,-0.125654,-0.020178,0.051609,0.075918,0.056262,0.031256,0.422737,0.239649,-0.000350,0.152120,0.290990,0.358554,0.138649,0.403415,0.342426,0.449132,0.245699,-0.075646,-0.076065,0.676350,0.000000
