1.0000,0.8141,0.1377,0.0937,0.0131,0.0171,-0.1919,-0.2259,0.1412,0.3346,0.4573,0.3310,0.3760,0.1592,0.0784,0.1231,-0.0103,0.2575,0.2191,0.2343,0.0118,0.4267,0.1214,0.5233,0.0571,0.5204,0.4540,0.2911,0.3332,0.5879,0.4206,0.1588,0.1768,0.2637,0.2357
0.8141,1.0000,0.1787,0.1104,0.0509,-0.0224,-0.1681,-0.1952,0.0724,0.3739,0.4968,0.3393,0.3388,0.1570,0.1080,0.1802,0.0769,0.3052,0.2117,0.2855,0.0072,0.4155,0.1310,0.6283,0.0416,0.5699,0.5209,0.2887,0.3803,0.5131,0.4323,0.1943,0.1589,0.3297,0.3065
0.1377,0.1787,1.0000,0.7078,0.1063,0.0310,0.1133,0.1900,0.0532,0.3147,0.3276,0.1979,0.0528,0.1347,0.1612,0.3011,0.3753,0.4673,0.2784,0.4924,0.4278,0.3496,0.1761,0.3635,0.4629,0.2220,0.3606,0.2666,0.1624,0.2093,0.2599,0.3731,0.3970,0.4375,0.4111
0.0937,0.1104,0.7078,1.0000,0.1606,0.0262,0.1786,0.1003,0.0464,0.3658,0.3639,0.1534,0.0387,0.0854,0.2148,0.2599,0.3216,0.4773,0.3194,0.5170,0.4476,0.4200,0.1233,0.3246,0.4538,0.2027,0.3356,0.2832,0.1285,0.2055,0.2026,0.2971,0.3557,0.4612,0.4542
0.0131,0.0509,0.1063,0.1606,1.0000,0.1570,0.0379,-0.0590,0.0705,0.1740,0.2387,0.0243,0.0736,-0.0319,-0.0370,-0.0070,0.1135,0.3936,0.3577,0.2317,0.1397,0.3453,0.3220,0.1860,0.1558,0.1221,0.1718,-0.0198,0.0918,0.0324,0.0145,0.0897,-0.0336,0.1213,0.1140
0.0171,-0.0224,0.0310,0.0262,0.1570,1.0000,-0.1507,0.1840,0.1643,0.0853,0.0588,-0.0299,-0.1516,0.0325,0.0456,-0.0762,0.1510,0.1951,0.2214,0.0265,0.0829,-0.0886,0.3777,-0.1000,0.2465,-0.1008,-0.2059,-0.1209,0.1145,0.1382,-0.0216,0.0252,-0.1340,0.0021,-0.0445
-0.1919,-0.1681,0.1133,0.1786,0.0379,-0.1507,1.0000,0.1020,-0.2427,-0.0744,-0.0436,-0.0314,-0.1557,-0.0887,0.0479,-0.0085,-0.0311,-0.0070,-0.0495,0.0920,0.1002,0.1307,-0.2408,0.0797,-0.1032,0.0597,0.1275,0.0626,-0.1455,-0.2293,-0.2088,-0.1739,-0.0619,-0.0031,-0.0416
-0.2259,-0.1952,0.1900,0.1003,-0.0590,0.1840,0.1020,1.0000,0.0173,0.0439,-0.0371,0.0424,-0.1068,0.1322,-0.0149,0.0753,0.1639,0.0361,0.0076,0.1061,0.1389,-0.2123,0.0765,-0.1952,0.1104,-0.0664,-0.0029,-0.0793,-0.0955,-0.1483,-0.0784,0.0259,0.0376,-0.0072,0.0425
0.1412,0.0724,0.0532,0.0464,0.0705,0.1643,-0.2427,0.0173,1.0000,0.3955,0.2846,0.1587,0.2981,0.3848,0.2006,-0.0177,0.1133,0.0953,0.1531,-0.0209,0.1580,0.1449,0.1675,0.0180,0.2104,0.1231,0.0761,0.1545,0.5451,0.4278,0.3089,0.3870,0.2257,0.0587,0.0320
0.3346,0.3739,0.3147,0.3658,0.1740,0.0853,-0.0744,0.0439,0.3955,1.0000,0.5116,0.6192,0.2986,0.2376,0.2836,0.1509,0.3096,0.3670,0.2657,0.2817,0.2379,0.3281,0.1324,0.3210,0.3346,0.4713,0.4873,0.2529,0.4896,0.3941,0.2563,0.4108,0.2158,0.3727,0.3438
0.4573,0.4968,0.3276,0.3639,0.2387,0.0588,-0.0436,-0.0371,0.2846,0.5116,1.0000,0.2760,0.3614,0.3107,0.2439,0.3134,0.2083,0.4001,0.2054,0.4001,0.2182,0.4065,0.2326,0.4498,0.1905,0.3791,0.4314,0.3802,0.3656,0.5802,0.5392,0.2518,0.3047,0.4241,0.4185
0.3310,0.3393,0.1979,0.1534,0.0243,-0.0299,-0.0314,0.0424,0.1587,0.6192,0.2760,1.0000,0.3257,0.0793,0.2152,0.0649,0.1870,0.1274,0.1157,0.1229,0.2160,0.2402,0.1029,0.3278,0.1769,0.3324,0.3528,0.0896,0.2236,0.2001,0.1769,0.2976,0.0394,0.2291,0.2400
0.3760,0.3388,0.0528,0.0387,0.0736,-0.1516,-0.1557,-0.1068,0.2981,0.2986,0.3614,0.3257,1.0000,0.2304,0.1260,0.1024,-0.0842,0.1746,0.1586,0.1800,0.1647,0.3178,-0.0082,0.3020,0.0225,0.3438,0.3304,0.2553,0.2331,0.2941,0.4892,0.3780,0.3040,0.1061,0.1539
0.1592,0.1570,0.1347,0.0854,-0.0319,0.0325,-0.0887,0.1322,0.3848,0.2376,0.3107,0.0793,0.2304,1.0000,0.5923,0.5561,0.3754,0.2631,0.1785,0.3248,0.1145,0.0852,0.1990,0.1026,0.1774,0.1029,0.0717,0.1035,0.2863,0.2501,0.4650,0.2652,0.3778,0.0595,0.0589
0.0784,0.1080,0.1612,0.2148,-0.0370,0.0456,0.0479,-0.0149,0.2006,0.2836,0.2439,0.2152,0.1260,0.5923,1.0000,0.5497,0.5195,0.2256,0.1904,0.2683,0.2483,0.1439,0.2272,0.1843,0.2502,-0.0135,0.0315,0.0068,0.1653,0.1203,0.2551,0.1763,0.2188,0.0400,0.0333
0.1231,0.1802,0.3011,0.2599,-0.0070,-0.0762,-0.0085,0.0753,-0.0177,0.1509,0.3134,0.0649,0.1024,0.5561,0.5497,1.0000,0.5057,0.3032,0.1455,0.4382,0.2014,0.1147,0.1718,0.2304,0.1235,0.0975,0.2051,0.1237,0.0438,0.0926,0.3579,0.2011,0.3493,0.2394,0.2269
-0.0103,0.0769,0.3753,0.3216,0.1135,0.1510,-0.0311,0.1639,0.1133,0.3096,0.2083,0.1870,-0.0842,0.3754,0.5195,0.5057,1.0000,0.3161,0.2394,0.3254,0.2584,0.0635,0.3594,0.0794,0.3501,-0.0701,0.0973,0.0383,0.1045,0.0289,0.1588,0.2698,0.2291,0.1781,0.1868
0.2575,0.3052,0.4673,0.4773,0.3936,0.1951,-0.0070,0.0361,0.0953,0.3670,0.4001,0.1274,0.1746,0.2631,0.2256,0.3032,0.3161,1.0000,0.7518,0.7222,0.3219,0.4273,0.3590,0.3807,0.4016,0.3293,0.3423,0.1806,0.2708,0.3358,0.2941,0.2325,0.2298,0.3961,0.3528
0.2191,0.2117,0.2784,0.3194,0.3577,0.2214,-0.0495,0.0076,0.1531,0.2657,0.2054,0.1157,0.1586,0.1785,0.1904,0.1455,0.2394,0.7518,1.0000,0.4786,0.3263,0.4380,0.4223,0.3193,0.5009,0.2851,0.2138,0.0229,0.2405,0.2161,0.2058,0.2060,0.1390,0.1886,0.1188
0.2343,0.2855,0.4924,0.5170,0.2317,0.0265,0.0920,0.1061,-0.0209,0.2817,0.4001,0.1229,0.1800,0.3248,0.2683,0.4382,0.3254,0.7222,0.4786,1.0000,0.2357,0.3145,0.2096,0.3280,0.2276,0.2325,0.3325,0.2356,0.1586,0.2979,0.4012,0.2735,0.3722,0.4146,0.4426
0.0118,0.0072,0.4278,0.4476,0.1397,0.0829,0.1002,0.1389,0.1580,0.2379,0.2182,0.2160,0.1647,0.1145,0.2483,0.2014,0.2584,0.3219,0.3263,0.2357,1.0000,0.3947,0.2794,0.3273,0.4501,0.1536,0.1971,0.3363,0.1030,0.0677,0.2289,0.3003,0.2610,0.1794,0.1633
0.4267,0.4155,0.3496,0.4200,0.3453,-0.0886,0.1307,-0.2123,0.1449,0.3281,0.4065,0.2402,0.3178,0.0852,0.1439,0.1147,0.0635,0.4273,0.4380,0.3145,0.3947,1.0000,0.2747,0.7243,0.3296,0.4757,0.4688,0.4109,0.3090,0.3410,0.3844,0.2926,0.3179,0.2725,0.2256
0.1214,0.1310,0.1761,0.1233,0.3220,0.3777,-0.2408,0.0765,0.1675,0.1324,0.2326,0.1029,-0.0082,0.1990,0.2272,0.1718,0.3594,0.3590,0.4223,0.2096,0.2794,0.2747,1.0000,0.2640,0.4042,-0.0054,-0.0792,0.0549,0.2638,0.2470,0.3161,0.1724,0.0651,0.1376,0.0837
0.5233,0.6283,0.3635,0.3246,0.1860,-0.1000,0.0797,-0.1952,0.0180,0.3210,0.4498,0.3278,0.3020,0.1026,0.1843,0.2304,0.0794,0.3807,0.3193,0.3280,0.3273,0.7243,0.2640,1.0000,0.2392,0.4931,0.4923,0.3728,0.3202,0.3574,0.4567,0.2686,0.2528,0.2608,0.2138
0.0571,0.0416,0.4629,0.4538,0.1558,0.2465,-0.1032,0.1104,0.2104,0.3346,0.1905,0.1769,0.0225,0.1774,0.2502,0.1235,0.3501,0.4016,0.5009,0.2276,0.4501,0.3296,0.4042,0.2392,1.0000,0.1699,0.1597,0.0375,0.1868,0.1467,0.1858,0.3492,0.3372,0.1889,0.1365
0.5204,0.5699,0.2220,0.2027,0.1221,-0.1008,0.0597,-0.0664,0.1231,0.4713,0.3791,0.3324,0.3438,0.1029,-0.0135,0.0975,-0.0701,0.3293,0.2851,0.2325,0.1536,0.4757,-0.0054,0.4931,0.1699,1.0000,0.7857,0.3556,0.4913,0.3080,0.2923,0.3775,0.2344,0.2829,0.2226
0.4540,0.5209,0.3606,0.3356,0.1718,-0.2059,0.1275,-0.0029,0.0761,0.4873,0.4314,0.3528,0.3304,0.0717,0.0315,0.2051,0.0973,0.3423,0.2138,0.3325,0.1971,0.4688,-0.0792,0.4923,0.1597,0.7857,1.0000,0.3750,0.3810,0.2373,0.2636,0.4244,0.3269,0.3522,0.3272
0.2911,0.2887,0.2666,0.2832,-0.0198,-0.1209,0.0626,-0.0793,0.1545,0.2529,0.3802,0.0896,0.2553,0.1035,0.0068,0.1237,0.0383,0.1806,0.0229,0.2356,0.3363,0.4109,0.0549,0.3728,0.0375,0.3556,0.3750,1.0000,0.3938,0.4392,0.4601,0.3102,0.4566,0.2446,0.2202
0.3332,0.3803,0.1624,0.1285,0.0918,0.1145,-0.1455,-0.0955,0.5451,0.4896,0.3656,0.2236,0.2331,0.2863,0.1653,0.0438,0.1045,0.2708,0.2405,0.1586,0.1030,0.3090,0.2638,0.3202,0.1868,0.4913,0.3810,0.3938,1.0000,0.6097,0.4538,0.4636,0.2535,0.2377,0.1674
0.5879,0.5131,0.2093,0.2055,0.0324,0.1382,-0.2293,-0.1483,0.4278,0.3941,0.5802,0.2001,0.2941,0.2501,0.1203,0.0926,0.0289,0.3358,0.2161,0.2979,0.0677,0.3410,0.2470,0.3574,0.1467,0.3080,0.2373,0.4392,0.6097,1.0000,0.6040,0.2614,0.2933,0.4201,0.3754
0.4206,0.4323,0.2599,0.2026,0.0145,-0.0216,-0.2088,-0.0784,0.3089,0.2563,0.5392,0.1769,0.4892,0.4650,0.2551,0.3579,0.1588,0.2941,0.2058,0.4012,0.2289,0.3844,0.3161,0.4567,0.1858,0.2923,0.2636,0.4601,0.4538,0.6040,1.0000,0.5539,0.5925,0.2689,0.2799
0.1588,0.1943,0.3731,0.2971,0.0897,0.0252,-0.1739,0.0259,0.3870,0.4108,0.2518,0.2976,0.3780,0.2652,0.1763,0.2011,0.2698,0.2325,0.2060,0.2735,0.3003,0.2926,0.1724,0.2686,0.3492,0.3775,0.4244,0.3102,0.4636,0.2614,0.5539,1.0000,0.5477,0.2324,0.2272
0.1768,0.1589,0.3970,0.3557,-0.0336,-0.1340,-0.0619,0.0376,0.2257,0.2158,0.3047,0.0394,0.3040,0.3778,0.2188,0.3493,0.2291,0.2298,0.1390,0.3722,0.2610,0.3179,0.0651,0.2528,0.3372,0.2344,0.3269,0.4566,0.2535,0.2933,0.5925,0.5477,1.0000,0.1224,0.1558
0.2637,0.3297,0.4375,0.4612,0.1213,0.0021,-0.0031,-0.0072,0.0587,0.3727,0.4241,0.2291,0.1061,0.0595,0.0400,0.2394,0.1781,0.3961,0.1886,0.4146,0.1794,0.2725,0.1376,0.2608,0.1889,0.2829,0.3522,0.2446,0.2377,0.4201,0.2689,0.2324,0.1224,1.0000,0.8690
0.2357,0.3065,0.4111,0.4542,0.1140,-0.0445,-0.0416,0.0425,0.0320,0.3438,0.4185,0.2400,0.1539,0.0589,0.0333,0.2269,0.1868,0.3528,0.1188,0.4426,0.1633,0.2256,0.0837,0.2138,0.1365,0.2226,0.3272,0.2202,0.1674,0.3754,0.2799,0.2272,0.1558,0.8690,1.0000
