1.0000,0.8758,0.3530,0.3900,0.2528,-0.0280,-0.0705,0.0185,0.3592,0.4770,0.1930,0.5334,0.2642,0.1253,0.3885,0.0557,0.0245,0.2560,0.0363,0.2091,0.4953,0.7833,0.1608,0.6425,0.4488,0.4311,0.4295,0.2938,0.3495,0.3553,0.4431,0.3839,0.3457,0.5006,0.4988
0.8758,1.0000,0.3433,0.3638,0.2559,-0.0795,-0.0881,0.0070,0.4068,0.5530,0.2009,0.6571,0.3503,0.1564,0.4822,0.0323,0.0519,0.2121,-0.0232,0.1386,0.5199,0.7526,0.2096,0.6976,0.4761,0.3688,0.3966,0.3531,0.3810,0.3528,0.4546,0.4647,0.3804,0.3994,0.4350
0.3530,0.3433,1.0000,0.8260,0.2955,0.0023,-0.0281,0.2678,0.2751,0.1091,0.0112,0.2328,0.1682,0.1745,0.2629,0.2160,0.2923,0.5223,0.2752,0.5186,0.4490,0.5299,0.2136,0.4511,0.4322,0.2284,0.2361,0.3726,0.2052,0.1629,0.3271,0.3881,0.4076,0.5370,0.5391
0.3900,0.3638,0.8260,1.0000,0.2873,0.1237,-0.0482,0.3337,0.3329,0.1633,0.1660,0.2068,0.0817,0.1338,0.2294,0.1382,0.1530,0.5249,0.3054,0.5170,0.3260,0.5091,0.1155,0.3846,0.3661,0.3125,0.3300,0.2141,0.3312,0.1436,0.3161,0.3722,0.3139,0.6190,0.6567
0.2528,0.2559,0.2955,0.2873,1.0000,-0.0676,0.0182,0.1265,0.2302,0.1239,0.0390,0.0881,-0.0777,0.2141,0.2163,0.1745,0.1010,0.2738,0.2442,0.1732,0.2222,0.3224,0.1064,0.2932,0.2054,0.1659,0.2143,0.1887,0.2223,0.1376,0.1274,0.1727,0.1938,0.2300,0.1912
-0.0280,-0.0795,0.0023,0.1237,-0.0676,1.0000,-0.0882,0.2293,0.0584,-0.0990,0.1010,-0.1503,-0.0815,0.0945,-0.0427,0.1874,-0.0016,-0.0974,-0.1288,0.0313,-0.1196,-0.1071,-0.1273,-0.2747,-0.0671,0.0237,0.0440,-0.1292,0.0461,0.0394,0.0364,0.0264,-0.0303,-0.0148,-0.0201
-0.0705,-0.0881,-0.0281,-0.0482,0.0182,-0.0882,1.0000,0.0048,-0.1246,-0.0982,-0.1238,-0.0366,-0.2230,0.0839,0.0003,-0.0025,0.1478,0.0631,0.2284,-0.0086,-0.0034,-0.0979,-0.0930,-0.0630,-0.0122,0.0594,0.1403,-0.0663,-0.0416,-0.1413,-0.2150,-0.1606,-0.1415,0.0194,-0.0477
0.0185,0.0070,0.2678,0.3337,0.1265,0.2293,0.0048,1.0000,0.0280,0.0080,0.2586,-0.0294,-0.0292,0.0595,0.0673,0.2213,0.0302,0.2468,0.2077,0.2517,0.0642,0.0780,-0.0874,0.0216,0.1009,0.0079,0.0520,-0.0518,0.0668,0.0588,0.1392,0.1372,0.0382,0.1408,0.2013
0.3592,0.4068,0.2751,0.3329,0.2302,0.0584,-0.1246,0.0280,1.0000,0.5959,0.4738,0.4290,0.4176,0.2427,0.3396,0.0138,0.1965,0.1606,-0.0138,0.0978,0.2052,0.4511,0.3528,0.4018,0.3494,0.3196,0.3743,0.4115,0.6561,0.4823,0.4532,0.5398,0.3138,0.2773,0.3793
0.4770,0.5530,0.1091,0.1633,0.1239,-0.0990,-0.0982,0.0080,0.5959,1.0000,0.4644,0.6544,0.3247,0.2234,0.4251,-0.0020,0.0521,0.1601,0.0228,0.0360,0.2263,0.4094,0.2983,0.4253,0.2706,0.3871,0.3739,0.3305,0.5371,0.3246,0.3337,0.4657,0.2163,0.2357,0.3032
0.1930,0.2009,0.0112,0.1660,0.0390,0.1010,-0.1238,0.2586,0.4738,0.4644,1.0000,0.3647,0.3078,0.2214,0.2096,0.2354,0.0577,0.1393,0.0464,0.1320,0.0309,0.1582,0.0591,0.1353,0.1737,0.1714,0.2065,0.1166,0.4699,0.5150,0.5030,0.3451,0.2309,0.0523,0.2137
0.5334,0.6571,0.2328,0.2068,0.0881,-0.1503,-0.0366,-0.0294,0.4290,0.6544,0.3647,1.0000,0.5507,0.2188,0.3886,0.0709,0.2201,0.2685,0.0374,0.1730,0.3839,0.5417,0.3490,0.5875,0.3737,0.3392,0.3208,0.4087,0.3970,0.2815,0.3820,0.5352,0.3925,0.1920,0.2686
0.2642,0.3503,0.1682,0.0817,-0.0777,-0.0815,-0.2230,-0.0292,0.4176,0.3247,0.3078,0.5507,1.0000,0.0549,0.0923,0.0649,0.0660,0.0373,-0.2152,0.0988,0.3019,0.3417,0.2319,0.3821,0.3222,0.1138,0.0600,0.4891,0.2259,0.4246,0.5523,0.5399,0.6025,-0.0926,0.0060
0.1253,0.1564,0.1745,0.1338,0.2141,0.0945,0.0839,0.0595,0.2427,0.2234,0.2214,0.2188,0.0549,1.0000,0.5539,0.6979,0.6521,0.3528,0.3503,0.3517,0.0768,0.0902,0.2066,0.1325,0.1492,0.2513,0.2248,0.0915,0.2336,0.2463,0.2680,0.2393,0.1255,0.1128,0.1594
0.3885,0.4822,0.2629,0.2294,0.2163,-0.0427,0.0003,0.0673,0.3396,0.4251,0.2096,0.3886,0.0923,0.5539,1.0000,0.3529,0.3827,0.2009,0.0822,0.1467,0.2698,0.2696,0.0252,0.2776,0.3199,0.0787,0.0684,0.1955,0.3638,0.4045,0.3904,0.3728,0.1687,0.1349,0.2071
0.0557,0.0323,0.2160,0.1382,0.1745,0.1874,-0.0025,0.2213,0.0138,-0.0020,0.2354,0.0709,0.0649,0.6979,0.3529,1.0000,0.5727,0.3397,0.3037,0.4218,0.1269,0.0579,0.1195,0.0324,0.1743,0.0824,0.0620,0.0299,0.0949,0.3021,0.3673,0.2742,0.2128,-0.0035,0.0383
0.0245,0.0519,0.2923,0.1530,0.1010,-0.0016,0.1478,0.0302,0.1965,0.0521,0.0577,0.2201,0.0660,0.6521,0.3827,0.5727,1.0000,0.4360,0.4306,0.4032,0.1103,0.1464,0.3285,0.1881,0.1921,0.3014,0.2798,0.1770,0.2142,0.1776,0.2096,0.2857,0.1739,0.1201,0.1477
0.2560,0.2121,0.5223,0.5249,0.2738,-0.0974,0.0631,0.2468,0.1606,0.1601,0.1393,0.2685,0.0373,0.3528,0.2009,0.3397,0.4360,1.0000,0.7478,0.8049,0.2523,0.3921,0.3975,0.3461,0.3264,0.4615,0.4007,0.2348,0.3244,0.0633,0.2374,0.3601,0.2865,0.5009,0.4529
0.0363,-0.0232,0.2752,0.3054,0.2442,-0.1288,0.2284,0.2077,-0.0138,0.0228,0.0464,0.0374,-0.2152,0.3503,0.0822,0.3037,0.4306,0.7478,1.0000,0.5667,-0.0114,0.0795,0.2402,0.0584,0.0774,0.4830,0.4527,0.0094,0.1758,-0.0767,0.0226,0.0820,0.0732,0.3665,0.3029
0.2091,0.1386,0.5186,0.5170,0.1732,0.0313,-0.0086,0.2517,0.0978,0.0360,0.1320,0.1730,0.0988,0.3517,0.1467,0.4218,0.4032,0.8049,0.5667,1.0000,0.2271,0.3079,0.3462,0.2570,0.2589,0.3299,0.2695,0.2546,0.2758,0.1802,0.3382,0.3636,0.3737,0.4721,0.4377
0.4953,0.5199,0.4490,0.3260,0.2222,-0.1196,-0.0034,0.0642,0.2052,0.2263,0.0309,0.3839,0.3019,0.0768,0.2698,0.1269,0.1103,0.2523,-0.0114,0.2271,1.0000,0.6661,0.3102,0.6917,0.7509,0.1438,0.0887,0.6648,0.2596,0.4229,0.4506,0.4156,0.5781,0.2209,0.1984
0.7833,0.7526,0.5299,0.5091,0.3224,-0.1071,-0.0979,0.0780,0.4511,0.4094,0.1582,0.5417,0.3417,0.0902,0.2696,0.0579,0.1464,0.3921,0.0795,0.3079,0.6661,1.0000,0.4245,0.8532,0.6547,0.4503,0.4322,0.4801,0.4229,0.3346,0.4303,0.4938,0.4766,0.5277,0.5288
0.1608,0.2096,0.2136,0.1155,0.1064,-0.1273,-0.0930,-0.0874,0.3528,0.2983,0.0591,0.3490,0.2319,0.2066,0.0252,0.1195,0.3285,0.3975,0.2402,0.3462,0.3102,0.4245,1.0000,0.4919,0.3455,0.3519,0.2969,0.4731,0.3566,0.1480,0.1590,0.4058,0.2621,0.1916,0.1587
0.6425,0.6976,0.4511,0.3846,0.2932,-0.2747,-0.0630,0.0216,0.4018,0.4253,0.1353,0.5875,0.3821,0.1325,0.2776,0.0324,0.1881,0.3461,0.0584,0.2570,0.6917,0.8532,0.4919,1.0000,0.6777,0.3520,0.3339,0.5409,0.3833,0.3049,0.3676,0.4729,0.4737,0.3786,0.3990
0.4488,0.4761,0.4322,0.3661,0.2054,-0.0671,-0.0122,0.1009,0.3494,0.2706,0.1737,0.3737,0.3222,0.1492,0.3199,0.1743,0.1921,0.3264,0.0774,0.2589,0.7509,0.6547,0.3455,0.6777,1.0000,0.2396,0.1811,0.5819,0.3955,0.4167,0.5220,0.5425,0.5420,0.2727,0.2802
0.4311,0.3688,0.2284,0.3125,0.1659,0.0237,0.0594,0.0079,0.3196,0.3871,0.1714,0.3392,0.1138,0.2513,0.0787,0.0824,0.3014,0.4615,0.4830,0.3299,0.1438,0.4503,0.3519,0.3520,0.2396,1.0000,0.8679,0.2356,0.3735,0.0709,0.2060,0.2979,0.2588,0.4969,0.4449
0.4295,0.3966,0.2361,0.3300,0.2143,0.0440,0.1403,0.0520,0.3743,0.3739,0.2065,0.3208,0.0600,0.2248,0.0684,0.0620,0.2798,0.4007,0.4527,0.2695,0.0887,0.4322,0.2969,0.3339,0.1811,0.8679,1.0000,0.1678,0.4006,0.0755,0.1732,0.2757,0.2040,0.4791,0.4437
0.2938,0.3531,0.3726,0.2141,0.1887,-0.1292,-0.0663,-0.0518,0.4115,0.3305,0.1166,0.4087,0.4891,0.0915,0.1955,0.0299,0.1770,0.2348,0.0094,0.2546,0.6648,0.4801,0.4731,0.5409,0.5819,0.2356,0.1678,1.0000,0.3960,0.5069,0.5013,0.5170,0.6748,0.1665,0.1309
0.3495,0.3810,0.2052,0.3312,0.2223,0.0461,-0.0416,0.0668,0.6561,0.5371,0.4699,0.3970,0.2259,0.2336,0.3638,0.0949,0.2142,0.3244,0.1758,0.2758,0.2596,0.4229,0.3566,0.3833,0.3955,0.3735,0.4006,0.3960,1.0000,0.5609,0.5332,0.6887,0.3799,0.3174,0.4071
0.3553,0.3528,0.1629,0.1436,0.1376,0.0394,-0.1413,0.0588,0.4823,0.3246,0.5150,0.2815,0.4246,0.2463,0.4045,0.3021,0.1776,0.0633,-0.0767,0.1802,0.4229,0.3346,0.1480,0.3049,0.4167,0.0709,0.0755,0.5069,0.5609,1.0000,0.7989,0.5413,0.6193,0.0285,0.1218
0.4431,0.4546,0.3271,0.3161,0.1274,0.0364,-0.2150,0.1392,0.4532,0.3337,0.5030,0.3820,0.5523,0.2680,0.3904,0.3673,0.2096,0.2374,0.0226,0.3382,0.4506,0.4303,0.1590,0.3676,0.5220,0.2060,0.1732,0.5013,0.5332,0.7989,1.0000,0.6996,0.7371,0.1757,0.2752
0.3839,0.4647,0.3881,0.3722,0.1727,0.0264,-0.1606,0.1372,0.5398,0.4657,0.3451,0.5352,0.5399,0.2393,0.3728,0.2742,0.2857,0.3601,0.0820,0.3636,0.4156,0.4938,0.4058,0.4729,0.5425,0.2979,0.2757,0.5170,0.6887,0.5413,0.6996,1.0000,0.5930,0.1888,0.2654
0.3457,0.3804,0.4076,0.3139,0.1938,-0.0303,-0.1415,0.0382,0.3138,0.2163,0.2309,0.3925,0.6025,0.1255,0.1687,0.2128,0.1739,0.2865,0.0732,0.3737,0.5781,0.4766,0.2621,0.4737,0.5420,0.2588,0.2040,0.6748,0.3799,0.6193,0.7371,0.5930,1.0000,0.1610,0.1843
0.5006,0.3994,0.5370,0.6190,0.2300,-0.0148,0.0194,0.1408,0.2773,0.2357,0.0523,0.1920,-0.0926,0.1128,0.1349,-0.0035,0.1201,0.5009,0.3665,0.4721,0.2209,0.5277,0.1916,0.3786,0.2727,0.4969,0.4791,0.1665,0.3174,0.0285,0.1757,0.1888,0.1610,1.0000,0.8850
0.4988,0.4350,0.5391,0.6567,0.1912,-0.0201,-0.0477,0.2013,0.3793,0.3032,0.2137,0.2686,0.0060,0.1594,0.2071,0.0383,0.1477,0.4529,0.3029,0.4377,0.1984,0.5288,0.1587,0.3990,0.2802,0.4449,0.4437,0.1309,0.4071,0.1218,0.2752,0.2654,0.1843,0.8850,1.0000
