1.0000,0.8262,0.2046,0.3255,-0.3218,0.1071,0.0596,0.2486,0.4140,0.3829,0.5484,0.5475,0.4464,0.0952,0.3066,0.2525,0.2275,0.0915,-0.1292,0.1333,0.0428,0.6445,0.2967,0.6391,0.3089,0.4004,0.5034,0.3590,0.4378,0.6492,0.6877,0.5695,0.5617,0.5285,0.5425
0.8262,1.0000,0.1803,0.2634,-0.3474,0.1050,0.0857,0.1350,0.4146,0.4802,0.5031,0.6390,0.4955,0.1543,0.3568,0.2142,0.2510,0.0668,-0.0547,0.0691,0.0038,0.5412,0.2562,0.6196,0.2544,0.4024,0.5350,0.2940,0.4502,0.5612,0.7019,0.5931,0.4698,0.4793,0.4884
0.2046,0.1803,1.0000,0.8572,0.0330,0.1319,0.1640,0.0031,0.0822,0.2563,0.3214,0.1828,0.0361,0.4019,0.3806,0.5012,0.3935,0.4260,0.0494,0.2686,0.6401,0.4395,0.4012,0.3792,0.3116,0.2137,0.2287,0.4405,0.1408,0.2154,0.3054,0.2771,0.3179,0.4550,0.3629
0.3255,0.2634,0.8572,1.0000,0.0600,0.0989,0.1452,0.0569,0.1744,0.3886,0.3879,0.2284,0.0842,0.4330,0.4504,0.5562,0.4831,0.4584,0.0462,0.3241,0.6039,0.5750,0.4580,0.4446,0.3576,0.2512,0.2957,0.3991,0.3303,0.3595,0.3987,0.3862,0.4235,0.5666,0.5115
-0.3218,-0.3474,0.0330,0.0600,1.0000,-0.1498,-0.1047,-0.0908,-0.2835,-0.2181,-0.0453,-0.2756,-0.1650,-0.1987,-0.1223,-0.0711,-0.1698,0.3188,0.1725,0.2910,0.1548,-0.1842,-0.0257,-0.2671,0.1110,-0.1309,-0.1334,-0.2917,-0.1561,-0.2756,-0.2332,-0.1894,-0.0820,-0.3437,-0.2508
0.1071,0.1050,0.1319,0.0989,-0.1498,1.0000,-0.0004,0.3328,0.0328,0.1220,0.1301,0.1489,0.1553,0.2163,0.1294,0.2119,0.1768,0.1946,0.1426,0.2420,0.1388,0.0542,-0.0657,0.0556,0.0362,0.0868,0.0187,0.1998,0.0143,0.1502,0.1590,0.1266,0.0387,0.2321,0.1899
0.0596,0.0857,0.1640,0.1452,-0.1047,-0.0004,1.0000,0.0533,0.0925,-0.0189,-0.0651,0.0254,0.0323,0.0202,0.0604,-0.0603,0.0339,-0.2946,-0.1167,-0.2812,0.0643,0.1131,-0.0639,0.1730,-0.1789,0.0870,0.0545,0.1418,-0.0120,-0.0797,0.0063,0.0396,-0.0503,-0.0162,-0.0558
0.2486,0.1350,0.0031,0.0569,-0.0908,0.3328,0.0533,1.0000,0.1545,-0.0462,0.1759,0.1763,0.2161,0.0127,0.0293,0.1613,0.1980,0.1316,0.1641,0.2205,0.1341,0.1331,-0.0662,0.1748,0.1017,0.2426,0.2470,0.1895,0.0202,0.0924,0.2152,0.3081,0.1483,0.1953,0.2380
0.4140,0.4146,0.0822,0.1744,-0.2835,0.0328,0.0925,0.1545,1.0000,0.5104,0.4660,0.6164,0.6196,0.0835,0.0671,0.0055,0.0150,-0.1545,-0.2114,-0.1057,0.0063,0.2276,0.0458,0.2662,0.0916,0.2710,0.2608,0.2593,0.5928,0.3695,0.4772,0.5285,0.2765,0.3573,0.3702
0.3829,0.4802,0.2563,0.3886,-0.2181,0.1220,-0.0189,-0.0462,0.5104,1.0000,0.3749,0.4786,0.2794,0.4891,0.5671,0.3397,0.3722,0.1807,0.0291,0.1082,0.2220,0.3805,0.3666,0.2432,0.1455,0.2350,0.3404,0.1137,0.6141,0.3639,0.4502,0.5138,0.2141,0.4075,0.3719
0.5484,0.5031,0.3214,0.3879,-0.0453,0.1301,-0.0651,0.1759,0.4660,0.3749,1.0000,0.6842,0.5416,0.0324,0.1341,0.2086,0.0002,0.2400,-0.0762,0.3328,0.1626,0.4356,0.0956,0.4449,0.2042,0.2090,0.2986,0.4275,0.2998,0.5256,0.6608,0.5310,0.4486,0.5561,0.6039
0.5475,0.6390,0.1828,0.2284,-0.2756,0.1489,0.0254,0.1763,0.6164,0.4786,0.6842,1.0000,0.6162,-0.0445,0.0953,0.0651,-0.0006,0.0349,-0.0836,0.1085,-0.0385,0.3109,-0.0342,0.4452,0.1097,0.3105,0.3679,0.3578,0.3562,0.3651,0.5661,0.5495,0.3073,0.5128,0.5470
0.4464,0.4955,0.0361,0.0842,-0.1650,0.1553,0.0323,0.2161,0.6196,0.2794,0.5416,0.6162,1.0000,-0.0188,0.1449,0.0009,-0.0166,-0.0914,-0.1122,0.0157,0.0127,0.3021,-0.1012,0.4440,0.2209,0.2937,0.3034,0.3773,0.2494,0.2549,0.6269,0.4549,0.4240,0.2448,0.3106
0.0952,0.1543,0.4019,0.4330,-0.1987,0.2163,0.0202,0.0127,0.0835,0.4891,0.0324,-0.0445,-0.0188,1.0000,0.7026,0.6972,0.6130,0.2365,0.1246,0.1307,0.4434,0.3283,0.3884,0.1824,0.2253,0.0702,0.0981,0.1518,0.3046,0.2498,0.3237,0.3466,0.1366,0.3724,0.2489
0.3066,0.3568,0.3806,0.4504,-0.1223,0.1294,0.0604,0.0293,0.0671,0.5671,0.1341,0.0953,0.1449,0.7026,1.0000,0.6021,0.6755,0.2903,0.1789,0.1973,0.4086,0.4516,0.4119,0.3033,0.2302,0.2179,0.3255,0.2091,0.2446,0.2010,0.3705,0.3309,0.2288,0.2710,0.2180
0.2525,0.2142,0.5012,0.5562,-0.0711,0.2119,-0.0603,0.1613,0.0055,0.3397,0.2086,0.0651,0.0009,0.6972,0.6021,1.0000,0.6186,0.4131,0.1273,0.3420,0.4537,0.4256,0.3785,0.2615,0.3299,0.1959,0.2442,0.2045,0.2142,0.2153,0.3771,0.4065,0.2717,0.5089,0.4373
0.2275,0.2510,0.3935,0.4831,-0.1698,0.1768,0.0339,0.1980,0.0150,0.3722,0.0002,-0.0006,-0.0166,0.6130,0.6755,0.6186,1.0000,0.3512,0.3333,0.2006,0.4409,0.3508,0.3489,0.2075,0.1620,0.4010,0.4026,0.1805,0.2148,0.1785,0.2534,0.3347,0.1940,0.4013,0.2905
0.0915,0.0668,0.4260,0.4584,0.3188,0.1946,-0.2946,0.1316,-0.1545,0.1807,0.2400,0.0349,-0.0914,0.2365,0.2903,0.4131,0.3512,1.0000,0.5234,0.7743,0.4661,0.2304,0.2872,0.0679,0.3262,0.2788,0.3185,0.0554,0.0994,0.1393,0.1254,0.1563,0.1643,0.3170,0.3306
-0.1292,-0.0547,0.0494,0.0462,0.1725,0.1426,-0.1167,0.1641,-0.2114,0.0291,-0.0762,-0.0836,-0.1122,0.1246,0.1789,0.1273,0.3333,0.5234,1.0000,0.5070,0.3986,-0.0009,-0.1397,-0.1408,0.0166,0.4633,0.3725,-0.0717,-0.1221,-0.1612,-0.0985,0.0438,-0.1283,0.0504,0.0605
0.1333,0.0691,0.2686,0.3241,0.2910,0.2420,-0.2812,0.2205,-0.1057,0.1082,0.3328,0.1085,0.0157,0.1307,0.1973,0.3420,0.2006,0.7743,0.5070,1.0000,0.4264,0.2654,0.0275,0.1175,0.3136,0.1731,0.2092,0.1150,0.0539,0.1495,0.1787,0.1994,0.2008,0.3256,0.3885
0.0428,0.0038,0.6401,0.6039,0.1548,0.1388,0.0643,0.1341,0.0063,0.2220,0.1626,-0.0385,0.0127,0.4434,0.4086,0.4537,0.4409,0.4661,0.3986,0.4264,1.0000,0.4047,0.2728,0.2356,0.4387,0.2484,0.1716,0.4527,0.1443,0.1702,0.2388,0.2407,0.3408,0.2894,0.2363
0.6445,0.5412,0.4395,0.5750,-0.1842,0.0542,0.1131,0.1331,0.2276,0.3805,0.4356,0.3109,0.3021,0.3283,0.4516,0.4256,0.3508,0.2304,-0.0009,0.2654,0.4047,1.0000,0.4281,0.7855,0.4663,0.2985,0.4021,0.5095,0.3832,0.5469,0.5811,0.4769,0.6213,0.5691,0.5716
0.2967,0.2562,0.4012,0.4580,-0.0257,-0.0657,-0.0639,-0.0662,0.0458,0.3666,0.0956,-0.0342,-0.1012,0.3884,0.4119,0.3785,0.3489,0.2872,-0.1397,0.0275,0.2728,0.4281,1.0000,0.3026,0.2799,0.0738,0.2386,0.0606,0.4532,0.3830,0.3065,0.2356,0.3820,0.2228,0.1907
0.6391,0.6196,0.3792,0.4446,-0.2671,0.0556,0.1730,0.1748,0.2662,0.2432,0.4449,0.4452,0.4440,0.1824,0.3033,0.2615,0.2075,0.0679,-0.1408,0.1175,0.2356,0.7855,0.3026,1.0000,0.4482,0.2703,0.3726,0.5326,0.2883,0.4620,0.6322,0.4692,0.6235,0.5080,0.5292
0.3089,0.2544,0.3116,0.3576,0.1110,0.0362,-0.1789,0.1017,0.0916,0.1455,0.2042,0.1097,0.2209,0.2253,0.2302,0.3299,0.1620,0.3262,0.0166,0.3136,0.4387,0.4663,0.2799,0.4482,1.0000,0.1583,0.1452,0.2821,0.2599,0.2895,0.4067,0.2882,0.5930,0.2424,0.3143
0.4004,0.4024,0.2137,0.2512,-0.1309,0.0868,0.0870,0.2426,0.2710,0.2350,0.2090,0.3105,0.2937,0.0702,0.2179,0.1959,0.4010,0.2788,0.4633,0.1731,0.2484,0.2985,0.0738,0.2703,0.1583,1.0000,0.8409,0.1948,0.2516,0.1551,0.3284,0.4160,0.2327,0.3227,0.3266
0.5034,0.5350,0.2287,0.2957,-0.1334,0.0187,0.0545,0.2470,0.2608,0.3404,0.2986,0.3679,0.3034,0.0981,0.3255,0.2442,0.4026,0.3185,0.3725,0.2092,0.1716,0.4021,0.2386,0.3726,0.1452,0.8409,1.0000,0.1895,0.3274,0.2414,0.4177,0.5059,0.3054,0.3661,0.3957
0.3590,0.2940,0.4405,0.3991,-0.2917,0.1998,0.1418,0.1895,0.2593,0.1137,0.4275,0.3578,0.3773,0.1518,0.2091,0.2045,0.1805,0.0554,-0.0717,0.1150,0.4527,0.5095,0.0606,0.5326,0.2821,0.1948,0.1895,1.0000,0.1517,0.4480,0.4512,0.3468,0.5490,0.4835,0.4397
0.4378,0.4502,0.1408,0.3303,-0.1561,0.0143,-0.0120,0.0202,0.5928,0.6141,0.2998,0.3562,0.2494,0.3046,0.2446,0.2142,0.2148,0.0994,-0.1221,0.0539,0.1443,0.3832,0.4532,0.2883,0.2599,0.2516,0.3274,0.1517,1.0000,0.6328,0.4931,0.5780,0.4326,0.4457,0.4764
0.6492,0.5612,0.2154,0.3595,-0.2756,0.1502,-0.0797,0.0924,0.3695,0.3639,0.5256,0.3651,0.2549,0.2498,0.2010,0.2153,0.1785,0.1393,-0.1612,0.1495,0.1702,0.5469,0.3830,0.4620,0.2895,0.1551,0.2414,0.4480,0.6328,1.0000,0.6615,0.5450,0.5990,0.6304,0.6043
0.6877,0.7019,0.3054,0.3987,-0.2332,0.1590,0.0063,0.2152,0.4772,0.4502,0.6608,0.5661,0.6269,0.3237,0.3705,0.3771,0.2534,0.1254,-0.0985,0.1787,0.2388,0.5811,0.3065,0.6322,0.4067,0.3284,0.4177,0.4512,0.4931,0.6615,1.0000,0.7479,0.6731,0.5559,0.5616
0.5695,0.5931,0.2771,0.3862,-0.1894,0.1266,0.0396,0.3081,0.5285,0.5138,0.5310,0.5495,0.4549,0.3466,0.3309,0.4065,0.3347,0.1563,0.0438,0.1994,0.2407,0.4769,0.2356,0.4692,0.2882,0.4160,0.5059,0.3468,0.5780,0.5450,0.7479,1.0000,0.4711,0.5609,0.5316
0.5617,0.4698,0.3179,0.4235,-0.0820,0.0387,-0.0503,0.1483,0.2765,0.2141,0.4486,0.3073,0.4240,0.1366,0.2288,0.2717,0.1940,0.1643,-0.1283,0.2008,0.3408,0.6213,0.3820,0.6235,0.5930,0.2327,0.3054,0.5490,0.4326,0.5990,0.6731,0.4711,1.0000,0.5082,0.5571
0.5285,0.4793,0.4550,0.5666,-0.3437,0.2321,-0.0162,0.1953,0.3573,0.4075,0.5561,0.5128,0.2448,0.3724,0.2710,0.5089,0.4013,0.3170,0.0504,0.3256,0.2894,0.5691,0.2228,0.5080,0.2424,0.3227,0.3661,0.4835,0.4457,0.6304,0.5559,0.5609,0.5082,1.0000,0.8885
0.5425,0.4884,0.3629,0.5115,-0.2508,0.1899,-0.0558,0.2380,0.3702,0.3719,0.6039,0.5470,0.3106,0.2489,0.2180,0.4373,0.2905,0.3306,0.0605,0.3885,0.2363,0.5716,0.1907,0.5292,0.3143,0.3266,0.3957,0.4397,0.4764,0.6043,0.5616,0.5316,0.5571,0.8885,1.0000
