1.0000,0.7360,0.1070,0.1931,-0.0482,-0.1058,-0.2593,0.0112,0.2481,0.3027,0.2635,0.2208,0.1959,-0.1082,0.2311,-0.0321,0.0590,0.1523,0.1815,0.0183,0.2600,0.4394,0.1789,0.3340,0.1867,0.3464,0.3070,0.2823,0.2776,0.4664,0.3510,0.1548,0.2114,0.1403,0.0929
0.7360,1.0000,0.1531,0.1934,0.0884,-0.1447,-0.2364,-0.0970,0.2100,0.3188,0.3260,0.2691,0.0905,0.1073,0.3582,0.1784,0.2324,0.3177,0.3048,0.1327,0.1646,0.2986,0.2082,0.3797,0.1924,0.2593,0.3477,0.1749,0.2229,0.3213,0.3240,0.1293,0.1188,0.1807,0.1542
0.1070,0.1531,1.0000,0.7805,0.2100,0.1601,-0.0316,0.2148,0.0858,0.1685,0.1843,0.1658,-0.1320,0.3161,0.3307,0.3400,0.3223,0.3742,0.2890,0.3655,0.3740,0.3121,0.3321,0.3597,0.3195,0.0211,0.1477,0.1929,0.0295,0.1883,0.2505,0.1661,0.1927,0.3504,0.3302
0.1931,0.1934,0.7805,1.0000,0.2709,0.1411,-0.0269,0.2061,0.1587,0.2194,0.2570,0.1649,-0.0643,0.3129,0.3626,0.3761,0.3692,0.3293,0.2476,0.3127,0.2798,0.3311,0.3022,0.3290,0.1581,0.0358,0.1758,0.2076,0.1611,0.2244,0.2267,0.1186,0.1345,0.4180,0.4054
-0.0482,0.0884,0.2100,0.2709,1.0000,0.1510,-0.0124,0.1822,-0.0732,-0.0915,0.0221,-0.0893,-0.2295,0.2590,0.1738,0.2947,0.3078,0.3412,0.2147,0.2462,0.1408,0.4843,0.2847,0.5513,0.0853,0.0507,0.1571,0.1030,-0.0653,-0.0263,-0.0323,-0.1647,0.0090,0.3534,0.3627
-0.1058,-0.1447,0.1601,0.1411,0.1510,1.0000,-0.0438,0.3906,-0.1059,-0.1511,-0.1065,-0.1018,-0.1323,0.0832,0.0233,0.1339,0.1750,-0.0488,-0.2110,-0.0369,0.0548,0.0351,0.0857,0.0477,-0.0467,0.1060,0.0230,-0.0697,-0.1862,-0.1092,-0.1412,-0.1727,-0.1934,0.0941,0.0638
-0.2593,-0.2364,-0.0316,-0.0269,-0.0124,-0.0438,1.0000,-0.0823,-0.0562,-0.0862,0.0485,-0.0280,0.0099,-0.0441,-0.1682,-0.0244,-0.1578,0.0321,-0.0057,0.0544,-0.0507,-0.2744,-0.1445,-0.2457,-0.1487,-0.0931,-0.1265,-0.0264,-0.1240,-0.0617,-0.0869,-0.0611,-0.0479,-0.0961,-0.1539
0.0112,-0.0970,0.2148,0.2061,0.1822,0.3906,-0.0823,1.0000,0.1132,0.0043,-0.0099,0.0269,-0.0253,-0.0140,0.0192,0.0113,0.0449,-0.0020,-0.1358,0.0042,0.2071,0.2164,0.2286,0.1898,0.0937,0.1397,0.1510,0.1520,0.0436,0.1250,0.0952,0.0413,0.0901,0.2299,0.2158
0.2481,0.2100,0.0858,0.1587,-0.0732,-0.1059,-0.0562,0.1132,1.0000,0.6720,0.4251,0.4722,0.4585,-0.0159,0.2333,-0.1204,-0.1363,0.0074,0.0404,-0.0734,0.2132,0.2034,0.0393,0.1362,0.1035,0.2815,0.3279,0.2417,0.5054,0.3393,0.4179,0.4454,0.3283,-0.0419,-0.0101
0.3027,0.3188,0.1685,0.2194,-0.0915,-0.1511,-0.0862,0.0043,0.6720,1.0000,0.4678,0.5957,0.2779,0.0058,0.4301,0.0820,-0.0318,0.2450,0.1298,0.1158,0.2709,0.2143,0.1049,0.1772,0.2224,0.2846,0.3103,0.2365,0.4681,0.4680,0.5382,0.5130,0.2891,0.0716,0.0884
0.2635,0.3260,0.1843,0.2570,0.0221,-0.1065,0.0485,-0.0099,0.4251,0.4678,1.0000,0.6147,0.4149,0.0885,0.1709,0.3089,0.0682,0.2122,0.1802,0.1920,0.1605,0.1634,0.0391,0.1525,0.1151,0.1601,0.2420,0.1688,0.2488,0.2923,0.4790,0.2290,0.2408,0.1628,0.1831
0.2208,0.2691,0.1658,0.1649,-0.0893,-0.1018,-0.0280,0.0269,0.4722,0.5957,0.6147,1.0000,0.4981,-0.1201,0.1134,0.0622,-0.0574,0.1424,0.1123,0.1028,0.2107,0.1111,-0.0675,0.0826,0.1044,0.2084,0.2442,0.1741,0.3067,0.2587,0.4543,0.4724,0.2850,0.0103,0.0164
0.1959,0.0905,-0.1320,-0.0643,-0.2295,-0.1323,0.0099,-0.0253,0.4585,0.2779,0.4149,0.4981,1.0000,-0.3343,-0.2824,-0.3259,-0.3134,-0.1663,-0.0309,-0.0923,0.0165,-0.0210,-0.2566,-0.1625,-0.0731,0.2818,0.2625,0.1671,0.3112,0.0752,0.2825,0.3094,0.4125,-0.2046,-0.1644
-0.1082,0.1073,0.3161,0.3129,0.2590,0.0832,-0.0441,-0.0140,-0.0159,0.0058,0.0885,-0.1201,-0.3343,1.0000,0.5945,0.6395,0.5308,0.2150,0.1806,0.1912,-0.0299,0.0639,0.3563,0.1911,0.1152,-0.0925,-0.0114,-0.0779,-0.0892,-0.1083,-0.0469,-0.1555,-0.1538,0.1527,0.1626
0.2311,0.3582,0.3307,0.3626,0.1738,0.0233,-0.1682,0.0192,0.2333,0.4301,0.1709,0.1134,-0.2824,0.5945,1.0000,0.5812,0.4470,0.3163,0.1894,0.1860,0.1764,0.2923,0.4345,0.3863,0.2790,0.0359,0.1006,0.1077,0.0821,0.2952,0.2939,0.1448,0.0084,0.2173,0.1989
-0.0321,0.1784,0.3400,0.3761,0.2947,0.1339,-0.0244,0.0113,-0.1204,0.0820,0.3089,0.0622,-0.3259,0.6395,0.5812,1.0000,0.6455,0.4072,0.2417,0.3894,0.0261,0.1569,0.3518,0.2639,0.1394,-0.0948,0.0145,-0.0504,-0.0938,0.0525,0.1267,-0.0354,-0.1000,0.3885,0.3902
0.0590,0.2324,0.3223,0.3692,0.3078,0.1750,-0.1578,0.0449,-0.1363,-0.0318,0.0682,-0.0574,-0.3134,0.5308,0.4470,0.6455,1.0000,0.3058,0.2196,0.2737,-0.0132,0.1612,0.4362,0.2243,0.0344,-0.0875,0.0356,-0.0171,-0.0736,-0.0645,-0.0694,-0.1392,-0.0692,0.3550,0.3466
0.1523,0.3177,0.3742,0.3293,0.3412,-0.0488,0.0321,-0.0020,0.0074,0.2450,0.2122,0.1424,-0.1663,0.2150,0.3163,0.4072,0.3058,1.0000,0.6703,0.7675,0.3202,0.2906,0.3948,0.3833,0.3966,0.1342,0.2619,0.1105,0.1803,0.2296,0.2319,0.0906,0.0964,0.4061,0.4115
0.1815,0.3048,0.2890,0.2476,0.2147,-0.2110,-0.0057,-0.1358,0.0404,0.1298,0.1802,0.1123,-0.0309,0.1806,0.1894,0.2417,0.2196,0.6703,1.0000,0.5471,0.2077,0.2466,0.2487,0.2912,0.3262,0.1205,0.2737,0.0938,0.2352,0.1191,0.1563,0.0855,0.1705,0.1485,0.1873
0.0183,0.1327,0.3655,0.3127,0.2462,-0.0369,0.0544,0.0042,-0.0734,0.1158,0.1920,0.1028,-0.0923,0.1912,0.1860,0.3894,0.2737,0.7675,0.5471,1.0000,0.1502,0.1565,0.1544,0.1982,0.2488,0.0122,0.1016,0.0821,0.0995,0.1806,0.2128,0.0975,0.1501,0.3803,0.3920
0.2600,0.1646,0.3740,0.2798,0.1408,0.0548,-0.0507,0.2071,0.2132,0.2709,0.1605,0.2107,0.0165,-0.0299,0.1764,0.0261,-0.0132,0.3202,0.2077,0.1502,1.0000,0.4821,0.4091,0.4523,0.4362,0.1371,0.0931,0.3725,0.2118,0.3936,0.3640,0.1200,0.3658,0.1811,0.1352
0.4394,0.2986,0.3121,0.3311,0.4843,0.0351,-0.2744,0.2164,0.2034,0.2143,0.1634,0.1111,-0.0210,0.0639,0.2923,0.1569,0.1612,0.2906,0.2466,0.1565,0.4821,1.0000,0.4083,0.7971,0.3871,0.2625,0.2576,0.3337,0.2352,0.4146,0.3736,0.1243,0.3010,0.3280,0.3386
0.1789,0.2082,0.3321,0.3022,0.2847,0.0857,-0.1445,0.2286,0.0393,0.1049,0.0391,-0.0675,-0.2566,0.3563,0.4345,0.3518,0.4362,0.3948,0.2487,0.1544,0.4091,0.4083,1.0000,0.5058,0.4855,0.0139,0.0944,0.1540,0.0048,0.0762,0.0850,-0.1390,0.1111,0.2625,0.3045
0.3340,0.3797,0.3597,0.3290,0.5513,0.0477,-0.2457,0.1898,0.1362,0.1772,0.1525,0.0826,-0.1625,0.1911,0.3863,0.2639,0.2243,0.3833,0.2912,0.1982,0.4523,0.7971,0.5058,1.0000,0.4477,0.1411,0.2588,0.2205,0.1358,0.2882,0.3248,0.0609,0.1889,0.3533,0.3805
0.1867,0.1924,0.3195,0.1581,0.0853,-0.0467,-0.1487,0.0937,0.1035,0.2224,0.1151,0.1044,-0.0731,0.1152,0.2790,0.1394,0.0344,0.3966,0.3262,0.2488,0.4362,0.3871,0.4855,0.4477,1.0000,0.1435,0.1501,-0.0010,0.1105,0.2090,0.2988,0.0907,0.2457,0.1190,0.1698
0.3464,0.2593,0.0211,0.0358,0.0507,0.1060,-0.0931,0.1397,0.2815,0.2846,0.1601,0.2084,0.2818,-0.0925,0.0359,-0.0948,-0.0875,0.1342,0.1205,0.0122,0.1371,0.2625,0.0139,0.1411,0.1435,1.0000,0.7310,0.1592,0.3160,0.2009,0.1769,0.2729,0.1826,0.0789,0.0414
0.3070,0.3477,0.1477,0.1758,0.1571,0.0230,-0.1265,0.1510,0.3279,0.3103,0.2420,0.2442,0.2625,-0.0114,0.1006,0.0145,0.0356,0.2619,0.2737,0.1016,0.0931,0.2576,0.0944,0.2588,0.1501,0.7310,1.0000,0.1549,0.3417,0.1344,0.1838,0.3360,0.2267,0.2178,0.2197
0.2823,0.1749,0.1929,0.2076,0.1030,-0.0697,-0.0264,0.1520,0.2417,0.2365,0.1688,0.1741,0.1671,-0.0779,0.1077,-0.0504,-0.0171,0.1105,0.0938,0.0821,0.3725,0.3337,0.1540,0.2205,-0.0010,0.1592,0.1549,1.0000,0.1925,0.3659,0.3232,0.2182,0.5858,0.2056,0.1536
0.2776,0.2229,0.0295,0.1611,-0.0653,-0.1862,-0.1240,0.0436,0.5054,0.4681,0.2488,0.3067,0.3112,-0.0892,0.0821,-0.0938,-0.0736,0.1803,0.2352,0.0995,0.2118,0.2352,0.0048,0.1358,0.1105,0.3160,0.3417,0.1925,1.0000,0.3908,0.3630,0.5013,0.2776,0.0692,0.1137
0.4664,0.3213,0.1883,0.2244,-0.0263,-0.1092,-0.0617,0.1250,0.3393,0.4680,0.2923,0.2587,0.0752,-0.1083,0.2952,0.0525,-0.0645,0.2296,0.1191,0.1806,0.3936,0.4146,0.0762,0.2882,0.2090,0.2009,0.1344,0.3659,0.3908,1.0000,0.7285,0.3870,0.2794,0.2459,0.1636
0.3510,0.3240,0.2505,0.2267,-0.0323,-0.1412,-0.0869,0.0952,0.4179,0.5382,0.4790,0.4543,0.2825,-0.0469,0.2939,0.1267,-0.0694,0.2319,0.1563,0.2128,0.3640,0.3736,0.0850,0.3248,0.2988,0.1769,0.1838,0.3232,0.3630,0.7285,1.0000,0.5475,0.4401,0.1411,0.1352
0.1548,0.1293,0.1661,0.1186,-0.1647,-0.1727,-0.0611,0.0413,0.4454,0.5130,0.2290,0.4724,0.3094,-0.1555,0.1448,-0.0354,-0.1392,0.0906,0.0855,0.0975,0.1200,0.1243,-0.1390,0.0609,0.0907,0.2729,0.3360,0.2182,0.5013,0.3870,0.5475,1.0000,0.3500,0.0113,0.0243
0.2114,0.1188,0.1927,0.1345,0.0090,-0.1934,-0.0479,0.0901,0.3283,0.2891,0.2408,0.2850,0.4125,-0.1538,0.0084,-0.1000,-0.0692,0.0964,0.1705,0.1501,0.3658,0.3010,0.1111,0.1889,0.2457,0.1826,0.2267,0.5858,0.2776,0.2794,0.4401,0.3500,1.0000,0.0633,0.0981
0.1403,0.1807,0.3504,0.4180,0.3534,0.0941,-0.0961,0.2299,-0.0419,0.0716,0.1628,0.0103,-0.2046,0.1527,0.2173,0.3885,0.3550,0.4061,0.1485,0.3803,0.1811,0.3280,0.2625,0.3533,0.1190,0.0789,0.2178,0.2056,0.0692,0.2459,0.1411,0.0113,0.0633,1.0000,0.8796
0.0929,0.1542,0.3302,0.4054,0.3627,0.0638,-0.1539,0.2158,-0.0101,0.0884,0.1831,0.0164,-0.1644,0.1626,0.1989,0.3902,0.3466,0.4115,0.1873,0.3920,0.1352,0.3386,0.3045,0.3805,0.1698,0.0414,0.2197,0.1536,0.1137,0.1636,0.1352,0.0243,0.0981,0.8796,1.0000
