0.000000,0.825999,0.235010,0.293839,0.296739,-0.115932,-0.043606,0.045429,0.263991,0.376301,0.257636,0.450468,0.217935,0.158497,0.190049,0.074373,0.065104,0.462726,0.407483,0.352594,0.262170,0.565682,0.215163,0.411630,0.273001,0.347492,0.441695,-0.009600,0.038537,0.216433,0.328863,0.238083,0.046550,0.224298,0.236493
0.825999,0.000000,0.238231,0.268028,0.333180,-0.153482,-0.072974,0.116867,0.208682,0.296380,0.202287,0.442307,0.287520,0.204322,0.119700,-0.041459,-0.081550,0.400393,0.463497,0.330516,0.283647,0.614577,0.133423,0.596621,0.256297,0.402240,0.555084,-0.011693,0.130006,0.263388,0.459894,0.379837,0.046995,0.135691,0.158454
0.235010,0.238231,0.000000,0.811213,0.489751,0.157755,0.181374,0.071867,0.090397,0.101941,0.316818,0.117118,-0.153000,0.140093,0.159585,0.306688,0.163338,0.499630,0.346547,0.555852,0.469787,0.358202,0.249400,0.369319,0.331782,0.198728,0.220641,0.137410,0.201960,0.255033,0.282988,0.310084,0.136483,0.344256,0.307595
0.293839,0.268028,0.811213,0.000000,0.419536,0.135173,0.168488,0.099805,0.155368,0.153343,0.332125,0.163980,-0.132981,0.213287,0.231003,0.395772,0.227715,0.624107,0.392247,0.688845,0.545079,0.292936,0.298580,0.279637,0.335203,0.215860,0.245846,0.157519,0.190395,0.202742,0.261671,0.310023,0.110334,0.495380,0.454053
0.296739,0.333180,0.489751,0.419536,0.000000,-0.070182,0.197306,-0.052060,0.175075,0.287131,0.546821,0.382731,0.149535,0.396423,0.161672,0.208411,-0.048496,0.432714,0.377935,0.439632,0.376260,0.514713,0.065078,0.582030,0.272004,0.190360,0.277286,0.197683,0.294740,0.325783,0.460021,0.354380,0.182776,0.038738,0.049025
-0.115932,-0.153482,0.157755,0.135173,-0.070182,0.000000,0.050530,0.311458,-0.017855,-0.007879,0.033030,-0.136790,-0.140815,-0.008083,-0.008131,0.205246,0.279028,0.006388,-0.004407,0.045337,-0.016094,-0.150910,0.129727,-0.132435,-0.014481,0.127656,0.032407,-0.165402,-0.134202,-0.111237,-0.127277,-0.149560,-0.040986,0.205317,0.179719
-0.043606,-0.072974,0.181374,0.168488,0.197306,0.050530,0.000000,-0.117868,-0.034131,-0.011325,0.186078,0.060842,-0.005770,0.210681,0.024797,0.196535,0.075370,0.013278,0.041195,0.249230,0.013337,0.046760,0.027537,0.021447,-0.027887,0.047672,0.003825,0.058599,0.086469,0.080531,0.007481,0.050504,0.059060,0.137578,0.119291
0.045429,0.116867,0.071867,0.099805,-0.052060,0.311458,-0.117868,0.000000,-0.041047,-0.097838,-0.160548,0.038182,0.089019,-0.000059,-0.160749,-0.164833,-0.096936,0.024220,0.051630,0.003839,0.041152,-0.043097,-0.091380,0.011630,-0.015642,0.238205,0.237629,-0.167382,-0.048919,-0.076550,-0.052685,0.011167,-0.132968,-0.007611,-0.022703
0.263991,0.208682,0.090397,0.155368,0.175075,-0.017855,-0.034131,-0.041047,0.000000,0.654638,0.472721,0.345704,0.381811,0.362029,0.153814,0.170875,0.151893,0.244190,0.257090,0.025934,0.223570,0.121880,0.028837,0.093975,0.009612,0.201969,0.333157,0.010989,0.087547,-0.138384,-0.087617,-0.035952,0.084494,0.231231,0.240928
0.376301,0.296380,0.101941,0.153343,0.287131,-0.007879,-0.011325,-0.097838,0.654638,0.000000,0.535316,0.514650,0.251346,0.316248,0.243085,0.167814,0.228958,0.313543,0.195225,0.088013,0.218818,0.235747,0.072503,0.114505,-0.005427,0.084410,0.216112,0.011913,0.118156,0.085669,0.043900,-0.020077,0.018750,0.205666,0.174931
0.257636,0.202287,0.316818,0.332125,0.546821,0.033030,0.186078,-0.160548,0.472721,0.535316,0.000000,0.401179,0.227098,0.461689,0.238371,0.473465,0.144881,0.396044,0.310811,0.389201,0.360611,0.155812,0.066193,0.232618,0.137682,0.035015,0.185025,0.136808,0.165594,0.311699,0.309627,0.125284,0.202642,0.394078,0.359823
0.450468,0.442307,0.117118,0.163980,0.382731,-0.136790,0.060842,0.038182,0.345704,0.514650,0.401179,0.000000,0.383429,0.458729,0.325607,0.086461,-0.000718,0.263076,0.171979,0.311877,0.181857,0.269982,0.075145,0.280757,0.179891,0.050361,0.155737,0.078258,0.163814,0.080397,0.266192,0.306754,0.138401,-0.010020,0.009919
0.217935,0.287520,-0.153000,-0.132981,0.149535,-0.140815,-0.005770,0.089019,0.381811,0.251346,0.227098,0.383429,0.000000,0.373568,-0.143943,-0.231321,-0.330305,0.030739,0.077501,-0.039292,0.037348,0.101458,-0.210593,0.190231,-0.127320,0.103600,0.302527,-0.175019,0.019265,-0.072010,0.080049,0.004677,-0.111008,-0.209353,-0.170072
0.158497,0.204322,0.140093,0.213287,0.396423,-0.008083,0.210681,-0.000059,0.362029,0.316248,0.461689,0.458729,0.373568,0.000000,0.344370,0.293474,-0.009172,0.264332,0.276306,0.400586,0.274175,0.258993,0.137858,0.355706,0.235159,0.153005,0.214382,0.318989,0.432949,-0.014754,0.295628,0.356841,0.264925,-0.002546,0.013043
0.190049,0.119700,0.159585,0.231003,0.161672,-0.008131,0.024797,-0.160749,0.153814,0.243085,0.238371,0.325607,-0.143943,0.344370,0.000000,0.498136,0.303431,0.325637,0.119542,0.326589,0.094700,0.084139,0.414628,0.067983,0.447838,-0.166116,-0.150086,0.516181,0.296145,-0.039326,0.233578,0.289340,0.450342,0.089470,0.079269
0.074373,-0.041459,0.306688,0.395772,0.208411,0.205246,0.196535,-0.164833,0.170875,0.167814,0.473465,0.086461,-0.231321,0.293474,0.498136,0.000000,0.589636,0.332241,0.287775,0.469959,0.170576,-0.008424,0.561323,0.021627,0.396450,0.025273,0.034791,0.285716,-0.029839,-0.075177,0.075273,0.079630,0.326812,0.455750,0.426042
0.065104,-0.081550,0.163338,0.227715,-0.048496,0.279028,0.075370,-0.096936,0.151893,0.228958,0.144881,-0.000718,-0.330305,-0.009172,0.303431,0.589636,0.000000,0.142569,0.176073,0.215609,0.006314,-0.040890,0.517918,-0.120099,0.259774,0.149748,0.063636,0.076518,-0.235728,-0.141767,-0.184021,-0.090254,0.144136,0.444920,0.411386
0.462726,0.400393,0.499630,0.624107,0.432714,0.006388,0.013278,0.024220,0.244190,0.313543,0.396044,0.263076,0.030739,0.264332,0.325637,0.332241,0.142569,0.000000,0.572632,0.652341,0.517401,0.317161,0.345047,0.263489,0.487826,0.132358,0.237594,0.243138,0.187038,0.241170,0.311967,0.193459,0.135334,0.328014,0.325920
0.407483,0.463497,0.346547,0.392247,0.377935,-0.004407,0.041195,0.051630,0.257090,0.195225,0.310811,0.171979,0.077501,0.276306,0.119542,0.287775,0.176073,0.572632,0.000000,0.500782,0.326871,0.483635,0.411481,0.533102,0.455313,0.542055,0.582971,0.165390,0.181403,0.178702,0.270961,0.312867,0.214333,0.355130,0.416322
0.352594,0.330516,0.555852,0.688845,0.439632,0.045337,0.249230,0.003839,0.025934,0.088013,0.389201,0.311877,-0.039292,0.400586,0.326589,0.469959,0.215609,0.652341,0.500782,0.000000,0.426468,0.273882,0.359626,0.341216,0.461543,0.205001,0.242340,0.238011,0.188751,0.177625,0.346149,0.382202,0.185834,0.375347,0.392362
0.262170,0.283647,0.469787,0.545079,0.376260,-0.016094,0.013337,0.041152,0.223570,0.218818,0.360611,0.181857,0.037348,0.274175,0.094700,0.170576,0.006314,0.517401,0.326871,0.426468,0.000000,0.333286,0.186091,0.320872,0.374425,0.155487,0.218738,0.269779,0.304734,0.370425,0.399770,0.282356,0.177621,0.242694,0.263554
0.565682,0.614577,0.358202,0.292936,0.514713,-0.150910,0.046760,-0.043097,0.121880,0.235747,0.155812,0.269982,0.101458,0.258993,0.084139,-0.008424,-0.040890,0.317161,0.483635,0.273882,0.333286,0.000000,0.257234,0.782002,0.329869,0.517764,0.504454,0.191006,0.375417,0.324634,0.436114,0.446835,0.191751,0.092365,0.149969
0.215163,0.133423,0.249400,0.298580,0.065078,0.129727,0.027537,-0.091380,0.028837,0.072503,0.066193,0.075145,-0.210593,0.137858,0.414628,0.561323,0.517918,0.345047,0.411481,0.359626,0.186091,0.257234,0.000000,0.213034,0.543639,0.242705,0.169302,0.285352,0.051695,-0.056362,0.076197,0.177714,0.310210,0.309568,0.377659
0.411630,0.596621,0.369319,0.279637,0.582030,-0.132435,0.021447,0.011630,0.093975,0.114505,0.232618,0.280757,0.190231,0.355706,0.067983,0.021627,-0.120099,0.263489,0.533102,0.341216,0.320872,0.782002,0.213034,0.000000,0.382318,0.520965,0.574605,0.195045,0.312970,0.223203,0.481474,0.530809,0.243651,0.024493,0.101772
0.273001,0.256297,0.331782,0.335203,0.272004,-0.014481,-0.027887,-0.015642,0.009612,-0.005427,0.137682,0.179891,-0.127320,0.235159,0.447838,0.396450,0.259774,0.487826,0.455313,0.461543,0.374425,0.329869,0.543639,0.382318,0.000000,0.151741,0.132662,0.471728,0.158916,0.071219,0.308194,0.333342,0.405502,0.118922,0.182818
0.347492,0.402240,0.198728,0.215860,0.190360,0.127656,0.047672,0.238205,0.201969,0.084410,0.035015,0.050361,0.103600,0.153005,-0.166116,0.025273,0.149748,0.132358,0.542055,0.205001,0.155487,0.517764,0.242705,0.520965,0.151741,0.000000,0.823396,-0.042075,0.064121,0.007804,0.040357,0.206820,0.026253,0.306186,0.366210
0.441695,0.555084,0.220641,0.245846,0.277286,0.032407,0.003825,0.237629,0.333157,0.216112,0.185025,0.155737,0.302527,0.214382,-0.150086,0.034791,0.063636,0.237594,0.582971,0.242340,0.218738,0.504454,0.169302,0.574605,0.132662,0.823396,0.000000,-0.060414,0.082136,0.076707,0.143377,0.234115,0.000747,0.277316,0.322202
-0.009600,-0.011693,0.137410,0.157519,0.197683,-0.165402,0.058599,-0.167382,0.010989,0.011913,0.136808,0.078258,-0.175019,0.318989,0.516181,0.285716,0.076518,0.243138,0.165390,0.238011,0.269779,0.191006,0.285352,0.195045,0.471728,-0.042075,-0.060414,0.000000,0.564065,0.214363,0.387463,0.469851,0.639028,-0.041074,-0.016759
0.038537,0.130006,0.201960,0.190395,0.294740,-0.134202,0.086469,-0.048919,0.087547,0.118156,0.165594,0.163814,0.019265,0.432949,0.296145,-0.029839,-0.235728,0.187038,0.181403,0.188751,0.304734,0.375417,0.051695,0.312970,0.158916,0.064121,0.082136,0.564065,0.000000,0.419978,0.501850,0.646588,0.436227,-0.116027,-0.118287
0.216433,0.263388,0.255033,0.202742,0.325783,-0.111237,0.080531,-0.076550,-0.138384,0.085669,0.311699,0.080397,-0.072010,-0.014754,-0.039326,-0.075177,-0.141767,0.241170,0.178702,0.177625,0.370425,0.324634,-0.056362,0.223203,0.071219,0.007804,0.076707,0.214363,0.419978,0.000000,0.639667,0.331125,0.130554,0.103219,0.077660
0.328863,0.459894,0.282988,0.261671,0.460021,-0.127277,0.007481,-0.052685,-0.087617,0.043900,0.309627,0.266192,0.080049,0.295628,0.233578,0.075273,-0.184021,0.311967,0.270961,0.346149,0.399770,0.436114,0.076197,0.481474,0.308194,0.040357,0.143377,0.387463,0.501850,0.639667,0.000000,0.652681,0.373897,-0.119184,-0.101140
0.238083,0.379837,0.310084,0.310023,0.354380,-0.149560,0.050504,0.011167,-0.035952,-0.020077,0.125284,0.306754,0.004677,0.356841,0.289340,0.079630,-0.090254,0.193459,0.312867,0.382202,0.282356,0.446835,0.177714,0.530809,0.333342,0.206820,0.234115,0.469851,0.646588,0.331125,0.652681,0.000000,0.570818,-0.044193,-0.020685
0.046550,0.046995,0.136483,0.110334,0.182776,-0.040986,0.059060,-0.132968,0.084494,0.018750,0.202642,0.138401,-0.111008,0.264925,0.450342,0.326812,0.144136,0.135334,0.214333,0.185834,0.177621,0.191751,0.310210,0.243651,0.405502,0.026253,0.000747,0.639028,0.436227,0.130554,0.373897,0.570818,0.000000,0.009694,0.033225
0.224298,0.135691,0.344256,0.495380,0.038738,0.205317,0.137578,-0.007611,0.231231,0.205666,0.394078,-0.010020,-0.209353,-0.002546,0.089470,0.455750,0.444920,0.328014,0.355130,0.375347,0.242694,0.092365,0.309568,0.024493,0.118922,0.306186,0.277316,-0.041074,-0.116027,0.103219,-0.119184,-0.044193,0.009694,0.000000,0.890185
0.236493,0.158454,0.307595,0.454053,0.049025,0.179719,0.119291,-0.022703,0.240928,0.174931,0.359823,0.009919,-0.170072,0.013043,0.079269,0.426042,0.411386,0.325920,0.416322,0.392362,0.263554,0.149969,0.377659,0.101772,0.182818,0.366210,0.322202,-0.016759,-0.118287,0.077660,-0.101140,-0.020685,0.033225,0.890185,0.000000
