0.000000,0.791946,0.130228,0.138784,0.063897,0.052595,-0.005491,-0.035160,0.140674,-0.016343,0.299489,0.246173,0.098991,0.095933,0.144055,0.158043,-0.001712,0.053452,-0.009555,0.063654,-0.121593,0.280789,-0.021868,0.151236,-0.165741,0.461047,0.525725,0.015671,0.217059,0.358896,0.305374,0.343762,0.044927,0.265673,0.143973
0.791946,0.000000,0.117506,0.134911,0.030537,-0.070180,-0.005032,-0.203233,0.135820,0.207729,0.376617,0.355445,0.028148,0.059053,0.209664,0.132385,-0.063896,0.050113,-0.038408,-0.017886,-0.053694,0.353570,0.007704,0.346157,-0.124225,0.424129,0.471985,0.099699,0.333075,0.413632,0.262820,0.383925,0.066125,0.266385,0.151964
0.130228,0.117506,0.000000,0.747063,0.392658,0.189163,-0.079843,0.127229,0.036611,0.187811,0.271684,0.076723,0.004763,0.229113,0.235735,0.288060,0.345560,0.262307,0.186938,0.362794,0.205570,0.322498,0.143683,0.292601,0.253085,0.229724,0.265494,0.106832,0.100861,0.078958,0.099669,0.195883,0.121706,0.407415,0.313659
0.138784,0.134911,0.747063,0.000000,0.369613,0.126153,-0.042564,0.115224,0.006592,0.194362,0.299103,0.069422,-0.045618,0.209341,0.282611,0.286602,0.309167,0.198495,0.112978,0.229480,0.165382,0.277719,0.215041,0.258253,0.253992,0.231368,0.299835,0.140181,0.139927,0.141539,0.091118,0.215835,0.169688,0.359159,0.303289
0.063897,0.030537,0.392658,0.369613,0.000000,-0.042088,-0.166557,-0.121525,0.126722,0.135387,0.311177,0.023979,0.054692,0.242367,0.159544,0.316482,0.361565,0.082510,-0.047153,0.157893,0.030462,0.318043,0.031969,0.337887,0.036328,0.252721,0.221484,0.110237,0.214889,0.179131,0.271023,0.303477,0.202548,0.259213,0.233057
0.052595,-0.070180,0.189163,0.126153,-0.042088,0.000000,-0.153620,0.547673,0.040467,-0.164187,-0.083159,-0.110537,0.155308,0.205531,-0.065341,0.157650,0.007646,-0.067582,0.050400,0.124348,-0.057710,-0.126064,-0.105998,-0.169678,-0.022231,0.191595,0.233090,-0.021756,-0.112240,-0.115502,-0.004226,0.058013,-0.059448,0.133087,0.021956
-0.005491,-0.005032,-0.079843,-0.042564,-0.166557,-0.153620,0.000000,-0.092306,-0.072128,-0.026861,-0.079182,0.096075,-0.099568,-0.282312,-0.074577,-0.292071,-0.150920,0.296723,0.106665,0.066681,-0.009784,-0.195510,0.024276,-0.223136,-0.012690,-0.307342,-0.271818,-0.113255,-0.031569,-0.020385,-0.161811,-0.122343,-0.097717,-0.084747,-0.029140
-0.035160,-0.203233,0.127229,0.115224,-0.121525,0.547673,-0.092306,0.000000,-0.075089,-0.227268,-0.248153,-0.146230,0.077338,0.078709,-0.101569,0.015681,-0.041914,-0.133664,0.005970,0.015994,-0.035966,-0.232760,-0.055871,-0.268009,-0.090592,0.082509,0.138488,-0.021922,-0.192582,-0.227442,-0.026605,-0.051104,-0.060915,-0.061893,-0.098344
0.140674,0.135820,0.036611,0.006592,0.126722,0.040467,-0.072128,-0.075089,0.000000,0.429789,0.460944,0.428993,0.364266,0.249507,0.151362,0.052310,0.065053,0.090692,0.107447,0.156668,0.064482,0.069113,-0.099880,0.071156,0.022461,0.162151,0.193916,0.194801,0.550066,0.418647,0.506293,0.411763,0.117518,0.084470,0.105850
-0.016343,0.207729,0.187811,0.194362,0.135387,-0.164187,-0.026861,-0.227268,0.429789,0.000000,0.499846,0.600078,0.018827,0.182744,0.331390,0.101253,0.289907,0.105187,0.048191,-0.023064,0.211661,0.166293,0.050764,0.296780,0.129168,0.077298,0.063439,0.140547,0.344559,0.224146,0.086437,0.076822,0.068801,0.165768,0.213355
0.299489,0.376617,0.271684,0.299103,0.311177,-0.083159,-0.079182,-0.248153,0.460944,0.499846,0.000000,0.477091,0.190953,0.233036,0.277492,0.213817,0.157944,0.228231,0.089936,0.187245,0.197434,0.419540,0.078693,0.463829,0.146555,0.264790,0.310807,0.237114,0.410827,0.647174,0.475767,0.354031,0.284786,0.372499,0.308958
0.246173,0.355445,0.076723,0.069422,0.023979,-0.110537,0.096075,-0.146230,0.428993,0.600078,0.477091,0.000000,0.091170,0.046562,0.234884,0.038390,0.091502,0.215711,0.147304,0.089290,0.107364,0.073002,0.078144,0.156372,0.046584,0.128145,0.143383,0.077604,0.297058,0.269346,0.206538,0.233335,0.039233,0.142751,0.128222
0.098991,0.028148,0.004763,-0.045618,0.054692,0.155308,-0.099568,0.077338,0.364266,0.018827,0.190953,0.091170,0.000000,0.000131,-0.184723,-0.139946,-0.099457,-0.061342,0.036579,0.147874,-0.173030,-0.099518,-0.369230,-0.090038,-0.166998,0.055632,0.083794,0.018460,0.086961,0.056569,0.461381,0.375957,0.117366,-0.054516,-0.056292
0.095933,0.059053,0.229113,0.209341,0.242367,0.205531,-0.282312,0.078709,0.249507,0.182744,0.233036,0.046562,0.000131,0.000000,0.573864,0.718577,0.491504,0.142402,0.105502,0.241856,0.097184,0.137689,0.069223,0.117809,0.082949,0.210779,0.226884,0.166981,0.287729,0.161704,0.238014,0.181434,0.115547,0.222216,0.214515
0.144055,0.209664,0.235735,0.282611,0.159544,-0.065341,-0.074577,-0.101569,0.151362,0.331390,0.277492,0.234884,-0.184723,0.573864,0.000000,0.545678,0.484475,0.159740,0.035453,0.088884,0.258861,0.258889,0.376859,0.240660,0.235361,0.121445,0.075022,0.186788,0.371639,0.257649,0.112373,0.144941,0.105837,0.204927,0.175430
0.158043,0.132385,0.288060,0.286602,0.316482,0.157650,-0.292071,0.015681,0.052310,0.101253,0.213817,0.038390,-0.139946,0.718577,0.545678,0.000000,0.515170,0.222204,0.173683,0.275193,0.115041,0.248894,0.227389,0.243435,0.136859,0.276762,0.307717,0.103617,0.196423,0.173761,0.131867,0.173690,0.087136,0.373945,0.344811
-0.001712,-0.063896,0.345560,0.309167,0.361565,0.007646,-0.150920,-0.041914,0.065053,0.289907,0.157944,0.091502,-0.099457,0.491504,0.484475,0.515170,0.000000,0.147897,0.016016,0.166903,0.091823,0.092522,0.139550,0.076700,0.106861,0.144746,0.138681,0.039156,0.188061,0.081846,0.085060,0.094735,0.080252,0.284009,0.298569
0.053452,0.050113,0.262307,0.198495,0.082510,-0.067582,0.296723,-0.133664,0.090692,0.105187,0.228231,0.215711,-0.061342,0.142402,0.159740,0.222204,0.147897,0.000000,0.721268,0.709014,0.405736,0.159076,0.244614,0.127647,0.436622,-0.023087,0.032992,0.215497,0.150755,0.189764,0.119054,0.110681,0.316124,0.335840,0.420376
-0.009555,-0.038408,0.186938,0.112978,-0.047153,0.050400,0.106665,0.005970,0.107447,0.048191,0.089936,0.147304,0.036579,0.105502,0.035453,0.173683,0.016016,0.721268,0.000000,0.662021,0.305888,0.032714,0.138217,0.011843,0.338269,-0.072777,-0.008786,0.117132,0.068857,0.035627,0.070790,0.074673,0.175154,0.143370,0.230123
0.063654,-0.017886,0.362794,0.229480,0.157893,0.124348,0.066681,0.015994,0.156668,-0.023064,0.187245,0.089290,0.147874,0.241856,0.088884,0.275193,0.166903,0.709014,0.662021,0.000000,0.355401,0.140834,-0.004665,0.087392,0.385024,-0.009450,0.040838,0.245656,0.149134,0.193565,0.292191,0.217481,0.300768,0.370072,0.430794
-0.121593,-0.053694,0.205570,0.165382,0.030462,-0.057710,-0.009784,-0.035966,0.064482,0.211661,0.197434,0.107364,-0.173030,0.097184,0.258861,0.115041,0.091823,0.405736,0.305888,0.355401,0.000000,0.406812,0.534695,0.384515,0.765212,0.056119,-0.092017,0.551564,0.081691,0.144379,0.030105,-0.066940,0.475840,0.184458,0.164321
0.280789,0.353570,0.322498,0.277719,0.318043,-0.126064,-0.195510,-0.232760,0.069113,0.166293,0.419540,0.073002,-0.099518,0.137689,0.258889,0.248894,0.092522,0.159076,0.032714,0.140834,0.406812,0.000000,0.424548,0.848004,0.362377,0.430102,0.301054,0.353198,0.167999,0.366122,0.216818,0.184527,0.343285,0.431207,0.294108
-0.021868,0.007704,0.143683,0.215041,0.031969,-0.105998,0.024276,-0.055871,-0.099880,0.050764,0.078693,0.078144,-0.369230,0.069223,0.376859,0.227389,0.139550,0.244614,0.138217,-0.004665,0.534695,0.424548,0.000000,0.369834,0.547573,0.215097,0.093805,0.305867,-0.013617,0.065102,-0.185356,-0.123740,0.298703,0.188382,0.099018
0.151236,0.346157,0.292601,0.258253,0.337887,-0.169678,-0.223136,-0.268009,0.071156,0.296780,0.463829,0.156372,-0.090038,0.117809,0.240660,0.243435,0.076700,0.127647,0.011843,0.087392,0.384515,0.848004,0.369834,0.000000,0.336388,0.357415,0.248971,0.333737,0.160050,0.322251,0.195253,0.180877,0.324934,0.378076,0.274642
-0.165741,-0.124225,0.253085,0.253992,0.036328,-0.022231,-0.012690,-0.090592,0.022461,0.129168,0.146555,0.046584,-0.166998,0.082949,0.235361,0.136859,0.106861,0.436622,0.338269,0.385024,0.765212,0.362377,0.547573,0.336388,0.000000,-0.019343,-0.118530,0.523450,0.064116,0.123898,0.008863,-0.002237,0.528571,0.206028,0.223964
0.461047,0.424129,0.229724,0.231368,0.252721,0.191595,-0.307342,0.082509,0.162151,0.077298,0.264790,0.128145,0.055632,0.210779,0.121445,0.276762,0.144746,-0.023087,-0.072777,-0.009450,0.056119,0.430102,0.215097,0.357415,-0.019343,0.000000,0.741738,0.161670,0.200180,0.249243,0.168609,0.267517,0.131161,0.378475,0.200537
0.525725,0.471985,0.265494,0.299835,0.221484,0.233090,-0.271818,0.138488,0.193916,0.063439,0.310807,0.143383,0.083794,0.226884,0.075022,0.307717,0.138681,0.032992,-0.008786,0.040838,-0.092017,0.301054,0.093805,0.248971,-0.118530,0.741738,0.000000,0.103867,0.230517,0.273289,0.268093,0.399611,0.143096,0.421818,0.282840
0.015671,0.099699,0.106832,0.140181,0.110237,-0.021756,-0.113255,-0.021922,0.194801,0.140547,0.237114,0.077604,0.018460,0.166981,0.186788,0.103617,0.039156,0.215497,0.117132,0.245656,0.551564,0.353198,0.305867,0.333737,0.523450,0.161670,0.103867,0.000000,0.324262,0.339645,0.303876,0.276199,0.693824,0.193564,0.220851
0.217059,0.333075,0.100861,0.139927,0.214889,-0.112240,-0.031569,-0.192582,0.550066,0.344559,0.410827,0.297058,0.086961,0.287729,0.371639,0.196423,0.188061,0.150755,0.068857,0.149134,0.081691,0.167999,-0.013617,0.160050,0.064116,0.200180,0.230517,0.324262,0.000000,0.667878,0.495878,0.621048,0.221668,0.227030,0.296029
0.358896,0.413632,0.078958,0.141539,0.179131,-0.115502,-0.020385,-0.227442,0.418647,0.224146,0.647174,0.269346,0.056569,0.161704,0.257649,0.173761,0.081846,0.189764,0.035627,0.193565,0.144379,0.366122,0.065102,0.322251,0.123898,0.249243,0.273289,0.339645,0.667878,0.000000,0.576864,0.463837,0.327367,0.376899,0.388004
0.305374,0.262820,0.099669,0.091118,0.271023,-0.004226,-0.161811,-0.026605,0.506293,0.086437,0.475767,0.206538,0.461381,0.238014,0.112373,0.131867,0.085060,0.119054,0.070790,0.292191,0.030105,0.216818,-0.185356,0.195253,0.008863,0.168609,0.268093,0.303876,0.495878,0.576864,0.000000,0.678536,0.388698,0.144329,0.175831
0.343762,0.383925,0.195883,0.215835,0.303477,0.058013,-0.122343,-0.051104,0.411763,0.076822,0.354031,0.233335,0.375957,0.181434,0.144941,0.173690,0.094735,0.110681,0.074673,0.217481,-0.066940,0.184527,-0.123740,0.180877,-0.002237,0.267517,0.399611,0.276199,0.621048,0.463837,0.678536,0.000000,0.316625,0.256913,0.230451
0.044927,0.066125,0.121706,0.169688,0.202548,-0.059448,-0.097717,-0.060915,0.117518,0.068801,0.284786,0.039233,0.117366,0.115547,0.105837,0.087136,0.080252,0.316124,0.175154,0.300768,0.475840,0.343285,0.298703,0.324934,0.528571,0.131161,0.143096,0.693824,0.221668,0.327367,0.388698,0.316625,0.000000,0.225569,0.300663
0.265673,0.266385,0.407415,0.359159,0.259213,0.133087,-0.084747,-0.061893,0.084470,0.165768,0.372499,0.142751,-0.054516,0.222216,0.204927,0.373945,0.284009,0.335840,0.143370,0.370072,0.184458,0.431207,0.188382,0.378076,0.206028,0.378475,0.421818,0.193564,0.227030,0.376899,0.144329,0.256913,0.225569,0.000000,0.797616
0.143973,0.151964,0.313659,0.303289,0.233057,0.021956,-0.029140,-0.098344,0.105850,0.213355,0.308958,0.128222,-0.056292,0.214515,0.175430,0.344811,0.298569,0.420376,0.230123,0.430794,0.164321,0.294108,0.099018,0.274642,0.223964,0.200537,0.282840,0.220851,0.296029,0.388004,0.175831,0.230451,0.300663,0.797616,0.000000
