0.000000,0.679258,0.087244,0.016965,-0.029440,-0.000181,0.031063,-0.243038,0.135014,0.248588,0.048420,0.132338,0.183469,0.130302,0.149729,0.083235,0.174216,0.248144,0.309237,0.232950,0.089462,0.528724,0.133614,0.367192,0.089951,0.631330,0.447849,0.130229,0.255650,0.251690,0.176240,0.139108,-0.026766,0.400733,0.383970
0.679258,0.000000,0.251724,0.157131,-0.046270,-0.040759,0.081209,-0.175107,0.200311,0.291331,0.250401,0.154283,0.369111,0.067994,0.154237,0.110419,0.129551,0.245612,0.272522,0.212214,0.172290,0.406425,0.030473,0.589738,0.096640,0.637755,0.614215,0.229320,0.237335,0.361803,0.271505,0.186245,0.117713,0.336073,0.348277
0.087244,0.251724,0.000000,0.744450,0.168266,0.084279,0.068713,0.007976,0.257084,0.309238,0.381457,0.241281,0.279449,0.022379,0.227548,0.321541,0.344391,0.478964,0.378593,0.389351,0.394844,0.227254,0.098100,0.355860,0.165837,0.120290,0.211066,0.417222,0.228492,0.442385,0.497829,0.395227,0.390526,0.189930,0.172152
0.016965,0.157131,0.744450,0.000000,0.280177,0.090343,0.246546,0.023581,0.347977,0.406018,0.431628,0.231338,0.249377,-0.052173,0.301478,0.201725,0.162465,0.475284,0.329661,0.374746,0.446071,0.305033,0.040815,0.386224,0.180033,0.129999,0.218119,0.469628,0.322386,0.500362,0.457419,0.385732,0.352501,0.173991,0.143938
-0.029440,-0.046270,0.168266,0.280177,0.000000,0.009353,0.218329,0.169700,0.106820,0.124155,0.213486,0.190872,-0.009740,-0.003604,0.101982,0.107632,0.039833,0.163781,0.032232,0.160512,0.141607,0.182488,0.030056,0.206012,0.106427,-0.002040,-0.006379,0.155195,0.050509,0.093330,0.190339,0.162884,0.199738,0.013089,-0.004391
-0.000181,-0.040759,0.084279,0.090343,0.009353,0.000000,-0.023462,0.336623,-0.012977,-0.000305,0.005411,-0.073038,-0.038542,0.075856,-0.090974,0.084104,0.211717,0.210237,0.210230,0.135973,0.061577,0.092604,0.247862,0.072930,0.073321,0.004903,-0.020119,-0.016715,0.018332,-0.011740,-0.066159,0.000355,-0.090090,-0.120237,-0.089696
0.031063,0.081209,0.068713,0.246546,0.218329,-0.023462,0.000000,0.005962,0.090471,0.018025,0.141111,0.098528,0.021902,-0.107812,0.047649,-0.056710,-0.014537,-0.047348,-0.141014,-0.117451,0.066262,0.095436,-0.130597,0.174312,0.053519,-0.102656,-0.080212,-0.008350,-0.113239,0.077048,0.101085,-0.065505,0.012957,-0.127188,-0.119450
-0.243038,-0.175107,0.007976,0.023581,0.169700,0.336623,0.005962,0.000000,-0.058382,-0.094307,0.019897,-0.027103,-0.117496,-0.063995,-0.077299,0.034870,0.083088,0.086858,0.015774,0.045489,-0.066720,-0.157004,0.056061,-0.081529,-0.033680,-0.136653,-0.040507,0.000236,-0.076767,-0.102422,-0.044009,-0.000193,0.008152,-0.167290,-0.110554
0.135014,0.200311,0.257084,0.347977,0.106820,-0.012977,0.090471,-0.058382,0.000000,0.642871,0.398967,0.223079,0.379695,-0.108780,0.337020,-0.175329,-0.093684,0.091062,0.095590,0.013381,0.307066,0.276815,-0.092853,0.264516,0.267069,0.207822,0.267183,0.456677,0.509057,0.435146,0.368932,0.246856,0.261529,0.163810,0.139978
0.248588,0.291331,0.309238,0.406018,0.124155,-0.000305,0.018025,-0.094307,0.642871,0.000000,0.405578,0.475638,0.378587,-0.037592,0.530129,-0.047415,-0.021537,0.165950,0.166241,0.069949,0.359537,0.409619,0.081301,0.373431,0.322611,0.330821,0.368343,0.415585,0.598231,0.486217,0.447103,0.517093,0.339683,0.185033,0.160269
0.048420,0.250401,0.381457,0.431628,0.213486,0.005411,0.141111,0.019897,0.398967,0.405578,0.000000,0.236375,0.605493,-0.135984,0.279785,0.223529,-0.091557,0.358220,0.235959,0.319084,0.332137,0.094658,-0.125924,0.239287,0.154262,0.224470,0.381788,0.438821,0.336031,0.566991,0.595126,0.319646,0.401223,0.305776,0.340552
0.132338,0.154283,0.241281,0.231338,0.190872,-0.073038,0.098528,-0.027103,0.223079,0.475638,0.236375,0.000000,0.106358,0.154477,0.313817,0.201457,0.087098,0.162708,0.083438,0.092283,0.172350,0.210569,0.075914,0.174464,0.212989,0.140646,0.071165,0.096880,0.298769,0.226666,0.427514,0.403270,0.229139,0.082556,0.064165
0.183469,0.369111,0.279449,0.249377,-0.009740,-0.038542,0.021902,-0.117496,0.379695,0.378587,0.605493,0.106358,0.000000,-0.254048,0.216588,-0.034094,-0.156904,0.145556,0.166060,0.108535,0.223996,0.147961,-0.091589,0.282209,0.151207,0.269238,0.373777,0.519175,0.362977,0.554878,0.562374,0.276931,0.429470,0.178301,0.192481
0.130302,0.067994,0.022379,-0.052173,-0.003604,0.075856,-0.107812,-0.063995,-0.108780,-0.037592,-0.135984,0.154477,-0.254048,0.000000,0.129674,0.520140,0.512073,0.173323,0.139039,0.194760,0.016049,0.087519,0.225706,0.012255,-0.032522,0.171193,0.011893,-0.240923,-0.164163,-0.219242,-0.050219,0.031831,-0.217302,0.112972,0.107522
0.149729,0.154237,0.227548,0.301478,0.101982,-0.090974,0.047649,-0.077299,0.337020,0.530129,0.279785,0.313817,0.216588,0.129674,0.000000,0.088299,0.053789,0.060973,0.047405,-0.043982,0.188763,0.224577,-0.030805,0.219691,0.148557,0.089225,0.081484,0.166456,0.292638,0.310615,0.362918,0.351777,0.274888,0.000357,-0.037133
0.083235,0.110419,0.321541,0.201725,0.107632,0.084104,-0.056710,0.034870,-0.175329,-0.047415,0.223529,0.201457,-0.034094,0.520140,0.088299,0.000000,0.567016,0.433381,0.234656,0.468084,0.130325,0.020004,0.178027,0.021080,-0.104088,0.147297,0.111640,0.033721,-0.118963,0.096533,0.258618,0.079477,-0.045161,0.272602,0.256263
0.174216,0.129551,0.344391,0.162465,0.039833,0.211717,-0.014537,0.083088,-0.093684,-0.021537,-0.091557,0.087098,-0.156904,0.512073,0.053789,0.567016,0.000000,0.378382,0.359166,0.309631,0.098497,0.186503,0.386921,0.128558,-0.046094,0.123853,0.008894,-0.046448,-0.157237,-0.119963,0.014100,0.038630,-0.133634,0.116940,0.103698
0.248144,0.245612,0.478964,0.475284,0.163781,0.210237,-0.047348,0.086858,0.091062,0.165950,0.358220,0.162708,0.145556,0.173323,0.060973,0.433381,0.378382,0.000000,0.734392,0.829474,0.354760,0.340165,0.353493,0.291621,0.093758,0.355398,0.352668,0.341602,0.209165,0.368724,0.322485,0.253296,0.214458,0.506569,0.514870
0.309237,0.272522,0.378593,0.329661,0.032232,0.210230,-0.141014,0.015774,0.095590,0.166241,0.235959,0.083438,0.166060,0.139039,0.047405,0.234656,0.359166,0.734392,0.000000,0.632104,0.343544,0.391766,0.363715,0.343315,0.232479,0.439259,0.397105,0.214640,0.238311,0.253787,0.243955,0.304405,0.171944,0.411107,0.418906
0.232950,0.212214,0.389351,0.374746,0.160512,0.135973,-0.117451,0.045489,0.013381,0.069949,0.319084,0.092283,0.108535,0.194760,-0.043982,0.468084,0.309631,0.829474,0.632104,0.000000,0.297873,0.279274,0.271470,0.209324,0.083226,0.356604,0.334021,0.296605,0.142015,0.280669,0.260497,0.208497,0.196465,0.567661,0.593453
0.089462,0.172290,0.394844,0.446071,0.141607,0.061577,0.066262,-0.066720,0.307066,0.359537,0.332137,0.172350,0.223996,0.016049,0.188763,0.130325,0.098497,0.354760,0.343544,0.297873,0.000000,0.422502,0.297842,0.439683,0.412415,0.294598,0.316997,0.454900,0.362296,0.375609,0.296165,0.366448,0.339578,0.296939,0.271279
0.528724,0.406425,0.227254,0.305033,0.182488,0.092604,0.095436,-0.157004,0.276815,0.409619,0.094658,0.210569,0.147961,0.087519,0.224577,0.020004,0.186503,0.340165,0.391766,0.279274,0.422502,0.000000,0.355567,0.728039,0.495207,0.502896,0.341574,0.255993,0.329627,0.281491,0.212462,0.295269,0.103238,0.331844,0.285752
0.133614,0.030473,0.098100,0.040815,0.030056,0.247862,-0.130597,0.056061,-0.092853,0.081301,-0.125924,0.075914,-0.091589,0.225706,-0.030805,0.178027,0.386921,0.353493,0.363715,0.271470,0.297842,0.355567,0.000000,0.242603,0.311544,0.214358,0.069194,0.028793,0.054012,-0.029808,-0.065701,0.137202,0.017783,0.153747,0.133091
0.367192,0.589738,0.355860,0.386224,0.206012,0.072930,0.174312,-0.081529,0.264516,0.373431,0.239287,0.174464,0.282209,0.012255,0.219691,0.021080,0.128558,0.291621,0.343315,0.209324,0.439683,0.728039,0.242603,0.000000,0.447134,0.502327,0.488928,0.273182,0.261389,0.344170,0.255784,0.281822,0.181592,0.191456,0.157722
0.089951,0.096640,0.165837,0.180033,0.106427,0.073321,0.053519,-0.033680,0.267069,0.322611,0.154262,0.212989,0.151207,-0.032522,0.148557,-0.104088,-0.046094,0.093758,0.232479,0.083226,0.412415,0.495207,0.311544,0.447134,0.000000,0.169503,0.099583,0.165923,0.300944,0.204627,0.214726,0.280443,0.238950,0.134452,0.108386
0.631330,0.637755,0.120290,0.129999,-0.002040,0.004903,-0.102656,-0.136653,0.207822,0.330821,0.224470,0.140646,0.269238,0.171193,0.089225,0.147297,0.123853,0.355398,0.439259,0.356604,0.294598,0.502896,0.214358,0.502327,0.169503,0.000000,0.806512,0.241176,0.340549,0.291984,0.183769,0.271157,0.015442,0.484861,0.479254
0.447849,0.614215,0.211066,0.218119,-0.006379,-0.020119,-0.080212,-0.040507,0.267183,0.368343,0.381788,0.071165,0.373777,0.011893,0.081484,0.111640,0.008894,0.352668,0.397105,0.334021,0.316997,0.341574,0.069194,0.488928,0.099583,0.806512,0.000000,0.344809,0.355940,0.360229,0.241375,0.309699,0.138349,0.435320,0.447347
0.130229,0.229320,0.417222,0.469628,0.155195,-0.016715,-0.008350,0.000236,0.456677,0.415585,0.438821,0.096880,0.519175,-0.240923,0.166456,0.033721,-0.046448,0.341602,0.214640,0.296605,0.454900,0.255993,0.028793,0.273182,0.165923,0.241176,0.344809,0.000000,0.543982,0.705934,0.552977,0.368772,0.586571,0.375786,0.366595
0.255650,0.237335,0.228492,0.322386,0.050509,0.018332,-0.113239,-0.076767,0.509057,0.598231,0.336031,0.298769,0.362977,-0.164163,0.292638,-0.118963,-0.157237,0.209165,0.238311,0.142015,0.362296,0.329627,0.054012,0.261389,0.300944,0.340549,0.355940,0.543982,0.000000,0.635868,0.502172,0.553130,0.441383,0.244377,0.260342
0.251690,0.361803,0.442385,0.500362,0.093330,-0.011740,0.077048,-0.102422,0.435146,0.486217,0.566991,0.226666,0.554878,-0.219242,0.310615,0.096533,-0.119963,0.368724,0.253787,0.280669,0.375609,0.281491,-0.029808,0.344170,0.204627,0.291984,0.360229,0.705934,0.635868,0.000000,0.729703,0.460521,0.541398,0.327724,0.313824
0.176240,0.271505,0.497829,0.457419,0.190339,-0.066159,0.101085,-0.044009,0.368932,0.447103,0.595126,0.427514,0.562374,-0.050219,0.362918,0.258618,0.014100,0.322485,0.243955,0.260497,0.296165,0.212462,-0.065701,0.255784,0.214726,0.183769,0.241375,0.552977,0.502172,0.729703,0.000000,0.556147,0.609613,0.210427,0.211321
0.139108,0.186245,0.395227,0.385732,0.162884,0.000355,-0.065505,-0.000193,0.246856,0.517093,0.319646,0.403270,0.276931,0.031831,0.351777,0.079477,0.038630,0.253296,0.304405,0.208497,0.366448,0.295269,0.137202,0.281822,0.280443,0.271157,0.309699,0.368772,0.553130,0.460521,0.556147,0.000000,0.520865,0.169446,0.175664
-0.026766,0.117713,0.390526,0.352501,0.199738,-0.090090,0.012957,0.008152,0.261529,0.339683,0.401223,0.229139,0.429470,-0.217302,0.274888,-0.045161,-0.133634,0.214458,0.171944,0.196465,0.339578,0.103238,0.017783,0.181592,0.238950,0.015442,0.138349,0.586571,0.441383,0.541398,0.609613,0.520865,0.000000,0.136643,0.167508
0.400733,0.336073,0.189930,0.173991,0.013089,-0.120237,-0.127188,-0.167290,0.163810,0.185033,0.305776,0.082556,0.178301,0.112972,0.000357,0.272602,0.116940,0.506569,0.411107,0.567661,0.296939,0.331844,0.153747,0.191456,0.134452,0.484861,0.435320,0.375786,0.244377,0.327724,0.210427,0.169446,0.136643,0.000000,0.890168
0.383970,0.348277,0.172152,0.143938,-0.004391,-0.089696,-0.119450,-0.110554,0.139978,0.160269,0.340552,0.064165,0.192481,0.107522,-0.037133,0.256263,0.103698,0.514870,0.418906,0.593453,0.271279,0.285752,0.133091,0.157722,0.108386,0.479254,0.447347,0.366595,0.260342,0.313824,0.211321,0.175664,0.167508,0.890168,0.000000
