0.000000,0.697892,0.162851,0.178903,-0.245895,-0.076031,0.030283,-0.163806,-0.136315,0.171266,0.310543,0.169617,-0.156249,0.019519,0.041292,0.040350,0.034935,0.103367,0.225082,0.191660,0.202804,0.446487,-0.065339,0.521323,-0.029171,0.648166,0.552011,0.270849,0.196539,0.236784,0.113640,0.178382,0.074339,0.310726,0.304973
0.697892,0.000000,0.119674,0.094331,-0.124874,-0.074811,0.000613,-0.182697,-0.126843,0.157722,0.254471,0.285634,-0.030157,-0.112746,-0.013415,-0.132022,-0.034694,-0.095991,0.062317,0.064335,0.003749,0.352549,-0.131304,0.636337,-0.125583,0.597949,0.578217,0.133524,0.232430,0.253408,0.257462,0.346159,0.134291,0.239978,0.245675
0.162851,0.119674,0.000000,0.703323,0.215705,0.089639,0.170312,0.366507,0.214027,0.179074,0.272960,-0.001109,-0.100142,0.587864,0.536563,0.448950,0.495367,0.406758,0.373548,0.370808,0.385349,0.229444,0.319418,0.167722,0.359901,0.131251,0.179878,0.456451,0.009001,0.147139,0.216962,-0.031240,0.296618,0.252355,0.250940
0.178903,0.094331,0.703323,0.000000,0.107493,-0.007296,0.361135,0.205615,0.375813,0.325376,0.428300,0.111476,0.021357,0.446160,0.466532,0.428906,0.282520,0.443930,0.381266,0.364891,0.382209,0.315424,0.206952,0.174422,0.253722,0.168781,0.234033,0.546423,0.189192,0.266963,0.180044,-0.103961,0.210319,0.273897,0.283444
-0.245895,-0.124874,0.215705,0.107493,0.000000,0.043757,-0.020507,0.090901,0.144205,-0.105494,-0.139370,-0.105642,0.009720,0.278036,0.325423,0.128195,0.311148,0.166981,0.274756,0.121708,0.054690,0.113279,0.381652,0.030220,0.213330,-0.209558,-0.149800,0.080199,-0.073561,-0.038956,0.150035,0.174097,0.256631,-0.020820,0.004041
-0.076031,-0.074811,0.089639,-0.007296,0.043757,0.000000,0.220739,0.217815,0.197761,0.181696,-0.065646,-0.008359,0.004874,0.129725,0.189452,-0.032186,0.161567,0.144515,0.113835,-0.067819,0.020974,-0.001960,0.014748,-0.021754,0.297175,-0.129025,-0.057618,-0.128872,-0.110812,-0.028882,-0.038220,-0.193317,-0.031905,-0.144006,-0.193422
0.030283,0.000613,0.170312,0.361135,-0.020507,0.220739,0.000000,-0.143220,0.348085,0.380955,0.269629,0.124252,0.179782,0.084580,0.215344,0.048734,-0.105410,0.465986,0.227650,0.237326,0.242637,0.165222,-0.223105,0.034261,0.188792,-0.019376,0.078231,0.163698,0.209932,0.156542,-0.092617,-0.206926,-0.092944,-0.057097,0.008659
-0.163806,-0.182697,0.366507,0.205615,0.090901,0.217815,-0.143220,0.000000,0.049267,0.011816,-0.113582,-0.190716,-0.155150,0.395597,0.308923,0.242648,0.481738,0.192626,0.179044,0.092292,0.131870,-0.053808,0.300420,-0.112345,0.087837,-0.114007,-0.074147,0.046404,-0.154835,-0.143804,-0.066925,-0.230144,-0.018541,-0.037746,-0.115878
-0.136315,-0.126843,0.214027,0.375813,0.144205,0.197761,0.348085,0.049267,0.000000,0.573547,0.326259,0.379034,0.487596,0.242643,0.289852,0.192398,-0.062578,0.245989,0.055314,0.021294,0.211122,0.134313,-0.021029,0.007779,0.112608,-0.241556,0.002312,0.335541,0.414846,0.307702,0.164527,-0.012735,0.035347,0.012858,-0.050279
0.171266,0.157722,0.179074,0.325376,-0.105494,0.181696,0.380955,0.011816,0.573547,0.000000,0.520856,0.572982,0.252145,0.149739,0.284551,0.097521,-0.081782,0.278907,0.085553,0.050601,0.364016,0.280228,-0.215597,0.173240,0.027481,0.023698,0.176174,0.225252,0.349501,0.307232,-0.030475,-0.202798,-0.225651,0.166591,0.124808
0.310543,0.254471,0.272960,0.428300,-0.139370,-0.065646,0.269629,-0.113582,0.326259,0.520856,0.000000,0.577359,0.226537,0.122600,0.028524,0.346286,-0.159293,0.326042,0.149540,0.391016,0.309207,0.149980,-0.210105,0.189207,0.011201,0.257099,0.285365,0.470546,0.454616,0.676496,0.332566,0.081263,0.098963,0.627643,0.581199
0.169617,0.285634,-0.001109,0.111476,-0.105642,-0.008359,0.124252,-0.190716,0.379034,0.572982,0.577359,0.000000,0.491440,-0.177864,-0.220544,-0.077903,-0.404225,0.038967,-0.042292,0.049037,0.132061,0.049359,-0.410868,0.208068,-0.081632,0.222959,0.360948,0.095703,0.476747,0.420735,0.218829,0.188946,-0.023979,0.390435,0.343671
-0.156249,-0.030157,-0.100142,0.021357,0.009720,0.004874,0.179782,-0.155150,0.487596,0.252145,0.226537,0.491440,0.000000,-0.206295,-0.207419,-0.080452,-0.374989,0.091397,-0.111177,0.021817,0.014738,-0.135940,-0.298194,-0.053222,-0.060626,-0.193911,-0.022186,0.056086,0.480477,0.303971,0.289876,0.252991,0.097914,0.065179,0.021129
0.019519,-0.112746,0.587864,0.446160,0.278036,0.129725,0.084580,0.395597,0.242643,0.149739,0.122600,-0.177864,-0.206295,0.000000,0.676765,0.696413,0.703952,0.432773,0.418248,0.425710,0.356298,0.253947,0.503035,0.033457,0.348791,-0.104248,-0.107216,0.405054,0.078908,0.158940,0.204336,-0.014084,0.248981,0.084464,0.110277
0.041292,-0.013415,0.536563,0.466532,0.325423,0.189452,0.215344,0.308923,0.289852,0.284551,0.028524,-0.220544,-0.207419,0.676765,0.000000,0.438858,0.646394,0.404377,0.394391,0.239301,0.391484,0.400766,0.486588,0.102045,0.304116,-0.169462,-0.131748,0.385100,-0.030573,0.053859,0.047486,-0.183118,0.139421,-0.083764,-0.012683
0.040350,-0.132022,0.448950,0.428906,0.128195,-0.032186,0.048734,0.242648,0.192398,0.097521,0.346286,-0.077903,-0.080452,0.696413,0.438858,0.000000,0.526199,0.432003,0.373591,0.571038,0.300268,0.120391,0.398033,-0.009331,0.225151,-0.047377,-0.088492,0.500217,0.240550,0.442861,0.431905,0.153631,0.364982,0.344932,0.318015
0.034935,-0.034694,0.495367,0.282520,0.311148,0.161567,-0.105410,0.481738,-0.062578,-0.081782,-0.159293,-0.404225,-0.374989,0.703952,0.646394,0.526199,0.000000,0.303281,0.463048,0.291844,0.240973,0.244835,0.656577,0.082421,0.326522,-0.031961,-0.126473,0.210347,-0.146193,-0.065446,0.100905,-0.060047,0.228432,-0.051901,-0.010369
0.103367,-0.095991,0.406758,0.443930,0.166981,0.144515,0.465986,0.192626,0.245989,0.278907,0.326042,0.038967,0.091397,0.432773,0.404377,0.432003,0.303281,0.000000,0.593467,0.668843,0.539830,0.256625,0.230986,0.070287,0.453207,0.088929,0.110941,0.392136,0.197095,0.273594,0.140952,-0.068593,0.200648,0.230619,0.259087
0.225082,0.062317,0.373548,0.381266,0.274756,0.113835,0.227650,0.179044,0.055314,0.085553,0.149540,-0.042292,-0.111177,0.418248,0.394391,0.373591,0.463048,0.593467,0.000000,0.510734,0.403843,0.303861,0.390711,0.203891,0.378842,0.193648,0.130107,0.285026,0.104102,0.173227,0.143924,-0.034522,0.234228,0.112223,0.171838
0.191660,0.064335,0.370808,0.364891,0.121708,-0.067819,0.237326,0.092292,0.021294,0.050601,0.391016,0.049037,0.021817,0.425710,0.239301,0.571038,0.291844,0.668843,0.510734,0.000000,0.373942,0.149851,0.201580,0.159306,0.317024,0.171609,0.129693,0.455412,0.324566,0.477593,0.430457,0.266806,0.466877,0.481771,0.511088
0.202804,0.003749,0.385349,0.382209,0.054690,0.020974,0.242637,0.131870,0.211122,0.364016,0.309207,0.132061,0.014738,0.356298,0.391484,0.300268,0.240973,0.539830,0.403843,0.373942,0.000000,0.441401,0.193440,0.129998,0.390372,0.075403,0.067530,0.454388,0.285153,0.115068,-0.063094,-0.191366,0.031102,0.227292,0.279458
0.446487,0.352549,0.229444,0.315424,0.113279,-0.001960,0.165222,-0.053808,0.134313,0.280228,0.149980,0.049359,-0.135940,0.253947,0.400766,0.120391,0.244835,0.256625,0.303861,0.149851,0.441401,0.000000,0.315342,0.601202,0.078875,0.335799,0.280528,0.454770,0.278884,0.062097,-0.013071,0.016487,0.045964,0.059845,0.130637
-0.065339,-0.131304,0.319418,0.206952,0.381652,0.014748,-0.223105,0.300420,-0.021029,-0.215597,-0.210105,-0.410868,-0.298194,0.503035,0.486588,0.398033,0.656577,0.230986,0.390711,0.201580,0.193440,0.315342,0.000000,0.170882,0.292722,-0.012722,-0.103584,0.245266,-0.140723,-0.072326,0.191146,0.053839,0.336291,-0.038343,-0.008232
0.521323,0.636337,0.167722,0.174422,0.030220,-0.021754,0.034261,-0.112345,0.007779,0.173240,0.189207,0.208068,-0.053222,0.033457,0.102045,-0.009331,0.082421,0.070287,0.203891,0.159306,0.129998,0.601202,0.170882,0.000000,0.000756,0.559863,0.543044,0.279552,0.268513,0.175286,0.297620,0.349442,0.221159,0.220363,0.226418
-0.029171,-0.125583,0.359901,0.253722,0.213330,0.297175,0.188792,0.087837,0.112608,0.027481,0.011201,-0.081632,-0.060626,0.348791,0.304116,0.225151,0.326522,0.453207,0.378842,0.317024,0.390372,0.078875,0.292722,0.000756,0.000000,0.108153,0.148231,0.127729,-0.038222,-0.038171,0.034946,-0.017175,0.267409,0.031730,0.054889
0.648166,0.597949,0.131251,0.168781,-0.209558,-0.129025,-0.019376,-0.114007,-0.241556,0.023698,0.257099,0.222959,-0.193911,-0.104248,-0.169462,-0.047377,-0.031961,0.088929,0.193648,0.171609,0.075403,0.335799,-0.012722,0.559863,0.108153,0.000000,0.766867,0.130387,0.120234,0.103879,0.086693,0.241754,0.089068,0.356763,0.345132
0.552011,0.578217,0.179878,0.234033,-0.149800,-0.057618,0.078231,-0.074147,0.002312,0.176174,0.285365,0.360948,-0.022186,-0.107216,-0.131748,-0.088492,-0.126473,0.110941,0.130107,0.129693,0.067530,0.280528,-0.103584,0.543044,0.148231,0.766867,0.000000,0.143658,0.168116,0.115499,0.146577,0.323268,0.158865,0.308764,0.264141
0.270849,0.133524,0.456451,0.546423,0.080199,-0.128872,0.163698,0.046404,0.335541,0.225252,0.470546,0.095703,0.056086,0.405054,0.385100,0.500217,0.210347,0.392136,0.285026,0.455412,0.454388,0.454770,0.245266,0.279552,0.127729,0.130387,0.143658,0.000000,0.466906,0.492189,0.353622,0.170603,0.415001,0.374360,0.371415
0.196539,0.232430,0.009001,0.189192,-0.073561,-0.110812,0.209932,-0.154835,0.414846,0.349501,0.454616,0.476747,0.480477,0.078908,-0.030573,0.240550,-0.146193,0.197095,0.104102,0.324566,0.285153,0.278884,-0.140723,0.268513,-0.038222,0.120234,0.168116,0.466906,0.000000,0.538313,0.343148,0.366615,0.216342,0.294987,0.282838
0.236784,0.253408,0.147139,0.266963,-0.038956,-0.028882,0.156542,-0.143804,0.307702,0.307232,0.676496,0.420735,0.303971,0.158940,0.053859,0.442861,-0.065446,0.273594,0.173227,0.477593,0.115068,0.062097,-0.072326,0.175286,-0.038171,0.103879,0.115499,0.492189,0.538313,0.000000,0.603785,0.329562,0.353073,0.526683,0.461005
0.113640,0.257462,0.216962,0.180044,0.150035,-0.038220,-0.092617,-0.066925,0.164527,-0.030475,0.332566,0.218829,0.289876,0.204336,0.047486,0.431905,0.100905,0.140952,0.143924,0.430457,-0.063094,-0.013071,0.191146,0.297620,0.034946,0.086693,0.146577,0.353622,0.343148,0.603785,0.000000,0.658555,0.647927,0.427464,0.372783
0.178382,0.346159,-0.031240,-0.103961,0.174097,-0.193317,-0.206926,-0.230144,-0.012735,-0.202798,0.081263,0.188946,0.252991,-0.014084,-0.183118,0.153631,-0.060047,-0.068593,-0.034522,0.266806,-0.191366,0.016487,0.053839,0.349442,-0.017175,0.241754,0.323268,0.170603,0.366615,0.329562,0.658555,0.000000,0.563864,0.310805,0.271667
0.074339,0.134291,0.296618,0.210319,0.256631,-0.031905,-0.092944,-0.018541,0.035347,-0.225651,0.098963,-0.023979,0.097914,0.248981,0.139421,0.364982,0.228432,0.200648,0.234228,0.466877,0.031102,0.045964,0.336291,0.221159,0.267409,0.089068,0.158865,0.415001,0.216342,0.353073,0.647927,0.563864,0.000000,0.268233,0.250246
0.310726,0.239978,0.252355,0.273897,-0.020820,-0.144006,-0.057097,-0.037746,0.012858,0.166591,0.627643,0.390435,0.065179,0.084464,-0.083764,0.344932,-0.051901,0.230619,0.112223,0.481771,0.227292,0.059845,-0.038343,0.220363,0.031730,0.356763,0.308764,0.374360,0.294987,0.526683,0.427464,0.310805,0.268233,0.000000,0.815155
0.304973,0.245675,0.250940,0.283444,0.004041,-0.193422,0.008659,-0.115878,-0.050279,0.124808,0.581199,0.343671,0.021129,0.110277,-0.012683,0.318015,-0.010369,0.259087,0.171838,0.511088,0.279458,0.130637,-0.008232,0.226418,0.054889,0.345132,0.264141,0.371415,0.282838,0.461005,0.372783,0.271667,0.250246,0.815155,0.000000
