0.000000,0.799626,0.154112,0.144610,0.296584,-0.071573,-0.040921,0.003395,-0.063016,0.176762,0.301223,0.162572,-0.021091,0.055717,0.201983,0.160241,0.221751,0.388056,0.376489,0.247472,0.242431,0.634213,0.124599,0.583266,0.242013,0.520954,0.485309,0.330818,0.147142,0.323512,0.320674,0.173151,0.272111,0.264364,0.231151
0.799626,0.000000,0.118764,0.096660,0.295305,-0.092239,-0.052156,-0.017625,0.003999,0.289957,0.272924,0.295936,0.124563,0.094389,0.263688,0.208773,0.232500,0.406441,0.411622,0.257327,0.279807,0.534531,0.212574,0.644146,0.239092,0.550617,0.498405,0.292530,0.220756,0.224237,0.297566,0.289510,0.230248,0.266140,0.222569
0.154112,0.118764,0.000000,0.899751,0.519680,0.285235,-0.178480,0.161711,0.202176,0.132676,0.336075,0.108716,-0.023923,0.215251,0.143279,0.307646,0.358859,0.328371,0.130511,0.210975,0.368636,0.347380,0.091404,0.395619,0.141240,0.232928,0.319388,0.378973,0.167715,0.342828,0.392070,0.066832,0.257233,0.479453,0.454488
0.144610,0.096660,0.899751,0.000000,0.604831,0.277286,-0.107570,0.120035,0.242125,0.183964,0.376330,0.117547,-0.053385,0.298749,0.223249,0.331752,0.359165,0.344916,0.154563,0.216418,0.378089,0.365203,0.131435,0.386894,0.141633,0.222426,0.294706,0.405423,0.189338,0.383786,0.411134,0.067291,0.268607,0.529925,0.517363
0.296584,0.295305,0.519680,0.604831,0.000000,0.216575,-0.016274,0.070319,0.116555,0.156452,0.363861,0.159836,-0.172563,0.362233,0.315002,0.396405,0.413177,0.422270,0.315023,0.238385,0.434061,0.533017,0.342202,0.584566,0.275678,0.329196,0.307118,0.383278,0.108160,0.272853,0.289297,0.027284,0.278720,0.474072,0.479113
-0.071573,-0.092239,0.285235,0.277286,0.216575,0.000000,0.034199,0.159839,0.144705,0.004023,0.132942,-0.132859,0.042695,0.040024,-0.067853,0.131241,0.200049,0.081621,-0.075170,0.050870,0.127443,0.032023,0.121956,0.043013,0.008511,0.082877,0.018808,0.053399,0.058462,0.001746,-0.017725,-0.007458,-0.098317,0.134662,0.144868
-0.040921,-0.052156,-0.178480,-0.107570,-0.016274,0.034199,0.000000,-0.203846,-0.217414,-0.094314,-0.148568,-0.182377,-0.127895,-0.220546,0.009081,-0.203469,-0.272070,-0.012892,-0.137258,-0.012788,-0.362526,-0.317762,-0.286302,-0.299757,-0.287124,-0.261077,-0.326311,-0.280255,-0.246962,-0.154419,-0.256223,-0.132338,-0.359299,-0.131819,-0.146729
0.003395,-0.017625,0.161711,0.120035,0.070319,0.159839,-0.203846,0.000000,0.013022,-0.126532,-0.041024,0.050605,-0.046711,0.009475,-0.088392,0.042512,0.037759,-0.020679,0.070720,-0.030466,0.046960,0.147919,0.135918,0.123777,0.041697,0.145509,0.220405,0.062912,0.003209,-0.012041,-0.031921,-0.099083,0.061186,-0.001963,0.014562
-0.063016,0.003999,0.202176,0.242125,0.116555,0.144705,-0.217414,0.013022,0.000000,0.571517,0.490945,0.498247,0.513430,0.330032,-0.055248,0.083087,-0.030203,0.057212,0.033383,-0.021102,0.285804,0.155912,0.114815,0.150592,0.130770,0.296372,0.287030,0.352192,0.612641,0.201897,0.417806,0.410848,0.396173,0.182997,0.186628
0.176762,0.289957,0.132676,0.183964,0.156452,0.004023,-0.094314,-0.126532,0.571517,0.000000,0.502210,0.569052,0.302846,0.270374,0.294420,0.161926,0.121767,0.259048,0.205368,0.176643,0.176704,0.107480,0.108065,0.120739,0.074037,0.296111,0.277093,0.242651,0.384454,0.257962,0.363629,0.337296,0.223662,0.251577,0.246114
0.301223,0.272924,0.336075,0.376330,0.363861,0.132942,-0.148568,-0.041024,0.490945,0.502210,0.000000,0.357799,0.097995,0.428287,0.108738,0.392331,0.288995,0.382311,0.263052,0.266330,0.361908,0.316250,0.080849,0.359610,0.263274,0.283165,0.350216,0.482534,0.340122,0.591794,0.663634,0.199123,0.337574,0.595202,0.566678
0.162572,0.295936,0.108716,0.117547,0.159836,-0.132859,-0.182377,0.050605,0.498247,0.569052,0.357799,0.000000,0.266099,0.318328,0.183418,0.199813,-0.012943,0.181820,0.342316,0.067829,0.185340,0.199558,0.227370,0.238311,0.202086,0.270589,0.270985,0.203703,0.286905,0.101037,0.284906,0.339904,0.268757,0.116534,0.102555
-0.021091,0.124563,-0.023923,-0.053385,-0.172563,0.042695,-0.127895,-0.046711,0.513430,0.302846,0.097995,0.266099,0.000000,-0.036223,-0.201928,-0.112867,-0.185988,0.027011,-0.024555,-0.026996,0.087079,0.068424,0.063431,0.019165,0.046263,0.258028,0.076038,0.101611,0.463082,-0.027684,0.161473,0.507790,0.207531,0.009625,-0.034192
0.055717,0.094389,0.215251,0.298749,0.362233,0.040024,-0.220546,0.009475,0.330032,0.270374,0.428287,0.318328,-0.036223,0.000000,0.496492,0.674606,0.408389,0.196052,0.192566,0.083985,0.276181,0.207905,0.343490,0.221345,0.286833,0.150026,0.181969,0.352038,0.298522,0.297839,0.462794,0.177694,0.267781,0.350400,0.341971
0.201983,0.263688,0.143279,0.223249,0.315002,-0.067853,0.009081,-0.088392,-0.055248,0.294420,0.108738,0.183418,-0.201928,0.496492,0.000000,0.533044,0.432256,0.173826,0.226015,0.082001,0.052110,0.190131,0.351262,0.157576,0.079272,0.110432,0.137649,0.053307,0.057148,0.160988,0.157749,0.074566,0.016924,0.204879,0.198988
0.160241,0.208773,0.307646,0.331752,0.396405,0.131241,-0.203469,0.042512,0.083087,0.161926,0.392331,0.199813,-0.112867,0.674606,0.533044,0.000000,0.695712,0.366010,0.292135,0.235154,0.254612,0.290565,0.385466,0.288586,0.300113,0.153676,0.193987,0.311944,0.140781,0.344942,0.410072,0.145061,0.173346,0.491083,0.462384
0.221751,0.232500,0.358859,0.359165,0.413177,0.200049,-0.272070,0.037759,-0.030203,0.121767,0.288995,-0.012943,-0.185988,0.408389,0.432256,0.695712,0.000000,0.291539,0.138768,0.240297,0.269381,0.318193,0.372590,0.331841,0.141889,0.174295,0.248478,0.268518,0.115732,0.319226,0.355782,0.062520,0.143024,0.417501,0.422901
0.388056,0.406441,0.328371,0.344916,0.422270,0.081621,-0.012892,-0.020679,0.057212,0.259048,0.382311,0.181820,0.027011,0.196052,0.173826,0.366010,0.291539,0.000000,0.678495,0.824021,0.341246,0.292655,0.119814,0.305656,0.395975,0.196430,0.110512,0.336787,0.178032,0.375526,0.373938,0.258017,0.036777,0.594024,0.553814
0.376489,0.411622,0.130511,0.154563,0.315023,-0.075170,-0.137258,0.070720,0.033383,0.205368,0.263052,0.342316,-0.024555,0.192566,0.226015,0.292135,0.138768,0.678495,0.000000,0.527942,0.304898,0.367994,0.300773,0.376969,0.486311,0.300301,0.237389,0.253898,0.122142,0.262368,0.256216,0.244171,0.142986,0.358358,0.327274
0.247472,0.257327,0.210975,0.216418,0.238385,0.050870,-0.012788,-0.030466,-0.021102,0.176643,0.266330,0.067829,-0.026996,0.083985,0.082001,0.235154,0.240297,0.824021,0.527942,0.000000,0.263323,0.084542,-0.104530,0.106776,0.317442,0.032778,0.006773,0.263857,0.104653,0.301640,0.298328,0.209241,-0.035530,0.496664,0.488796
0.242431,0.279807,0.368636,0.378089,0.434061,0.127443,-0.362526,0.046960,0.285804,0.176704,0.361908,0.185340,0.087079,0.276181,0.052110,0.254612,0.269381,0.341246,0.304898,0.263323,0.000000,0.582560,0.289234,0.606824,0.659224,0.316142,0.261160,0.589321,0.280716,0.332647,0.437471,0.259644,0.490776,0.416900,0.424747
0.634213,0.534531,0.347380,0.365203,0.533017,0.032023,-0.317762,0.147919,0.155912,0.107480,0.316250,0.199558,0.068424,0.207905,0.190131,0.290565,0.318193,0.292655,0.367994,0.084542,0.582560,0.000000,0.424194,0.819894,0.448450,0.620993,0.570346,0.470283,0.268683,0.281555,0.345135,0.206683,0.549387,0.389765,0.368862
0.124599,0.212574,0.091404,0.131435,0.342202,0.121956,-0.286302,0.135918,0.114815,0.108065,0.080849,0.227370,0.063431,0.343490,0.351262,0.385466,0.372590,0.119814,0.300773,-0.104530,0.289234,0.424194,0.000000,0.373984,0.269379,0.378534,0.230640,0.108166,0.202097,0.009199,0.041952,0.173341,0.153399,0.170352,0.165727
0.583266,0.644146,0.395619,0.386894,0.584566,0.043013,-0.299757,0.123777,0.150592,0.120739,0.359610,0.238311,0.019165,0.221345,0.157576,0.288586,0.331841,0.305656,0.376969,0.106776,0.606824,0.819894,0.373984,0.000000,0.442780,0.608868,0.601670,0.512247,0.279943,0.325029,0.433625,0.214752,0.525175,0.397278,0.376171
0.242013,0.239092,0.141240,0.141633,0.275678,0.008511,-0.287124,0.041697,0.130770,0.074037,0.263274,0.202086,0.046263,0.286833,0.079272,0.300113,0.141889,0.395975,0.486311,0.317442,0.659224,0.448450,0.269379,0.442780,0.000000,0.171708,0.103781,0.413275,0.210077,0.262109,0.334383,0.290081,0.357529,0.282553,0.256502
0.520954,0.550617,0.232928,0.222426,0.329196,0.082877,-0.261077,0.145509,0.296372,0.296111,0.283165,0.270589,0.258028,0.150026,0.110432,0.153676,0.174295,0.196430,0.300301,0.032778,0.316142,0.620993,0.378534,0.608868,0.171708,0.000000,0.802838,0.323098,0.444271,0.193794,0.306374,0.365752,0.491983,0.294582,0.269613
0.485309,0.498405,0.319388,0.294706,0.307118,0.018808,-0.326311,0.220405,0.287030,0.277093,0.350216,0.270985,0.076038,0.181969,0.137649,0.193987,0.248478,0.110512,0.237389,0.006773,0.261160,0.570346,0.230640,0.601670,0.103781,0.802838,0.000000,0.409298,0.410233,0.296603,0.399143,0.263639,0.563208,0.284742,0.280645
0.330818,0.292530,0.378973,0.405423,0.383278,0.053399,-0.280255,0.062912,0.352192,0.242651,0.482534,0.203703,0.101611,0.352038,0.053307,0.311944,0.268518,0.336787,0.253898,0.263857,0.589321,0.470283,0.108166,0.512247,0.413275,0.323098,0.409298,0.000000,0.377479,0.625030,0.664939,0.263024,0.630326,0.430396,0.432505
0.147142,0.220756,0.167715,0.189338,0.108160,0.058462,-0.246962,0.003209,0.612641,0.384454,0.340122,0.286905,0.463082,0.298522,0.057148,0.140781,0.115732,0.178032,0.122142,0.104653,0.280716,0.268683,0.202097,0.279943,0.210077,0.444271,0.410233,0.377479,0.000000,0.383704,0.519133,0.673418,0.471361,0.211416,0.218259
0.323512,0.224237,0.342828,0.383786,0.272853,0.001746,-0.154419,-0.012041,0.201897,0.257962,0.591794,0.101037,-0.027684,0.297839,0.160988,0.344942,0.319226,0.375526,0.262368,0.301640,0.332647,0.281555,0.009199,0.325029,0.262109,0.193794,0.296603,0.625030,0.383704,0.000000,0.780089,0.208847,0.378110,0.492436,0.473131
0.320674,0.297566,0.392070,0.411134,0.289297,-0.017725,-0.256223,-0.031921,0.417806,0.363629,0.663634,0.284906,0.161473,0.462794,0.157749,0.410072,0.355782,0.373938,0.256216,0.298328,0.437471,0.345135,0.041952,0.433625,0.334383,0.306374,0.399143,0.664939,0.519133,0.780089,0.000000,0.376057,0.524456,0.479179,0.463041
0.173151,0.289510,0.066832,0.067291,0.027284,-0.007458,-0.132338,-0.099083,0.410848,0.337296,0.199123,0.339904,0.507790,0.177694,0.074566,0.145061,0.062520,0.258017,0.244171,0.209241,0.259644,0.206683,0.173341,0.214752,0.290081,0.365752,0.263639,0.263024,0.673418,0.208847,0.376057,0.000000,0.326803,0.152996,0.138246
0.272111,0.230248,0.257233,0.268607,0.278720,-0.098317,-0.359299,0.061186,0.396173,0.223662,0.337574,0.268757,0.207531,0.267781,0.016924,0.173346,0.143024,0.036777,0.142986,-0.035530,0.490776,0.549387,0.153399,0.525175,0.357529,0.491983,0.563208,0.630326,0.471361,0.378110,0.524456,0.326803,0.000000,0.297837,0.316130
0.264364,0.266140,0.479453,0.529925,0.474072,0.134662,-0.131819,-0.001963,0.182997,0.251577,0.595202,0.116534,0.009625,0.350400,0.204879,0.491083,0.417501,0.594024,0.358358,0.496664,0.416900,0.389765,0.170352,0.397278,0.282553,0.294582,0.284742,0.430396,0.211416,0.492436,0.479179,0.152996,0.297837,0.000000,0.921827
0.231151,0.222569,0.454488,0.517363,0.479113,0.144868,-0.146729,0.014562,0.186628,0.246114,0.566678,0.102555,-0.034192,0.341971,0.198988,0.462384,0.422901,0.553814,0.327274,0.488796,0.424747,0.368862,0.165727,0.376171,0.256502,0.269613,0.280645,0.432505,0.218259,0.473131,0.463041,0.138246,0.316130,0.921827,0.000000
