0.000000,0.830242,0.181663,0.253211,0.106056,-0.266012,-0.047563,-0.253168,0.048511,0.423196,0.376779,0.420785,0.299430,-0.185954,0.034212,-0.011756,0.032545,0.379700,0.338313,0.360660,0.151438,0.528694,-0.011275,0.456392,0.000809,0.444127,0.346030,0.268372,-0.033347,0.389866,0.168056,0.066904,0.205289,0.398235,0.379563
0.830242,0.000000,0.207869,0.251383,0.006222,-0.216985,-0.040250,-0.186633,0.098336,0.450201,0.416005,0.525034,0.333888,-0.148328,0.086998,0.066378,0.133448,0.336492,0.299271,0.322844,0.134714,0.468197,-0.007808,0.548388,-0.009239,0.398879,0.390719,0.256478,0.059921,0.439392,0.309441,0.203693,0.242564,0.403481,0.377587
0.181663,0.207869,0.000000,0.740155,0.234456,0.248192,-0.184997,0.070184,-0.069748,0.171534,0.307080,0.237687,0.078942,0.060143,0.050250,0.126983,0.252891,0.193944,0.154868,0.285816,0.165438,0.273381,-0.009778,0.334990,-0.029872,0.154757,0.185418,0.328790,0.057074,0.286451,0.253095,0.217244,0.265321,0.350961,0.372472
0.253211,0.251383,0.740155,0.000000,0.355687,0.141415,-0.074272,-0.046923,-0.022444,0.197097,0.299946,0.208668,0.043952,0.167570,0.223939,0.287011,0.296176,0.431236,0.267617,0.463674,0.312681,0.425768,0.046503,0.431887,0.068177,0.188396,0.195752,0.325225,0.072981,0.249120,0.129018,0.046942,0.120557,0.473561,0.520854
0.106056,0.006222,0.234456,0.355687,0.000000,-0.075915,0.097448,-0.113413,0.014819,0.099036,0.273811,0.101453,-0.071559,-0.012253,0.029618,0.045590,0.028843,0.344644,0.247353,0.326854,-0.051000,0.140209,-0.048680,0.029629,-0.155805,0.014147,0.036385,0.006111,-0.189466,-0.009826,-0.060485,-0.166286,-0.029250,0.171677,0.218189
-0.266012,-0.216985,0.248192,0.141415,-0.075915,0.000000,-0.274064,0.273968,-0.121334,-0.075702,-0.045880,-0.092505,-0.058835,0.158972,0.009595,0.139958,0.317593,-0.334775,-0.276630,-0.267724,-0.236810,-0.089751,-0.048880,-0.081649,-0.215061,0.124694,0.140395,-0.107778,0.155087,-0.046850,0.016150,0.116565,-0.134591,-0.099152,-0.086647
-0.047563,-0.040250,-0.184997,-0.074272,0.097448,-0.274064,0.000000,-0.192252,-0.134518,-0.153935,-0.008864,-0.083564,-0.014024,-0.193416,-0.212360,-0.153604,-0.285529,0.066498,0.070148,0.120749,-0.105113,-0.260133,-0.300093,-0.208042,-0.137602,-0.204986,-0.235284,-0.001799,-0.199696,0.087288,-0.078189,-0.135235,-0.046269,-0.033166,-0.045211
-0.253168,-0.186633,0.070184,-0.046923,-0.113413,0.273968,-0.192252,0.000000,-0.015669,-0.066029,-0.085462,-0.089965,-0.053947,0.118515,0.049729,0.075687,0.133782,-0.203023,-0.190377,-0.183307,-0.027310,-0.025338,0.084134,0.009695,0.065121,0.064602,0.183576,0.039505,0.134994,0.014624,0.058326,0.016660,0.005021,-0.112933,-0.086153
0.048511,0.098336,-0.069748,-0.022444,0.014819,-0.121334,-0.134518,-0.015669,0.000000,0.524481,0.302660,0.363752,0.218517,0.329061,0.333242,0.116650,0.238700,-0.069236,-0.145576,-0.072096,0.156045,0.188702,-0.045983,0.061124,0.083856,0.166960,0.103226,0.079627,0.294347,-0.039347,0.182353,0.125029,0.133878,-0.129791,-0.124455
0.423196,0.450201,0.171534,0.197097,0.099036,-0.075702,-0.153935,-0.066029,0.524481,0.000000,0.612286,0.704097,0.340583,-0.080008,0.098484,-0.020221,0.212398,0.166664,0.104211,0.159224,0.164394,0.398747,-0.133154,0.304218,0.079916,0.359829,0.273316,0.155075,0.019144,0.240135,0.228795,0.061059,0.210107,0.252786,0.247125
0.376779,0.416005,0.307080,0.299946,0.273811,-0.045880,-0.008864,-0.085462,0.302660,0.612286,0.000000,0.609106,0.355596,-0.203971,-0.007688,-0.051097,0.129420,0.182557,0.023037,0.225522,0.035207,0.380902,-0.177270,0.364755,-0.081582,0.422665,0.385907,0.178212,0.022225,0.463069,0.367025,0.101005,0.270038,0.445512,0.455898
0.420785,0.525034,0.237687,0.208668,0.101453,-0.092505,-0.083564,-0.089965,0.363752,0.704097,0.609106,0.000000,0.404342,-0.097966,0.127393,0.015746,0.206248,0.214354,0.128806,0.216622,0.149899,0.368023,-0.091472,0.358551,0.096317,0.311574,0.295446,0.209194,0.080241,0.327564,0.492849,0.349603,0.353875,0.257574,0.264322
0.299430,0.333888,0.078942,0.043952,-0.071559,-0.058835,-0.014024,-0.053947,0.218517,0.340583,0.355596,0.404342,0.000000,-0.229284,-0.185172,-0.130671,0.022637,0.050626,0.023081,0.123961,0.050148,0.244758,-0.122200,0.278511,0.035111,0.366029,0.363272,0.095214,-0.048393,0.148687,0.108605,0.166680,0.169435,0.199585,0.167234
-0.185954,-0.148328,0.060143,0.167570,-0.012253,0.158972,-0.193416,0.118515,0.329061,-0.080008,-0.203971,-0.097966,-0.229284,0.000000,0.734255,0.783374,0.583840,-0.017286,-0.148784,-0.065646,0.152626,0.036008,0.238467,-0.047015,0.060915,-0.083768,-0.058058,0.090194,0.340694,-0.228827,0.088271,0.056768,-0.140078,-0.163855,-0.136875
0.034212,0.086998,0.050250,0.223939,0.029618,0.009595,-0.212360,0.049729,0.333242,0.098484,-0.007688,0.127393,-0.185172,0.734255,0.000000,0.671029,0.523000,0.133105,-0.099757,0.019689,0.284248,0.270105,0.338836,0.164189,0.233664,-0.069138,-0.033160,0.194971,0.421616,0.032564,0.264258,0.162573,0.002277,-0.000756,0.034435
-0.011756,0.066378,0.126983,0.287011,0.045590,0.139958,-0.153604,0.075687,0.116650,-0.020221,-0.051097,0.015746,-0.130671,0.783374,0.671029,0.000000,0.636493,0.182250,-0.015086,0.121943,0.207095,0.136757,0.291969,0.160222,0.098213,0.019293,0.094397,0.085057,0.211777,-0.086409,0.136142,0.026847,-0.161629,0.109731,0.139866
0.032545,0.133448,0.252891,0.296176,0.028843,0.317593,-0.285529,0.133782,0.238700,0.212398,0.129420,0.206248,0.022637,0.583840,0.523000,0.636493,0.000000,-0.064573,-0.158303,-0.078995,0.003194,0.176087,0.198065,0.186233,-0.058860,0.194349,0.270188,0.133037,0.261294,0.093752,0.306462,0.180830,-0.006526,0.098846,0.121615
0.379700,0.336492,0.193944,0.431236,0.344644,-0.334775,0.066498,-0.203023,-0.069236,0.166664,0.182557,0.214354,0.050626,-0.017286,0.133105,0.182250,-0.064573,0.000000,0.732043,0.801843,0.457145,0.309349,0.110589,0.283879,0.266898,0.073716,0.052805,0.308989,-0.119194,0.155835,0.026416,-0.072945,0.106971,0.458536,0.466961
0.338313,0.299271,0.154868,0.267617,0.247353,-0.276630,0.070148,-0.190377,-0.145576,0.104211,0.023037,0.128806,0.023081,-0.148784,-0.099757,-0.015086,-0.158303,0.732043,0.000000,0.684835,0.291753,0.146798,-0.052437,0.138432,0.127255,0.010385,-0.009471,0.242049,-0.243565,0.053739,-0.076702,-0.093246,0.102002,0.250942,0.249373
0.360660,0.322844,0.285816,0.463674,0.326854,-0.267724,0.120749,-0.183307,-0.072096,0.159224,0.225522,0.216622,0.123961,-0.065646,0.019689,0.121943,-0.078995,0.801843,0.684835,0.000000,0.328382,0.204633,-0.131954,0.199301,0.164429,0.020700,0.022455,0.323270,-0.127576,0.195260,0.082296,0.019168,0.166651,0.418439,0.408289
0.151438,0.134714,0.165438,0.312681,-0.051000,-0.236810,-0.105113,-0.027310,0.156045,0.164394,0.035207,0.149899,0.050148,0.152626,0.284248,0.207095,0.003194,0.457145,0.291753,0.328382,0.000000,0.417652,0.367957,0.403560,0.727209,0.054064,-0.048073,0.353013,0.158400,0.059289,0.067776,0.020586,0.176262,0.200132,0.216486
0.528694,0.468197,0.273381,0.425768,0.140209,-0.089751,-0.260133,-0.025338,0.188702,0.398747,0.380902,0.368023,0.244758,0.036008,0.270105,0.136757,0.176087,0.309349,0.146798,0.204633,0.417652,0.000000,0.313577,0.790599,0.252016,0.507168,0.368298,0.405988,0.183354,0.339070,0.169202,0.028394,0.212401,0.402828,0.418992
-0.011275,-0.007808,-0.009778,0.046503,-0.048680,-0.048880,-0.300093,0.084134,-0.045983,-0.133154,-0.177270,-0.091472,-0.122200,0.238467,0.338836,0.291969,0.198065,0.110589,-0.052437,-0.131954,0.367957,0.313577,0.000000,0.344607,0.401838,0.060467,0.029954,0.081292,0.128360,-0.033714,0.032750,0.024400,-0.017252,0.059276,0.080272
0.456392,0.548388,0.334990,0.431887,0.029629,-0.081649,-0.208042,0.009695,0.061124,0.304218,0.364755,0.358551,0.278511,-0.047015,0.164189,0.160222,0.186233,0.283879,0.138432,0.199301,0.403560,0.790599,0.344607,0.000000,0.280527,0.471629,0.441822,0.333462,0.133199,0.356287,0.220051,0.104836,0.228976,0.473518,0.485986
0.000809,-0.009239,-0.029872,0.068177,-0.155805,-0.215061,-0.137602,0.065121,0.083856,0.079916,-0.081582,0.096317,0.035111,0.060915,0.233664,0.098213,-0.058860,0.266898,0.127255,0.164429,0.727209,0.252016,0.401838,0.280527,0.000000,-0.115125,-0.115787,0.159678,0.101263,-0.022082,0.097001,0.052722,0.107709,0.030746,0.049136
0.444127,0.398879,0.154757,0.188396,0.014147,0.124694,-0.204986,0.064602,0.166960,0.359829,0.422665,0.311574,0.366029,-0.083768,-0.069138,0.019293,0.194349,0.073716,0.010385,0.020700,0.054064,0.507168,0.060467,0.471629,-0.115125,0.000000,0.777295,0.136973,0.098248,0.184381,0.018649,0.017388,0.098072,0.322247,0.332269
0.346030,0.390719,0.185418,0.195752,0.036385,0.140395,-0.235284,0.183576,0.103226,0.273316,0.385907,0.295446,0.363272,-0.058058,-0.033160,0.094397,0.270188,0.052805,-0.009471,0.022455,-0.048073,0.368298,0.029954,0.441822,-0.115787,0.777295,0.000000,0.052987,0.131465,0.185250,0.107308,0.071567,0.055311,0.291592,0.321282
0.268372,0.256478,0.328790,0.325225,0.006111,-0.107778,-0.001799,0.039505,0.079627,0.155075,0.178212,0.209194,0.095214,0.090194,0.194971,0.085057,0.133037,0.308989,0.242049,0.323270,0.353013,0.405988,0.081292,0.333462,0.159678,0.136973,0.052987,0.000000,0.371013,0.499691,0.410978,0.314283,0.531049,0.242193,0.233723
-0.033347,0.059921,0.057074,0.072981,-0.189466,0.155087,-0.199696,0.134994,0.294347,0.019144,0.022225,0.080241,-0.048393,0.340694,0.421616,0.211777,0.261294,-0.119194,-0.243565,-0.127576,0.158400,0.183354,0.128360,0.133199,0.101263,0.098248,0.131465,0.371013,0.000000,0.375104,0.514106,0.593368,0.279040,-0.004690,0.012919
0.389866,0.439392,0.286451,0.249120,-0.009826,-0.046850,0.087288,0.014624,-0.039347,0.240135,0.463069,0.327564,0.148687,-0.228827,0.032564,-0.086409,0.093752,0.155835,0.053739,0.195260,0.059289,0.339070,-0.033714,0.356287,-0.022082,0.184381,0.185250,0.499691,0.375104,0.000000,0.626135,0.384224,0.416334,0.392886,0.382975
0.168056,0.309441,0.253095,0.129018,-0.060485,0.016150,-0.078189,0.058326,0.182353,0.228795,0.367025,0.492849,0.108605,0.088271,0.264258,0.136142,0.306462,0.026416,-0.076702,0.082296,0.067776,0.169202,0.032750,0.220051,0.097001,0.018649,0.107308,0.410978,0.514106,0.626135,0.000000,0.687050,0.560780,0.160525,0.167057
0.066904,0.203693,0.217244,0.046942,-0.166286,0.116565,-0.135235,0.016660,0.125029,0.061059,0.101005,0.349603,0.166680,0.056768,0.162573,0.026847,0.180830,-0.072945,-0.093246,0.019168,0.020586,0.028394,0.024400,0.104836,0.052722,0.017388,0.071567,0.314283,0.593368,0.384224,0.687050,0.000000,0.507207,0.066513,0.030548
0.205289,0.242564,0.265321,0.120557,-0.029250,-0.134591,-0.046269,0.005021,0.133878,0.210107,0.270038,0.353875,0.169435,-0.140078,0.002277,-0.161629,-0.006526,0.106971,0.102002,0.166651,0.176262,0.212401,-0.017252,0.228976,0.107709,0.098072,0.055311,0.531049,0.279040,0.416334,0.560780,0.507207,0.000000,0.161519,0.154564
0.398235,0.403481,0.350961,0.473561,0.171677,-0.099152,-0.033166,-0.112933,-0.129791,0.252786,0.445512,0.257574,0.199585,-0.163855,-0.000756,0.109731,0.098846,0.458536,0.250942,0.418439,0.200132,0.402828,0.059276,0.473518,0.030746,0.322247,0.291592,0.242193,-0.004690,0.392886,0.160525,0.066513,0.161519,0.000000,0.908851
0.379563,0.377587,0.372472,0.520854,0.218189,-0.086647,-0.045211,-0.086153,-0.124455,0.247125,0.455898,0.264322,0.167234,-0.136875,0.034435,0.139866,0.121615,0.466961,0.249373,0.408289,0.216486,0.418992,0.080272,0.485986,0.049136,0.332269,0.321282,0.233723,0.012919,0.382975,0.167057,0.030548,0.154564,0.908851,0.000000
