0.000000,0.865687,0.127851,0.106707,0.124780,-0.213119,-0.286397,-0.271707,0.399036,0.446092,0.567173,0.434372,0.155354,0.418770,0.450757,0.509716,0.347243,0.360177,0.361507,0.376896,0.150910,0.201866,0.113942,0.210665,0.077932,0.558657,0.580362,0.313119,0.451185,0.513135,0.549162,0.458710,0.000955,0.387675,0.436699
0.865687,0.000000,0.157560,0.140094,0.167079,-0.124007,-0.234415,-0.149228,0.389440,0.453952,0.605459,0.450617,0.116163,0.412038,0.401323,0.558705,0.451735,0.396241,0.374128,0.415913,0.170248,0.171978,0.185452,0.230698,0.097732,0.598448,0.638347,0.309136,0.489916,0.489226,0.580186,0.497361,-0.094446,0.441969,0.491062
0.127851,0.157560,0.000000,0.855722,0.498221,-0.149967,0.092336,-0.086570,0.048281,0.276851,0.427235,0.337811,0.023019,0.083276,0.305495,0.255098,0.361714,0.485905,0.204914,0.416487,0.328346,0.337135,0.246071,0.359469,0.319389,0.103850,-0.022491,0.383844,0.036436,0.353660,0.192376,0.099707,-0.005497,0.422268,0.428484
0.106707,0.140094,0.855722,0.000000,0.493417,-0.155589,0.178519,-0.130704,-0.016213,0.295932,0.426323,0.336794,-0.060656,0.087067,0.287618,0.324777,0.432573,0.522133,0.264391,0.463748,0.265860,0.327262,0.217374,0.339435,0.250496,0.092527,-0.010208,0.383581,0.056262,0.342619,0.131620,0.091931,-0.077778,0.448898,0.446275
0.124780,0.167079,0.498221,0.493417,0.000000,-0.108772,-0.019470,-0.144683,0.079556,0.196629,0.505919,0.297925,-0.045976,0.076886,0.233254,0.395816,0.395391,0.567671,0.240120,0.480765,0.449783,0.614157,0.306909,0.666722,0.426854,0.228745,0.094548,0.397879,0.029826,0.347213,0.219699,0.116607,-0.002695,0.503685,0.520681
-0.213119,-0.124007,-0.149967,-0.155589,-0.108772,0.000000,0.073059,0.567803,0.013130,0.028072,-0.113142,-0.106953,-0.063745,0.004580,-0.005580,-0.097140,0.013600,-0.227585,-0.176574,-0.232469,0.133127,0.015909,0.262036,0.028874,0.121429,0.193975,0.110785,-0.119290,0.052468,-0.181405,-0.113638,-0.004924,0.014283,-0.056438,-0.071137
-0.286397,-0.234415,0.092336,0.178519,-0.019470,0.073059,0.000000,0.198251,-0.265721,-0.139835,-0.097920,-0.153766,-0.175887,-0.148595,-0.106160,-0.168192,-0.055639,-0.111164,-0.221649,-0.166793,-0.038249,-0.039354,-0.023412,-0.055112,0.012094,-0.208419,-0.240702,-0.155237,-0.202205,-0.223724,-0.307519,-0.216595,-0.075981,-0.138601,-0.127913
-0.271707,-0.149228,-0.086570,-0.130704,-0.144683,0.567803,0.198251,0.000000,-0.072382,-0.054167,-0.181946,-0.019779,0.028061,-0.100090,-0.037805,-0.194313,-0.012844,-0.319429,-0.312359,-0.278113,0.132808,-0.079922,0.337889,-0.054270,0.222143,-0.039184,-0.057290,-0.068317,-0.047660,-0.225404,-0.172271,-0.069431,0.079663,-0.125923,-0.110126
0.399036,0.389440,0.048281,-0.016213,0.079556,0.013130,-0.265721,-0.072382,0.000000,0.431517,0.349140,0.310051,0.400678,0.431395,0.417784,0.322744,0.211401,0.020584,0.074997,-0.009994,0.235477,0.197138,0.183250,0.209069,0.203926,0.346021,0.365525,0.234131,0.512039,0.416120,0.543804,0.413036,0.188850,0.086190,0.141460
0.446092,0.453952,0.276851,0.295932,0.196629,0.028072,-0.139835,-0.054167,0.431517,0.000000,0.499540,0.503274,0.239392,0.330714,0.411969,0.448404,0.439361,0.288188,0.288696,0.284142,0.171995,0.166493,0.208497,0.181075,0.141233,0.454864,0.458684,0.239121,0.560380,0.388474,0.371335,0.394319,-0.019189,0.438670,0.423576
0.567173,0.605459,0.427235,0.426323,0.505919,-0.113142,-0.097920,-0.181946,0.349140,0.499540,0.000000,0.493676,0.178903,0.404644,0.352688,0.726019,0.531544,0.524535,0.260313,0.482499,0.315208,0.425576,0.175339,0.452664,0.238746,0.568410,0.470991,0.412672,0.407899,0.702216,0.603579,0.427651,-0.041930,0.701300,0.726619
0.434372,0.450617,0.337811,0.336794,0.297925,-0.106953,-0.153766,-0.019779,0.310051,0.503274,0.493676,0.000000,0.256545,0.310207,0.558950,0.441537,0.389192,0.292929,0.246904,0.323958,0.451210,0.387828,0.502997,0.408195,0.448566,0.338763,0.328378,0.478416,0.355296,0.446545,0.519282,0.401948,0.167150,0.380621,0.451657
0.155354,0.116163,0.023019,-0.060656,-0.045976,-0.063745,-0.175887,0.028061,0.400678,0.239392,0.178903,0.256545,0.000000,0.147934,0.152350,-0.016119,-0.049647,-0.140281,-0.051560,-0.119142,0.113633,0.016686,0.102602,0.025240,0.122699,0.074456,0.099493,0.080071,0.148168,0.178105,0.331806,0.193616,0.165668,-0.050377,-0.039310
0.418770,0.412038,0.083276,0.087067,0.076886,0.004580,-0.148595,-0.100090,0.431395,0.330714,0.404644,0.310207,0.147934,0.000000,0.298521,0.605236,0.487743,0.209068,0.256552,0.302382,0.079217,0.089161,0.046119,0.119095,0.008789,0.512175,0.581756,0.411659,0.529199,0.441972,0.476312,0.553683,0.239929,0.315197,0.406238
0.450757,0.401323,0.305495,0.287618,0.233254,-0.005580,-0.106160,-0.037805,0.417784,0.411969,0.352688,0.558950,0.152350,0.298521,0.000000,0.305860,0.303772,0.236465,0.167582,0.193804,0.532663,0.462765,0.507862,0.427429,0.457698,0.207214,0.154793,0.461318,0.366039,0.477767,0.510512,0.369455,0.267186,0.252328,0.333275
0.509716,0.558705,0.255098,0.324777,0.395816,-0.097140,-0.168192,-0.194313,0.322744,0.448404,0.726019,0.441537,-0.016119,0.605236,0.305860,0.000000,0.665184,0.534889,0.386629,0.572894,0.129793,0.269890,0.091744,0.306388,0.029303,0.598475,0.619836,0.328790,0.511245,0.523330,0.504350,0.526386,-0.155757,0.673363,0.708499
0.347243,0.451735,0.361714,0.432573,0.395391,0.013600,-0.055639,-0.012844,0.211401,0.439361,0.531544,0.389192,-0.049647,0.487743,0.303772,0.665184,0.000000,0.462758,0.335698,0.525100,0.126867,0.203117,0.269900,0.258794,0.105722,0.543013,0.510474,0.449007,0.496393,0.391968,0.344085,0.440462,-0.031585,0.619278,0.651306
0.360177,0.396241,0.485905,0.522133,0.567671,-0.227585,-0.111164,-0.319429,0.020584,0.288188,0.524535,0.292929,-0.140281,0.209068,0.236465,0.534889,0.462758,0.000000,0.729981,0.870307,0.202160,0.265799,0.124655,0.300084,0.141147,0.263514,0.208527,0.367940,0.144747,0.365455,0.224468,0.152721,-0.198355,0.579386,0.582741
0.361507,0.374128,0.204914,0.264391,0.240120,-0.176574,-0.221649,-0.312359,0.074997,0.288696,0.260313,0.246904,-0.051560,0.256552,0.167582,0.386629,0.335698,0.729981,0.000000,0.723812,-0.008229,0.036840,0.022060,0.060343,-0.071461,0.202140,0.283420,0.167394,0.220123,0.210479,0.195773,0.213176,-0.228293,0.307100,0.320073
0.376896,0.415913,0.416487,0.463748,0.480765,-0.232469,-0.166793,-0.278113,-0.009994,0.284142,0.482499,0.323958,-0.119142,0.302382,0.193804,0.572894,0.525100,0.870307,0.723812,0.000000,0.108536,0.164926,0.091291,0.196729,0.028673,0.295165,0.298069,0.390844,0.220919,0.365734,0.258963,0.268776,-0.180480,0.596726,0.638917
0.150910,0.170248,0.328346,0.265860,0.449783,0.133127,-0.038249,0.132808,0.235477,0.171995,0.315208,0.451210,0.113633,0.079217,0.532663,0.129793,0.126867,0.202160,-0.008229,0.108536,0.000000,0.760334,0.745804,0.757193,0.857454,0.168203,-0.007862,0.553739,0.069924,0.375286,0.361271,0.125680,0.391908,0.288350,0.362326
0.201866,0.171978,0.337135,0.327262,0.614157,0.015909,-0.039354,-0.079922,0.197138,0.166493,0.425576,0.387828,0.016686,0.089161,0.462765,0.269890,0.203117,0.265799,0.036840,0.164926,0.760334,0.000000,0.598151,0.935503,0.731784,0.258747,0.062986,0.487281,0.041404,0.421882,0.350414,0.117898,0.295968,0.372172,0.419053
0.113942,0.185452,0.246071,0.217374,0.306909,0.262036,-0.023412,0.337889,0.183250,0.208497,0.175339,0.502997,0.102602,0.046119,0.507862,0.091744,0.269900,0.124655,0.022060,0.091291,0.745804,0.598151,0.000000,0.615926,0.761479,0.147023,0.042861,0.429698,0.094740,0.174508,0.265360,0.085764,0.271675,0.191108,0.257526
0.210665,0.230698,0.359469,0.339435,0.666722,0.028874,-0.055112,-0.054270,0.209069,0.181075,0.452664,0.408195,0.025240,0.119095,0.427429,0.306388,0.258794,0.300084,0.060343,0.196729,0.757193,0.935503,0.615926,0.000000,0.743210,0.310144,0.110949,0.505127,0.057745,0.404589,0.354625,0.139865,0.276968,0.411937,0.462167
0.077932,0.097732,0.319389,0.250496,0.426854,0.121429,0.012094,0.222143,0.203926,0.141233,0.238746,0.448566,0.122699,0.008789,0.457698,0.029303,0.105722,0.141147,-0.071461,0.028673,0.857454,0.731784,0.761479,0.743210,0.000000,0.108804,-0.080363,0.506952,-0.017730,0.275258,0.279016,0.029919,0.457068,0.209639,0.279910
0.558657,0.598448,0.103850,0.092527,0.228745,0.193975,-0.208419,-0.039184,0.346021,0.454864,0.568410,0.338763,0.074456,0.512175,0.207214,0.598475,0.543013,0.263514,0.202140,0.295165,0.168203,0.258747,0.147023,0.310144,0.108804,0.000000,0.846307,0.291046,0.558083,0.363670,0.365880,0.514091,0.026001,0.566359,0.576776
0.580362,0.638347,-0.022491,-0.010208,0.094548,0.110785,-0.240702,-0.057290,0.365525,0.458684,0.470991,0.328378,0.099493,0.581756,0.154793,0.619836,0.510474,0.208527,0.283420,0.298069,-0.007862,0.062986,0.042861,0.110949,-0.080363,0.846307,0.000000,0.206462,0.589847,0.319965,0.382044,0.598157,-0.071018,0.454901,0.476725
0.313119,0.309136,0.383844,0.383581,0.397879,-0.119290,-0.155237,-0.068317,0.234131,0.239121,0.412672,0.478416,0.080071,0.411659,0.461318,0.328790,0.449007,0.367940,0.167394,0.390844,0.553739,0.487281,0.429698,0.505127,0.506952,0.291046,0.206462,0.000000,0.378111,0.654042,0.529829,0.401034,0.588768,0.435692,0.542244
0.451185,0.489916,0.036436,0.056262,0.029826,0.052468,-0.202205,-0.047660,0.512039,0.560380,0.407899,0.355296,0.148168,0.529199,0.366039,0.511245,0.496393,0.144747,0.220123,0.220919,0.069924,0.041404,0.094740,0.057745,-0.017730,0.558083,0.589847,0.378111,0.000000,0.505494,0.518283,0.681023,0.125392,0.371036,0.414713
0.513135,0.489226,0.353660,0.342619,0.347213,-0.181405,-0.223724,-0.225404,0.416120,0.388474,0.702216,0.446545,0.178105,0.441972,0.477767,0.523330,0.391968,0.365455,0.210479,0.365734,0.375286,0.421882,0.174508,0.404589,0.275258,0.363670,0.319965,0.654042,0.505494,0.000000,0.778287,0.522319,0.323963,0.480789,0.553112
0.549162,0.580186,0.192376,0.131620,0.219699,-0.113638,-0.307519,-0.172271,0.543804,0.371335,0.603579,0.519282,0.331806,0.476312,0.510512,0.504350,0.344085,0.224468,0.195773,0.258963,0.361271,0.350414,0.265360,0.354625,0.279016,0.365880,0.382044,0.529829,0.518283,0.778287,0.000000,0.639655,0.289073,0.284391,0.391028
0.458710,0.497361,0.099707,0.091931,0.116607,-0.004924,-0.216595,-0.069431,0.413036,0.394319,0.427651,0.401948,0.193616,0.553683,0.369455,0.526386,0.440462,0.152721,0.213176,0.268776,0.125680,0.117898,0.085764,0.139865,0.029919,0.514091,0.598157,0.401034,0.681023,0.522319,0.639655,0.000000,0.161705,0.349453,0.426378
0.000955,-0.094446,-0.005497,-0.077778,-0.002695,0.014283,-0.075981,0.079663,0.188850,-0.019189,-0.041930,0.167150,0.165668,0.239929,0.267186,-0.155757,-0.031585,-0.198355,-0.228293,-0.180480,0.391908,0.295968,0.271675,0.276968,0.457068,0.026001,-0.071018,0.588768,0.125392,0.323963,0.289073,0.161705,0.000000,-0.066106,0.032765
0.387675,0.441969,0.422268,0.448898,0.503685,-0.056438,-0.138601,-0.125923,0.086190,0.438670,0.701300,0.380621,-0.050377,0.315197,0.252328,0.673363,0.619278,0.579386,0.307100,0.596726,0.288350,0.372172,0.191108,0.411937,0.209639,0.566359,0.454901,0.435692,0.371036,0.480789,0.284391,0.349453,-0.066106,0.000000,0.904265
0.436699,0.491062,0.428484,0.446275,0.520681,-0.071137,-0.127913,-0.110126,0.141460,0.423576,0.726619,0.451657,-0.039310,0.406238,0.333275,0.708499,0.651306,0.582741,0.320073,0.638917,0.362326,0.419053,0.257526,0.462167,0.279910,0.576776,0.476725,0.542244,0.414713,0.553112,0.391028,0.426378,0.032765,0.904265,0.000000
