0.000000,0.818462,0.126923,-0.029176,0.232917,-0.205694,-0.362031,-0.145241,0.292607,0.241538,0.373575,0.322758,0.253496,0.116397,0.123806,0.179042,0.128529,0.306295,0.284055,0.294931,0.401303,0.662991,0.159641,0.591689,0.325208,0.593778,0.607393,0.546639,0.461181,0.525547,0.475766,0.444932,0.486362,0.364844,0.359932
0.818462,0.000000,0.232178,0.017019,0.170051,-0.178311,-0.261744,-0.074881,0.202239,0.078350,0.252366,0.322867,0.294486,0.002140,0.036112,0.137878,0.182864,0.295248,0.275100,0.245060,0.363392,0.571053,0.156249,0.686170,0.276142,0.489825,0.610088,0.480549,0.283542,0.490215,0.495752,0.304002,0.447087,0.259437,0.231817
0.126923,0.232178,0.000000,0.852760,0.572997,-0.121540,0.073935,-0.314632,0.142879,0.226875,0.610486,0.409189,0.212324,0.291094,0.165557,0.309428,0.250319,0.594766,0.324301,0.554517,0.339228,0.501019,0.172349,0.577953,0.461801,0.148915,0.194551,0.237745,0.096744,0.268438,0.361537,0.089372,0.166471,0.503295,0.449649
-0.029176,0.017019,0.852760,0.000000,0.570097,-0.154465,0.123499,-0.360179,0.052411,0.286389,0.658264,0.369361,0.075737,0.365889,0.258546,0.374514,0.273458,0.541876,0.242720,0.567444,0.171221,0.404219,0.078384,0.385150,0.330704,-0.015953,-0.006120,0.041069,0.044191,0.144702,0.181162,-0.025527,-0.067006,0.552463,0.524158
0.232917,0.170051,0.572997,0.570097,0.000000,-0.201065,0.028967,-0.311132,0.128491,0.295222,0.669833,0.439558,0.238750,0.194774,0.092409,0.212571,0.087710,0.426427,0.208548,0.409358,0.131531,0.596858,0.074697,0.492594,0.323716,0.235313,0.179947,0.166506,0.063787,-0.003080,0.059561,0.086899,0.032512,0.440290,0.390353
-0.205694,-0.178311,-0.121540,-0.154465,-0.201065,0.000000,-0.014421,0.476531,-0.181655,-0.204193,-0.173400,-0.094700,-0.111462,-0.110878,-0.043156,-0.106314,-0.050813,-0.163488,-0.175945,-0.150388,-0.152705,-0.387920,-0.198619,-0.304009,-0.242759,-0.057281,0.021239,-0.122384,-0.077920,-0.237678,-0.200092,-0.058285,-0.166075,-0.126934,-0.123178
-0.362031,-0.261744,0.073935,0.123499,0.028967,-0.014421,0.000000,0.037831,-0.122078,-0.153587,-0.165761,-0.135146,-0.001960,-0.331318,-0.217474,-0.308445,-0.317602,-0.240073,-0.201911,-0.258667,-0.379830,-0.277830,-0.193562,-0.218385,-0.289722,-0.464425,-0.490456,-0.362272,-0.379879,-0.256220,-0.278643,-0.299158,-0.266460,-0.340041,-0.356422
-0.145241,-0.074881,-0.314632,-0.360179,-0.311132,0.476531,0.037831,0.000000,-0.098498,-0.232342,-0.349056,-0.100280,-0.023568,-0.244818,-0.168151,-0.222096,-0.084746,-0.367492,-0.255584,-0.345283,-0.357259,-0.450944,-0.186585,-0.392139,-0.418598,-0.091279,0.013993,-0.132382,-0.064261,-0.261461,-0.220538,-0.088158,-0.157295,-0.310865,-0.310963
0.292607,0.202239,0.142879,0.052411,0.128491,-0.181655,-0.122078,-0.098498,0.000000,0.675201,0.344753,0.448654,0.481533,-0.015276,-0.236554,-0.303673,-0.318517,0.083039,0.306261,-0.066020,0.369053,0.378527,0.059025,0.345742,0.294837,0.365734,0.373164,0.514113,0.645657,0.384406,0.280972,0.286961,0.426930,-0.005772,-0.008211
0.241538,0.078350,0.226875,0.286389,0.295222,-0.204193,-0.153587,-0.232342,0.675201,0.000000,0.537781,0.560755,0.303444,0.177996,0.062350,-0.063780,-0.111740,0.266089,0.366886,0.178380,0.246635,0.467225,0.090213,0.285244,0.268605,0.380442,0.342381,0.309543,0.620860,0.242747,0.076209,0.250177,0.239608,0.287205,0.296697
0.373575,0.252366,0.610486,0.658264,0.669833,-0.173400,-0.165761,-0.349056,0.344753,0.537781,0.000000,0.550884,0.331209,0.297167,0.137845,0.298887,0.155844,0.557665,0.324366,0.546652,0.280988,0.617975,0.067263,0.508901,0.380201,0.333673,0.322435,0.311011,0.383150,0.297423,0.250805,0.191385,0.150138,0.612731,0.595407
0.322758,0.322867,0.409189,0.369361,0.439558,-0.094700,-0.135146,-0.100280,0.448654,0.560755,0.550884,0.000000,0.501009,0.049408,-0.008415,0.036467,0.088979,0.310092,0.286543,0.217907,0.142651,0.459199,0.089062,0.405374,0.174764,0.328131,0.344753,0.242658,0.346451,0.164559,0.071488,0.119657,0.110671,0.305615,0.260985
0.253496,0.294486,0.212324,0.075737,0.238750,-0.111462,-0.001960,-0.023568,0.481533,0.303444,0.331209,0.501009,0.000000,-0.253999,-0.351331,-0.254216,-0.293549,0.079733,0.144061,-0.008727,0.147904,0.251920,0.036014,0.334903,0.163285,0.199532,0.287262,0.308026,0.182775,0.113833,0.086635,0.059303,0.247779,0.021981,-0.030069
0.116397,0.002140,0.291094,0.365889,0.194774,-0.110878,-0.331318,-0.244818,-0.015276,0.177996,0.297167,0.049408,-0.253999,0.000000,0.747561,0.756150,0.586352,0.435294,0.192973,0.490058,0.225185,0.335781,0.161148,0.189659,0.272134,0.182991,0.200170,0.078292,0.211414,0.187927,0.327485,0.295093,-0.035645,0.509264,0.493654
0.123806,0.036112,0.165557,0.258546,0.092409,-0.043156,-0.217474,-0.168151,-0.236554,0.062350,0.137845,-0.008415,-0.351331,0.747561,0.000000,0.713634,0.609197,0.342270,0.094794,0.413506,0.024653,0.235733,0.101941,0.096704,0.089491,0.042025,0.086526,-0.049340,0.090877,0.150444,0.247019,0.216194,-0.152892,0.351118,0.349952
0.179042,0.137878,0.309428,0.374514,0.212571,-0.106314,-0.308445,-0.222096,-0.303673,-0.063780,0.298887,0.036467,-0.254216,0.756150,0.713634,0.000000,0.773219,0.538363,0.172658,0.654553,0.097059,0.340367,0.169611,0.231867,0.189224,0.132357,0.177072,-0.005609,0.011895,0.186516,0.348484,0.157358,-0.113815,0.607748,0.594315
0.128529,0.182864,0.250319,0.273458,0.087710,-0.050813,-0.317602,-0.084746,-0.318517,-0.111740,0.155844,0.088979,-0.293549,0.586352,0.609197,0.773219,0.000000,0.464428,0.226962,0.479967,0.059058,0.247760,0.303100,0.210815,0.078147,0.134210,0.165687,-0.040426,0.013603,0.146850,0.256743,0.050699,-0.143260,0.434685,0.421865
0.306295,0.295248,0.594766,0.541876,0.426427,-0.163488,-0.240073,-0.367492,0.083039,0.266089,0.557665,0.310092,0.079733,0.435294,0.342270,0.538363,0.464428,0.000000,0.620324,0.869901,0.429910,0.577807,0.337370,0.553741,0.567893,0.427691,0.363026,0.315770,0.258337,0.279031,0.393588,0.218598,0.270558,0.663870,0.653753
0.284055,0.275100,0.324301,0.242720,0.208548,-0.175945,-0.201911,-0.255584,0.306261,0.366886,0.324366,0.286543,0.144061,0.192973,0.094794,0.172658,0.226962,0.620324,0.000000,0.469185,0.462352,0.557098,0.563086,0.515980,0.591277,0.534388,0.383369,0.400804,0.416217,0.297529,0.347490,0.334039,0.463139,0.338078,0.346547
0.294931,0.245060,0.554517,0.567444,0.409358,-0.150388,-0.258667,-0.345283,-0.066020,0.178380,0.546652,0.217907,-0.008727,0.490058,0.413506,0.654553,0.479967,0.869901,0.469185,0.000000,0.317074,0.508494,0.191353,0.447590,0.464811,0.321589,0.300855,0.245604,0.163887,0.236249,0.357547,0.212161,0.160975,0.766193,0.768153
0.401303,0.363392,0.339228,0.171221,0.131531,-0.152705,-0.379830,-0.357259,0.369053,0.246635,0.280988,0.142651,0.147904,0.225185,0.024653,0.097059,0.059058,0.429910,0.462352,0.317074,0.000000,0.524265,0.338610,0.552711,0.746631,0.495657,0.456551,0.617611,0.394298,0.480369,0.514064,0.399721,0.633524,0.258431,0.255999
0.662991,0.571053,0.501019,0.404219,0.596858,-0.387920,-0.277830,-0.450944,0.378527,0.467225,0.617975,0.459199,0.251920,0.335781,0.235733,0.340367,0.247760,0.577807,0.557098,0.508494,0.524265,0.000000,0.359594,0.827781,0.597870,0.581768,0.531693,0.537532,0.450476,0.488612,0.482331,0.374574,0.442958,0.507673,0.484273
0.159641,0.156249,0.172349,0.078384,0.074697,-0.198619,-0.193562,-0.186585,0.059025,0.090213,0.067263,0.089062,0.036014,0.161148,0.101941,0.169611,0.303100,0.337370,0.563086,0.191353,0.338610,0.359594,0.000000,0.344490,0.452403,0.289497,0.163516,0.267535,0.185555,0.214095,0.294921,0.181495,0.362132,0.160213,0.152756
0.591689,0.686170,0.577953,0.385150,0.492594,-0.304009,-0.218385,-0.392139,0.345742,0.285244,0.508901,0.405374,0.334903,0.189659,0.096704,0.231867,0.210815,0.553741,0.515980,0.447590,0.552711,0.827781,0.344490,0.000000,0.598363,0.510473,0.556547,0.532075,0.326213,0.506584,0.561080,0.281258,0.484833,0.390792,0.348151
0.325208,0.276142,0.461801,0.330704,0.323716,-0.242759,-0.289722,-0.418598,0.294837,0.268605,0.380201,0.174764,0.163285,0.272134,0.089491,0.189224,0.078147,0.567893,0.591277,0.464811,0.746631,0.597870,0.452403,0.598363,0.000000,0.491893,0.396698,0.550317,0.318784,0.402219,0.527407,0.374559,0.608191,0.343598,0.344666
0.593778,0.489825,0.148915,-0.015953,0.235313,-0.057281,-0.464425,-0.091279,0.365734,0.380442,0.333673,0.328131,0.199532,0.182991,0.042025,0.132357,0.134210,0.427691,0.534388,0.321589,0.495657,0.581768,0.289497,0.510473,0.491893,0.000000,0.822791,0.535719,0.581810,0.333521,0.375588,0.524502,0.565762,0.400422,0.388891
0.607393,0.610088,0.194551,-0.006120,0.179947,0.021239,-0.490456,0.013993,0.373164,0.342381,0.322435,0.344753,0.287262,0.200170,0.086526,0.177072,0.165687,0.363026,0.383369,0.300855,0.456551,0.531693,0.163516,0.556547,0.396698,0.822791,0.000000,0.544687,0.538923,0.376497,0.435355,0.510071,0.519728,0.396916,0.366895
0.546639,0.480549,0.237745,0.041069,0.166506,-0.122384,-0.362272,-0.132382,0.514113,0.309543,0.311011,0.242658,0.308026,0.078292,-0.049340,-0.005609,-0.040426,0.315770,0.400804,0.245604,0.617611,0.537532,0.267535,0.532075,0.550317,0.535719,0.544687,0.000000,0.577213,0.622974,0.624013,0.542237,0.776861,0.200413,0.199707
0.461181,0.283542,0.096744,0.044191,0.063787,-0.077920,-0.379879,-0.064261,0.645657,0.620860,0.383150,0.346451,0.182775,0.211414,0.090877,0.011895,0.013603,0.258337,0.416217,0.163887,0.394298,0.450476,0.185555,0.326213,0.318784,0.581810,0.538923,0.577213,0.000000,0.581861,0.403436,0.559763,0.505301,0.249673,0.271342
0.525547,0.490215,0.268438,0.144702,-0.003080,-0.237678,-0.256220,-0.261461,0.384406,0.242747,0.297423,0.164559,0.113833,0.187927,0.150444,0.186516,0.146850,0.279031,0.297529,0.236249,0.480369,0.488612,0.214095,0.506584,0.402219,0.333521,0.376497,0.622974,0.581861,0.000000,0.777869,0.421435,0.598547,0.197086,0.215409
0.475766,0.495752,0.361537,0.181162,0.059561,-0.200092,-0.278643,-0.220538,0.280972,0.076209,0.250805,0.071488,0.086635,0.327485,0.247019,0.348484,0.256743,0.393588,0.347490,0.357547,0.514064,0.482331,0.294921,0.561080,0.527407,0.375588,0.435355,0.624013,0.403436,0.777869,0.000000,0.544357,0.649078,0.216573,0.223205
0.444932,0.304002,0.089372,-0.025527,0.086899,-0.058285,-0.299158,-0.088158,0.286961,0.250177,0.191385,0.119657,0.059303,0.295093,0.216194,0.157358,0.050699,0.218598,0.334039,0.212161,0.399721,0.374574,0.181495,0.281258,0.374559,0.524502,0.510071,0.542237,0.559763,0.421435,0.544357,0.000000,0.550879,0.230231,0.246879
0.486362,0.447087,0.166471,-0.067006,0.032512,-0.166075,-0.266460,-0.157295,0.426930,0.239608,0.150138,0.110671,0.247779,-0.035645,-0.152892,-0.113815,-0.143260,0.270558,0.463139,0.160975,0.633524,0.442958,0.362132,0.484833,0.608191,0.565762,0.519728,0.776861,0.505301,0.598547,0.649078,0.550879,0.000000,0.115502,0.131788
0.364844,0.259437,0.503295,0.552463,0.440290,-0.126934,-0.340041,-0.310865,-0.005772,0.287205,0.612731,0.305615,0.021981,0.509264,0.351118,0.607748,0.434685,0.663870,0.338078,0.766193,0.258431,0.507673,0.160213,0.390792,0.343598,0.400422,0.396916,0.200413,0.249673,0.197086,0.216573,0.230231,0.115502,0.000000,0.934983
0.359932,0.231817,0.449649,0.524158,0.390353,-0.123178,-0.356422,-0.310963,-0.008211,0.296697,0.595407,0.260985,-0.030069,0.493654,0.349952,0.594315,0.421865,0.653753,0.346547,0.768153,0.255999,0.484273,0.152756,0.348151,0.344666,0.388891,0.366895,0.199707,0.271342,0.215409,0.223205,0.246879,0.131788,0.934983,0.000000
