0.000000,0.816852,0.243841,0.170020,0.064974,-0.117529,0.167777,-0.031952,0.009635,0.095677,-0.226901,0.127741,-0.039429,-0.246499,-0.162928,-0.172645,-0.010771,-0.049512,-0.072946,0.159625,0.199836,0.736061,0.055606,0.662553,0.160132,0.266331,0.475131,0.232196,0.032660,0.236702,0.142440,0.177145,0.270525,0.293344,0.310534
0.816852,0.000000,0.209887,0.120496,0.069641,-0.110538,0.122573,-0.026797,-0.078814,0.093996,-0.224627,0.138189,-0.111200,-0.229678,-0.113261,-0.113810,0.066117,-0.010649,-0.016188,0.175951,0.184390,0.715656,0.057845,0.718328,0.147879,0.209320,0.428440,0.184668,-0.043075,0.200535,0.091522,0.079000,0.205370,0.300459,0.323988
0.243841,0.209887,0.000000,0.778119,0.124154,0.140673,0.238577,0.199046,0.261457,0.254072,0.265429,0.271348,0.087735,0.289618,0.175679,0.302928,0.417656,0.340082,0.217964,0.231948,0.374609,0.222239,0.302481,0.149097,0.329135,0.295137,0.333756,0.395584,0.240238,0.186213,0.258514,0.343202,0.301402,0.407117,0.386884
0.170020,0.120496,0.778119,0.000000,0.222715,0.250025,0.229432,0.225657,0.276826,0.352579,0.357094,0.248480,0.069026,0.325084,0.281183,0.352494,0.385058,0.371591,0.186809,0.251349,0.258805,0.192541,0.257085,0.017728,0.151622,0.245389,0.297757,0.315993,0.227530,0.171057,0.106339,0.153952,0.137596,0.426916,0.398677
0.064974,0.069641,0.124154,0.222715,0.000000,0.133644,-0.012162,0.106113,-0.010925,0.045371,0.231691,0.110272,-0.032586,0.237701,0.134360,0.212755,0.134064,-0.006552,-0.056157,0.093507,0.063731,0.135144,0.084626,0.068313,-0.001793,-0.176984,-0.071309,-0.031277,-0.079618,-0.005177,-0.051853,0.001321,-0.086600,-0.131986,-0.191927
-0.117529,-0.110538,0.140673,0.250025,0.133644,0.000000,-0.090788,0.211976,0.091151,0.180994,0.201661,0.086283,0.020759,0.259527,0.263547,0.147716,0.198109,0.320853,0.274669,0.112404,-0.005520,-0.036706,0.017949,-0.082694,0.002328,0.078213,-0.014247,0.205076,0.203683,0.055475,-0.048362,0.027822,-0.050908,0.086102,0.049309
0.167777,0.122573,0.238577,0.229432,-0.012162,-0.090788,0.000000,-0.109047,0.246655,0.104438,0.037196,0.064724,0.107403,0.081166,0.126780,0.025690,0.036284,-0.070504,-0.087782,-0.159024,0.205253,0.041139,0.121213,-0.059168,0.147950,-0.102656,0.011484,0.099825,0.150133,0.191776,0.180523,0.083504,0.126615,0.027472,0.010767
-0.031952,-0.026797,0.199046,0.225657,0.106113,0.211976,-0.109047,0.000000,0.199842,0.275770,0.252425,0.187282,0.035640,0.203332,0.256459,0.176845,0.172145,0.243734,0.235349,0.114310,-0.015009,0.019927,0.098527,-0.030984,0.057017,0.042366,0.028939,-0.002694,0.082294,0.063840,0.039226,0.123032,-0.139445,0.086528,0.093277
0.009635,-0.078814,0.261457,0.276826,-0.010925,0.091151,0.246655,0.199842,0.000000,0.648806,0.469359,0.510916,0.520378,0.170185,0.471095,-0.117912,-0.099932,0.007912,0.002212,-0.252679,0.300400,-0.008222,0.215283,-0.108696,0.311832,0.166504,0.176649,0.473524,0.624247,0.369925,0.319358,0.271754,0.279895,0.024081,0.019038
0.095677,0.093996,0.254072,0.352579,0.045371,0.180994,0.104438,0.275770,0.648806,0.000000,0.520512,0.618498,0.423958,0.147563,0.500512,-0.075109,0.009979,0.086401,0.040733,-0.197335,0.145198,0.092801,0.214880,-0.015612,0.183374,0.134937,0.213314,0.356052,0.435521,0.401587,0.170716,0.019228,0.116823,0.117215,0.089358
-0.226901,-0.224627,0.265429,0.357094,0.231691,0.201661,0.037196,0.252425,0.469359,0.520512,0.000000,0.463000,0.405915,0.542446,0.579081,0.392555,0.205875,0.250230,0.172780,0.001595,0.007911,-0.219953,0.125305,-0.346513,0.022589,0.045271,0.023447,0.184689,0.235182,0.227728,0.179220,0.024044,0.062151,0.114270,0.053191
0.127741,0.138189,0.271348,0.248480,0.110272,0.086283,0.064724,0.187282,0.510916,0.618498,0.463000,0.000000,0.587807,0.135085,0.357889,-0.081124,-0.028722,0.021227,-0.011282,-0.039385,0.064174,-0.000218,0.166878,0.058227,0.169979,0.150329,0.294434,0.409279,0.309401,0.152953,0.159518,0.070247,0.239088,0.075148,0.081668
-0.039429,-0.111200,0.087735,0.069026,-0.032586,0.020759,0.107403,0.035640,0.520378,0.423958,0.405915,0.587807,0.000000,0.070718,0.300736,-0.095584,-0.133737,-0.098430,-0.082731,-0.181167,0.018016,-0.187489,0.062155,-0.101253,0.166261,0.128026,0.164064,0.401445,0.288986,0.165771,0.258397,0.138002,0.326765,-0.164676,-0.118683
-0.246499,-0.229678,0.289618,0.325084,0.237701,0.259527,0.081166,0.203332,0.170185,0.147563,0.542446,0.135085,0.070718,0.000000,0.539287,0.709202,0.638695,0.284175,0.117855,0.199032,-0.009854,-0.247470,0.319385,-0.355953,-0.015748,-0.109990,-0.171620,0.014009,0.107341,-0.109180,0.006729,0.100240,-0.114452,0.014740,-0.031354
-0.162928,-0.113261,0.175679,0.281183,0.134360,0.263547,0.126780,0.256459,0.471095,0.500512,0.579081,0.357889,0.300736,0.539287,0.000000,0.304419,0.331684,0.158160,0.105011,-0.058393,0.019528,-0.138362,0.198319,-0.273229,0.009073,-0.078398,-0.081593,0.144264,0.280313,0.109521,0.015174,-0.053337,-0.045648,0.025950,0.019576
-0.172645,-0.113810,0.302928,0.352494,0.212755,0.147716,0.025690,0.176845,-0.117912,-0.075109,0.392555,-0.081124,-0.095584,0.709202,0.304419,0.000000,0.752742,0.284726,0.115510,0.353905,-0.103676,-0.182954,0.293533,-0.247795,-0.100190,-0.101217,-0.156113,-0.154986,-0.159188,-0.129276,0.000051,0.066376,-0.170210,0.141870,0.141015
-0.010771,0.066117,0.417656,0.385058,0.134064,0.198109,0.036284,0.172145,-0.099932,0.009979,0.205875,-0.028722,-0.133737,0.638695,0.331684,0.752742,0.000000,0.330240,0.171168,0.353216,0.039953,-0.012015,0.408838,-0.058342,0.057688,0.007896,-0.036894,-0.035733,-0.065627,-0.179889,-0.031123,0.110650,-0.108309,0.243877,0.251007
-0.049512,-0.010649,0.340082,0.371591,-0.006552,0.320853,-0.070504,0.243734,0.007912,0.086401,0.250230,0.021227,-0.098430,0.284175,0.158160,0.284726,0.330240,0.000000,0.761135,0.614210,0.153690,0.065411,0.143536,0.059174,0.226930,0.436782,0.281604,0.227950,0.156264,-0.026921,0.032708,0.066283,0.108954,0.471493,0.451597
-0.072946,-0.016188,0.217964,0.186809,-0.056157,0.274669,-0.087782,0.235349,0.002212,0.040733,0.172780,-0.011282,-0.082731,0.117855,0.105011,0.115510,0.171168,0.761135,0.000000,0.455194,0.070750,0.041156,0.005231,0.059805,0.176831,0.393855,0.240814,0.133759,0.092489,-0.089605,-0.077139,0.026817,-0.009588,0.279350,0.294219
0.159625,0.175951,0.231948,0.251349,0.093507,0.112404,-0.159024,0.114310,-0.252679,-0.197335,0.001595,-0.039385,-0.181167,0.199032,-0.058393,0.353905,0.353216,0.614210,0.455194,0.000000,-0.021851,0.176108,0.178122,0.200096,0.054850,0.219638,0.210791,0.034880,-0.135830,-0.108755,0.085817,0.141974,0.108205,0.366862,0.419123
0.199836,0.184390,0.374609,0.258805,0.063731,-0.005520,0.205253,-0.015009,0.300400,0.145198,0.007911,0.064174,0.018016,-0.009854,0.019528,-0.103676,0.039953,0.153690,0.070750,-0.021851,0.000000,0.383176,0.304908,0.322150,0.636276,0.273307,0.243956,0.539864,0.474989,0.365370,0.415199,0.367958,0.467165,0.130323,0.084085
0.736061,0.715656,0.222239,0.192541,0.135144,-0.036706,0.041139,0.019927,-0.008222,0.092801,-0.219953,-0.000218,-0.187489,-0.247470,-0.138362,-0.182954,-0.012015,0.065411,0.041156,0.176108,0.383176,0.000000,0.179461,0.762107,0.273618,0.257807,0.409285,0.298205,0.101918,0.279239,0.080280,0.121395,0.215968,0.292977,0.284340
0.055606,0.057845,0.302481,0.257085,0.084626,0.017949,0.121213,0.098527,0.215283,0.214880,0.125305,0.166878,0.062155,0.319385,0.198319,0.293533,0.408838,0.143536,0.005231,0.178122,0.304908,0.179461,0.000000,0.141660,0.444538,0.006655,0.042733,0.182287,0.179948,0.061631,0.160920,0.281682,0.093450,0.069437,0.109050
0.662553,0.718328,0.149097,0.017728,0.068313,-0.082694,-0.059168,-0.030984,-0.108696,-0.015612,-0.346513,0.058227,-0.101253,-0.355953,-0.273229,-0.247795,-0.058342,0.059174,0.059805,0.200096,0.322150,0.762107,0.141660,0.000000,0.362654,0.301639,0.462119,0.250918,-0.029544,0.144027,0.119711,0.116181,0.303979,0.192175,0.244534
0.160132,0.147879,0.329135,0.151622,-0.001793,0.002328,0.147950,0.057017,0.311832,0.183374,0.022589,0.169979,0.166261,-0.015748,0.009073,-0.100190,0.057688,0.226930,0.176831,0.054850,0.636276,0.273618,0.444538,0.362654,0.000000,0.298693,0.259762,0.443371,0.344562,0.244273,0.476387,0.447719,0.499255,0.078197,0.103768
0.266331,0.209320,0.295137,0.245389,-0.176984,0.078213,-0.102656,0.042366,0.166504,0.134937,0.045271,0.150329,0.128026,-0.109990,-0.078398,-0.101217,0.007896,0.436782,0.393855,0.219638,0.273307,0.257807,0.006655,0.301639,0.298693,0.000000,0.782963,0.414895,0.310917,0.026318,0.106732,0.185048,0.318282,0.417801,0.414676
0.475131,0.428440,0.333756,0.297757,-0.071309,-0.014247,0.011484,0.028939,0.176649,0.213314,0.023447,0.294434,0.164064,-0.171620,-0.081593,-0.156113,-0.036894,0.281604,0.240814,0.210791,0.243956,0.409285,0.042733,0.462119,0.259762,0.782963,0.000000,0.393695,0.231507,0.135406,0.103200,0.083363,0.336126,0.409730,0.434844
0.232196,0.184668,0.395584,0.315993,-0.031277,0.205076,0.099825,-0.002694,0.473524,0.356052,0.184689,0.409279,0.401445,0.014009,0.144264,-0.154986,-0.035733,0.227950,0.133759,0.034880,0.539864,0.298205,0.182287,0.250918,0.443371,0.414895,0.393695,0.000000,0.625537,0.419066,0.355313,0.279336,0.540865,0.165480,0.127948
0.032660,-0.043075,0.240238,0.227530,-0.079618,0.203683,0.150133,0.082294,0.624247,0.435521,0.235182,0.309401,0.288986,0.107341,0.280313,-0.159188,-0.065627,0.156264,0.092489,-0.135830,0.474989,0.101918,0.179948,-0.029544,0.344562,0.310917,0.231507,0.625537,0.000000,0.464383,0.327753,0.360615,0.391409,0.035779,-0.035197
0.236702,0.200535,0.186213,0.171057,-0.005177,0.055475,0.191776,0.063840,0.369925,0.401587,0.227728,0.152953,0.165771,-0.109180,0.109521,-0.129276,-0.179889,-0.026921,-0.089605,-0.108755,0.365370,0.279239,0.061631,0.144027,0.244273,0.026318,0.135406,0.419066,0.464383,0.000000,0.572975,0.216923,0.413150,-0.014465,-0.048264
0.142440,0.091522,0.258514,0.106339,-0.051853,-0.048362,0.180523,0.039226,0.319358,0.170716,0.179220,0.159518,0.258397,0.006729,0.015174,0.000051,-0.031123,0.032708,-0.077139,0.085817,0.415199,0.080280,0.160920,0.119711,0.476387,0.106732,0.103200,0.355313,0.327753,0.572975,0.000000,0.557458,0.690362,-0.039990,-0.015598
0.177145,0.079000,0.343202,0.153952,0.001321,0.027822,0.083504,0.123032,0.271754,0.019228,0.024044,0.070247,0.138002,0.100240,-0.053337,0.066376,0.110650,0.066283,0.026817,0.141974,0.367958,0.121395,0.281682,0.116181,0.447719,0.185048,0.083363,0.279336,0.360615,0.216923,0.557458,0.000000,0.438479,-0.003792,0.006877
0.270525,0.205370,0.301402,0.137596,-0.086600,-0.050908,0.126615,-0.139445,0.279895,0.116823,0.062151,0.239088,0.326765,-0.114452,-0.045648,-0.170210,-0.108309,0.108954,-0.009588,0.108205,0.467165,0.215968,0.093450,0.303979,0.499255,0.318282,0.336126,0.540865,0.391409,0.413150,0.690362,0.438479,0.000000,0.127993,0.149166
0.293344,0.300459,0.407117,0.426916,-0.131986,0.086102,0.027472,0.086528,0.024081,0.117215,0.114270,0.075148,-0.164676,0.014740,0.025950,0.141870,0.243877,0.471493,0.279350,0.366862,0.130323,0.292977,0.069437,0.192175,0.078197,0.417801,0.409730,0.165480,0.035779,-0.014465,-0.039990,-0.003792,0.127993,0.000000,0.845924
0.310534,0.323988,0.386884,0.398677,-0.191927,0.049309,0.010767,0.093277,0.019038,0.089358,0.053191,0.081668,-0.118683,-0.031354,0.019576,0.141015,0.251007,0.451597,0.294219,0.419123,0.084085,0.284340,0.109050,0.244534,0.103768,0.414676,0.434844,0.127948,-0.035197,-0.048264,-0.015598,0.006877,0.149166,0.845924,0.000000
