1.0000,0.6712,0.1436,0.1461,-0.0526,-0.0475,-0.0602,-0.0808,0.0805,0.2368,0.0732,0.1945,0.1595,-0.0559,0.0584,0.0442,0.0013,0.3360,0.2025,0.2844,0.0765,0.5792,0.0519,0.4716,0.2156,0.2792,0.2168,0.1768,0.2896,0.1899,0.2216,0.2145,0.1231,0.1247,0.1226
0.6712,1.0000,0.2477,0.2185,-0.0354,-0.0477,-0.0490,-0.0025,0.0845,0.3605,0.2035,0.3670,0.3069,0.0048,0.1407,0.0815,0.0454,0.3563,0.1855,0.3841,0.1151,0.5372,0.0077,0.6174,0.0596,0.3733,0.3808,0.2734,0.3039,0.2446,0.2772,0.2227,0.1777,0.1497,0.0782
0.1436,0.2477,1.0000,0.7723,0.0983,0.0957,0.1376,0.1468,-0.0020,0.2903,0.2575,0.1859,0.0816,0.0893,0.2171,0.1549,0.1034,0.3441,0.1639,0.4455,0.3527,0.3435,0.1189,0.4398,0.3776,0.2243,0.2454,0.1497,0.1962,0.2256,0.3377,0.3496,0.3206,0.3821,0.3999
0.1461,0.2185,0.7723,1.0000,0.0696,0.0728,0.1725,0.1364,0.0174,0.3079,0.1879,0.1782,0.0776,0.1257,0.2130,0.1920,0.1996,0.3664,0.2388,0.4942,0.3213,0.3346,0.1768,0.4080,0.3803,0.2804,0.2825,0.1307,0.2216,0.2334,0.3487,0.3788,0.3180,0.4541,0.5164
-0.0526,-0.0354,0.0983,0.0696,1.0000,0.0080,0.1323,0.0393,0.0455,-0.0186,0.0211,0.0068,0.0254,0.1736,0.0828,0.1962,0.1834,-0.0545,-0.0578,0.0177,0.0286,0.1203,0.2060,0.1766,0.1663,0.0450,0.0426,-0.1067,-0.0835,-0.0852,-0.1437,-0.1339,-0.1668,-0.2492,-0.1779
-0.0475,-0.0477,0.0957,0.0728,0.0080,1.0000,0.0542,0.4402,-0.1878,0.0740,0.1867,0.0905,-0.1140,0.0546,-0.0166,0.1253,0.2311,0.0035,-0.0915,-0.0023,-0.0126,-0.1001,0.0827,-0.0656,0.1254,0.1774,0.2196,-0.0627,-0.0008,0.0015,0.0042,-0.0484,-0.0818,0.0663,0.0919
-0.0602,-0.0490,0.1376,0.1725,0.1323,0.0542,1.0000,0.1034,-0.0505,-0.0411,0.0842,0.0590,0.0694,0.0592,0.0348,0.0143,-0.0082,0.0412,-0.0421,0.0523,-0.1046,-0.0078,-0.0569,0.1348,0.0652,0.0538,0.0690,-0.0771,-0.1207,-0.0961,0.0054,0.0632,0.0344,0.0574,0.1086
-0.0808,-0.0025,0.1468,0.1364,0.0393,0.4402,0.1034,1.0000,-0.0137,0.1171,0.0817,0.0980,-0.0499,0.1802,0.1035,0.2076,0.3114,0.0180,-0.0913,-0.0016,0.1191,-0.0419,0.2385,0.0764,0.1190,0.0892,0.2365,-0.0340,-0.0306,-0.0022,0.0146,-0.0101,0.0159,0.1157,0.1620
0.0805,0.0845,-0.0020,0.0174,0.0455,-0.1878,-0.0505,-0.0137,1.0000,0.3409,0.3497,0.2766,0.3785,0.2298,0.2432,-0.0006,-0.2609,-0.1139,-0.1097,-0.0169,0.0375,0.2567,-0.0193,0.1923,-0.0179,-0.0469,-0.0180,0.1147,0.1480,0.2235,0.1543,0.1510,0.0077,-0.1326,-0.1197
0.2368,0.3605,0.2903,0.3079,-0.0186,0.0740,-0.0411,0.1171,0.3409,1.0000,0.5623,0.6330,0.3201,-0.0580,0.3610,-0.1708,-0.1269,0.0177,-0.0454,0.1014,0.3186,0.3754,-0.0327,0.3167,0.1570,0.2206,0.2144,0.3913,0.3663,0.4811,0.3660,0.2418,0.2326,0.2676,0.1594
0.0732,0.2035,0.2575,0.1879,0.0211,0.1867,0.0842,0.0817,0.3497,0.5623,1.0000,0.5181,0.2964,0.1336,0.4152,-0.0216,-0.1916,0.0666,-0.1099,0.1380,0.1073,0.2352,-0.0992,0.2538,0.0387,0.1612,0.1260,0.2907,0.2593,0.4385,0.4348,0.1655,0.0935,0.1703,0.1175
0.1945,0.3670,0.1859,0.1782,0.0068,0.0905,0.0590,0.0980,0.2766,0.6330,0.5181,1.0000,0.3989,0.0116,0.2588,-0.1412,-0.1169,0.0249,-0.0549,0.1402,0.1989,0.3493,0.0147,0.3492,0.0370,0.2426,0.2363,0.4362,0.2948,0.3504,0.2630,0.1444,0.1767,0.0885,0.0275
0.1595,0.3069,0.0816,0.0776,0.0254,-0.1140,0.0694,-0.0499,0.3785,0.3201,0.2964,0.3989,1.0000,0.0464,-0.0105,-0.0764,-0.0723,0.0046,-0.0063,0.0514,0.1329,0.2217,-0.0787,0.2874,-0.0018,0.1475,0.1129,0.3063,0.1585,0.1738,0.1548,0.1060,0.1530,0.0740,-0.0229
-0.0559,0.0048,0.0893,0.1257,0.1736,0.0546,0.0592,0.1802,0.2298,-0.0580,0.1336,0.0116,0.0464,1.0000,0.4286,0.6335,0.4303,0.2284,0.0656,0.3106,-0.1600,0.1143,0.3528,0.1666,-0.0215,-0.0844,0.0413,-0.0312,-0.1114,-0.1124,-0.0001,-0.0660,-0.1174,-0.1678,-0.0348
0.0584,0.1407,0.2171,0.2130,0.0828,-0.0166,0.0348,0.1035,0.2432,0.3610,0.4152,0.2588,-0.0105,0.4286,1.0000,0.3185,0.1150,0.2722,0.1275,0.2760,-0.0045,0.2204,0.2231,0.2003,0.0321,0.0497,0.0698,0.0699,0.1160,0.1861,0.2075,0.0773,-0.0045,-0.0360,0.0158
0.0442,0.0815,0.1549,0.1920,0.1962,0.1253,0.0143,0.2076,-0.0006,-0.1708,-0.0216,-0.1412,-0.0764,0.6335,0.3185,1.0000,0.6636,0.3945,0.2393,0.3921,-0.2050,0.1535,0.4702,0.2471,0.0155,0.0443,0.1452,-0.2453,-0.2245,-0.2428,-0.0778,-0.1323,-0.2565,-0.2764,-0.0902
0.0013,0.0454,0.1034,0.1996,0.1834,0.2311,-0.0082,0.3114,-0.2609,-0.1269,-0.1916,-0.1169,-0.0723,0.4303,0.1150,0.6636,1.0000,0.3446,0.2430,0.2925,-0.0841,0.0363,0.5231,0.1198,0.0456,0.0409,0.1386,-0.2333,-0.2383,-0.3159,-0.2435,-0.2295,-0.2403,-0.0823,0.0579
0.3360,0.3563,0.3441,0.3664,-0.0545,0.0035,0.0412,0.0180,-0.1139,0.0177,0.0666,0.0249,0.0046,0.2284,0.2722,0.3945,0.3446,1.0000,0.6668,0.6629,0.0623,0.2938,0.3469,0.2931,0.1658,0.2300,0.2947,0.0279,0.1513,0.0567,0.1566,0.1118,0.1240,0.1433,0.1887
0.2025,0.1855,0.1639,0.2388,-0.0578,-0.0915,-0.0421,-0.0913,-0.1097,-0.0454,-0.1099,-0.0549,-0.0063,0.0656,0.1275,0.2393,0.2430,0.6668,1.0000,0.3878,0.1054,0.1790,0.3588,0.1879,0.2086,0.1779,0.2118,-0.0656,-0.0167,-0.0913,-0.0025,-0.0029,0.1495,0.0309,0.0320
0.2844,0.3841,0.4455,0.4942,0.0177,-0.0023,0.0523,-0.0016,-0.0169,0.1014,0.1380,0.1402,0.0514,0.3106,0.2760,0.3921,0.2925,0.6629,0.3878,1.0000,0.1312,0.3496,0.2320,0.3520,0.2019,0.2304,0.2701,0.1299,0.2785,0.1669,0.2799,0.2382,0.1314,0.2596,0.3110
0.0765,0.1151,0.3527,0.3213,0.0286,-0.0126,-0.1046,0.1191,0.0375,0.3186,0.1073,0.1989,0.1329,-0.1600,-0.0045,-0.2050,-0.0841,0.0623,0.1054,0.1312,1.0000,0.3430,0.0969,0.2866,0.4761,0.0634,0.0039,0.4315,0.3737,0.4401,0.3795,0.3185,0.5289,0.3946,0.3084
0.5792,0.5372,0.3435,0.3346,0.1203,-0.1001,-0.0078,-0.0419,0.2567,0.3754,0.2352,0.3493,0.2217,0.1143,0.2204,0.1535,0.0363,0.2938,0.1790,0.3496,0.3430,1.0000,0.2622,0.7554,0.3756,0.1119,0.1376,0.3159,0.3258,0.3554,0.3068,0.2066,0.2698,0.0968,0.1110
0.0519,0.0077,0.1189,0.1768,0.2060,0.0827,-0.0569,0.2385,-0.0193,-0.0327,-0.0992,0.0147,-0.0787,0.3528,0.2231,0.4702,0.5231,0.3469,0.3588,0.2320,0.0969,0.2622,1.0000,0.2498,0.2073,0.0452,0.0905,-0.0316,-0.0444,-0.0605,-0.0548,-0.0914,-0.0109,-0.0686,0.0655
0.4716,0.6174,0.4398,0.4080,0.1766,-0.0656,0.1348,0.0764,0.1923,0.3167,0.2538,0.3492,0.2874,0.1666,0.2003,0.2471,0.1198,0.2931,0.1879,0.3520,0.2866,0.7554,0.2498,1.0000,0.3060,0.1958,0.2482,0.1961,0.1436,0.2109,0.3073,0.1953,0.2388,0.1086,0.1148
0.2156,0.0596,0.3776,0.3803,0.1663,0.1254,0.0652,0.1190,-0.0179,0.1570,0.0387,0.0370,-0.0018,-0.0215,0.0321,0.0155,0.0456,0.1658,0.2086,0.2019,0.4761,0.3756,0.2073,0.3060,1.0000,0.0665,-0.0427,0.1919,0.1627,0.2423,0.2246,0.1451,0.3805,0.1730,0.1936
0.2792,0.3733,0.2243,0.2804,0.0450,0.1774,0.0538,0.0892,-0.0469,0.2206,0.1612,0.2426,0.1475,-0.0844,0.0497,0.0443,0.0409,0.2300,0.1779,0.2304,0.0634,0.1119,0.0452,0.1958,0.0665,1.0000,0.7508,0.0986,0.2033,0.0473,0.1556,0.1720,0.0416,0.1907,0.1716
0.2168,0.3808,0.2454,0.2825,0.0426,0.2196,0.0690,0.2365,-0.0180,0.2144,0.1260,0.2363,0.1129,0.0413,0.0698,0.1452,0.1386,0.2947,0.2118,0.2701,0.0039,0.1376,0.0905,0.2482,-0.0427,0.7508,1.0000,0.0804,0.1378,-0.0184,0.0742,0.1104,-0.0042,0.1869,0.1827
0.1768,0.2734,0.1497,0.1307,-0.1067,-0.0627,-0.0771,-0.0340,0.1147,0.3913,0.2907,0.4362,0.3063,-0.0312,0.0699,-0.2453,-0.2333,0.0279,-0.0656,0.1299,0.4315,0.3159,-0.0316,0.1961,0.1919,0.0986,0.0804,1.0000,0.5647,0.6069,0.4456,0.3143,0.5458,0.2694,0.1708
0.2896,0.3039,0.1962,0.2216,-0.0835,-0.0008,-0.1207,-0.0306,0.1480,0.3663,0.2593,0.2948,0.1585,-0.1114,0.1160,-0.2245,-0.2383,0.1513,-0.0167,0.2785,0.3737,0.3258,-0.0444,0.1436,0.1627,0.2033,0.1378,0.5647,1.0000,0.7270,0.5842,0.6467,0.4882,0.3432,0.2618
0.1899,0.2446,0.2256,0.2334,-0.0852,0.0015,-0.0961,-0.0022,0.2235,0.4811,0.4385,0.3504,0.1738,-0.1124,0.1861,-0.2428,-0.3159,0.0567,-0.0913,0.1669,0.4401,0.3554,-0.0605,0.2109,0.2423,0.0473,-0.0184,0.6069,0.7270,1.0000,0.7058,0.5693,0.5213,0.3268,0.2227
0.2216,0.2772,0.3377,0.3487,-0.1437,0.0042,0.0054,0.0146,0.1543,0.3660,0.4348,0.2630,0.1548,-0.0001,0.2075,-0.0778,-0.2435,0.1566,-0.0025,0.2799,0.3795,0.3068,-0.0548,0.3073,0.2246,0.1556,0.0742,0.4456,0.5842,0.7058,1.0000,0.7040,0.5838,0.4085,0.3404
0.2145,0.2227,0.3496,0.3788,-0.1339,-0.0484,0.0632,-0.0101,0.1510,0.2418,0.1655,0.1444,0.1060,-0.0660,0.0773,-0.1323,-0.2295,0.1118,-0.0029,0.2382,0.3185,0.2066,-0.0914,0.1953,0.1451,0.1720,0.1104,0.3143,0.6467,0.5693,0.7040,1.0000,0.5311,0.3807,0.3322
0.1231,0.1777,0.3206,0.3180,-0.1668,-0.0818,0.0344,0.0159,0.0077,0.2326,0.0935,0.1767,0.1530,-0.1174,-0.0045,-0.2565,-0.2403,0.1240,0.1495,0.1314,0.5289,0.2698,-0.0109,0.2388,0.3805,0.0416,-0.0042,0.5458,0.4882,0.5213,0.5838,0.5311,1.0000,0.3886,0.3069
0.1247,0.1497,0.3821,0.4541,-0.2492,0.0663,0.0574,0.1157,-0.1326,0.2676,0.1703,0.0885,0.0740,-0.1678,-0.0360,-0.2764,-0.0823,0.1433,0.0309,0.2596,0.3946,0.0968,-0.0686,0.1086,0.1730,0.1907,0.1869,0.2694,0.3432,0.3268,0.4085,0.3807,0.3886,1.0000,0.8484
0.1226,0.0782,0.3999,0.5164,-0.1779,0.0919,0.1086,0.1620,-0.1197,0.1594,0.1175,0.0275,-0.0229,-0.0348,0.0158,-0.0902,0.0579,0.1887,0.0320,0.3110,0.3084,0.1110,0.0655,0.1148,0.1936,0.1716,0.1827,0.1708,0.2618,0.2227,0.3404,0.3322,0.3069,0.8484,1.0000
