0.000000,0.818693,-0.135199,-0.042934,0.457962,-0.061858,-0.237071,0.048770,0.348391,0.472423,0.492745,0.509773,0.222938,0.031190,0.366511,0.162317,0.300371,0.177747,0.277384,0.288923,-0.197793,0.298420,0.175968,0.322283,0.107542,0.520367,0.528485,-0.220632,0.370008,0.437379,0.354326,0.424726,0.254561,0.208023,0.289115
0.818693,0.000000,-0.085969,-0.003500,0.387014,-0.042820,-0.265916,0.012370,0.361236,0.450147,0.518337,0.561036,0.170439,0.212086,0.489437,0.297250,0.414642,0.198553,0.301051,0.344333,-0.207246,0.389683,0.256420,0.496021,0.126577,0.547242,0.559188,-0.234407,0.390759,0.366565,0.415691,0.452305,0.243740,0.295565,0.363030
-0.135199,-0.085969,0.000000,0.863820,-0.178923,0.054740,0.008407,0.015695,0.100231,0.066341,-0.050878,0.183452,-0.026029,0.101544,0.118698,0.066679,0.068000,0.433526,0.224911,0.098205,0.524397,0.250590,0.121776,0.201367,0.247755,-0.005764,0.056716,0.708481,0.038721,-0.044243,0.054252,0.079041,0.009424,0.182286,-0.004140
-0.042934,-0.003500,0.863820,0.000000,-0.072559,0.125818,0.013741,0.041661,0.248950,0.235982,0.086180,0.322667,-0.015407,0.173076,0.124038,0.142620,0.154642,0.576501,0.339157,0.249835,0.552994,0.329194,0.182329,0.300671,0.341778,0.141416,0.170068,0.724001,0.170751,0.100849,0.166148,0.164299,0.153863,0.302579,0.131488
0.457962,0.387014,-0.178923,-0.072559,0.000000,0.110957,-0.085428,0.096201,0.187090,0.347470,0.432233,0.318902,0.112208,0.056211,0.160712,0.115070,0.219460,0.018060,0.096776,0.217075,-0.300896,-0.179178,0.060771,-0.062132,-0.025922,0.298226,0.339859,-0.300425,0.233897,0.294678,0.081154,0.270959,0.164142,0.208439,0.275410
-0.061858,-0.042820,0.054740,0.125818,0.110957,0.000000,-0.232881,0.206271,0.106766,0.172586,0.029722,0.065077,-0.316674,0.366918,0.108762,0.296739,0.366485,-0.028801,-0.061466,-0.081968,0.013848,0.101894,0.330654,0.138863,0.235285,0.369243,0.198841,0.052139,0.242878,0.069050,-0.115197,-0.085087,0.116264,0.181255,0.232788
-0.237071,-0.265916,0.008407,0.013741,-0.085428,-0.232881,0.000000,-0.078364,-0.301908,-0.307365,-0.282947,-0.328738,0.000241,-0.360787,-0.286796,-0.367926,-0.443765,-0.058178,-0.042157,-0.073350,0.035986,-0.276879,-0.168552,-0.295944,-0.121105,-0.396578,-0.462764,0.008003,-0.410403,-0.211000,-0.191613,-0.311274,-0.138466,-0.255504,-0.325070
0.048770,0.012370,0.015695,0.041661,0.096201,0.206271,-0.078364,0.000000,0.091603,0.012919,0.128070,-0.016151,-0.005407,0.100283,-0.007953,0.116376,0.131630,0.001746,-0.125713,-0.043737,0.034588,0.106393,0.218089,0.076056,0.208279,0.214423,0.179717,0.025859,0.106222,0.115258,0.016621,-0.039024,0.107432,0.107276,0.126865
0.348391,0.361236,0.100231,0.248950,0.187090,0.106766,-0.301908,0.091603,0.000000,0.601568,0.489184,0.532174,0.321686,0.264199,0.205102,0.183464,0.261368,0.281110,0.224024,0.166255,0.170652,0.346742,0.153130,0.421134,0.277469,0.514120,0.501886,0.192101,0.697665,0.583714,0.537917,0.418897,0.300593,0.265648,0.266076
0.472423,0.450147,0.066341,0.235982,0.347470,0.172586,-0.307365,0.012919,0.601568,0.000000,0.648578,0.787070,0.157270,0.297918,0.352491,0.319443,0.406803,0.324220,0.270660,0.294986,0.016018,0.337182,0.264910,0.373664,0.291414,0.553287,0.568967,0.072934,0.662211,0.547932,0.462674,0.457983,0.417568,0.438764,0.497625
0.492745,0.518337,-0.050878,0.086180,0.432233,0.029722,-0.282947,0.128070,0.489184,0.648578,0.000000,0.714486,0.355157,0.349039,0.322625,0.388804,0.349795,0.282685,0.223019,0.349827,-0.063731,0.350342,0.212159,0.426659,0.260249,0.466001,0.550679,-0.096609,0.560680,0.598224,0.654951,0.530091,0.355288,0.515941,0.566434
0.509773,0.561036,0.183452,0.322667,0.318902,0.065077,-0.328738,-0.016151,0.532174,0.787070,0.714486,0.000000,0.218106,0.376008,0.510078,0.432067,0.481000,0.445797,0.403023,0.453040,0.063102,0.476383,0.323483,0.508283,0.323472,0.528869,0.604390,0.096764,0.576564,0.477608,0.573459,0.658328,0.395557,0.484095,0.527639
0.222938,0.170439,-0.026029,-0.015407,0.112208,-0.316674,0.000241,-0.005407,0.321686,0.157270,0.355157,0.218106,0.000000,-0.245464,-0.129434,-0.186309,-0.262800,0.154497,0.175711,0.072766,0.018451,0.016836,-0.196266,0.032624,-0.020173,0.032064,0.231922,-0.034180,0.147539,0.325099,0.404853,0.282229,-0.051458,-0.089056,-0.098018
0.031190,0.212086,0.101544,0.173076,0.056211,0.366918,-0.360787,0.100283,0.264199,0.297918,0.349039,0.376008,-0.245464,0.000000,0.559049,0.725117,0.604890,0.214547,0.175367,0.264830,0.018785,0.342778,0.405903,0.409760,0.269049,0.348219,0.262784,0.095666,0.398258,0.143899,0.303352,0.258650,0.319026,0.451884,0.510656
0.366511,0.489437,0.118698,0.124038,0.160712,0.108762,-0.286796,-0.007953,0.205102,0.352491,0.322625,0.510078,-0.129434,0.559049,0.000000,0.555887,0.522502,0.264969,0.341668,0.303001,-0.031464,0.305127,0.493537,0.316548,0.340465,0.290780,0.268572,0.002785,0.344246,0.147415,0.323508,0.425256,0.229369,0.282612,0.356424
0.162317,0.297250,0.066679,0.142620,0.115070,0.296739,-0.367926,0.116376,0.183464,0.319443,0.388804,0.432067,-0.186309,0.725117,0.555887,0.000000,0.745671,0.315481,0.313449,0.382037,-0.042569,0.264452,0.459102,0.316495,0.255023,0.412750,0.374038,-0.020266,0.295160,0.180405,0.249583,0.296428,0.182682,0.457699,0.539396
0.300371,0.414642,0.068000,0.154642,0.219460,0.366485,-0.443765,0.131630,0.261368,0.406803,0.349795,0.481000,-0.262800,0.604890,0.522502,0.745671,0.000000,0.258561,0.310325,0.339236,-0.060057,0.332553,0.494986,0.388728,0.256831,0.545270,0.452983,-0.040827,0.360876,0.140443,0.161669,0.280738,0.243225,0.428431,0.504083
0.177747,0.198553,0.433526,0.576501,0.018060,-0.028801,-0.058178,0.001746,0.281110,0.324220,0.282685,0.445797,0.154497,0.214547,0.264969,0.315481,0.258561,0.000000,0.748244,0.724970,0.428248,0.284302,0.346156,0.261039,0.370296,0.276614,0.276006,0.502352,0.200526,0.254632,0.377547,0.281334,0.162649,0.417874,0.299988
0.277384,0.301051,0.224911,0.339157,0.096776,-0.061466,-0.042157,-0.125713,0.224024,0.270660,0.223019,0.403023,0.175711,0.175367,0.341668,0.313449,0.310325,0.748244,0.000000,0.708123,0.106316,0.194291,0.366519,0.199791,0.237031,0.287468,0.298157,0.207038,0.176299,0.156759,0.336351,0.322576,0.139762,0.215513,0.205198
0.288923,0.344333,0.098205,0.249835,0.217075,-0.081968,-0.073350,-0.043737,0.166255,0.294986,0.349827,0.453040,0.072766,0.264830,0.303001,0.382037,0.339236,0.724970,0.708123,0.000000,0.117588,0.181817,0.253695,0.205523,0.113558,0.365067,0.272443,0.153393,0.151214,0.221157,0.355946,0.309677,0.210118,0.486424,0.438229
-0.197793,-0.207246,0.524397,0.552994,-0.300896,0.013848,0.035986,0.034588,0.170652,0.016018,-0.063731,0.063102,0.018451,0.018785,-0.031464,-0.042569,-0.060057,0.428248,0.106316,0.117588,0.000000,0.196849,0.141724,0.088285,0.442620,-0.011105,-0.121951,0.746638,-0.006117,-0.002637,0.044676,-0.046758,0.038631,0.173776,-0.000876
0.298420,0.389683,0.250590,0.329194,-0.179178,0.101894,-0.276879,0.106393,0.346742,0.337182,0.350342,0.476383,0.016836,0.342778,0.305127,0.264452,0.332553,0.284302,0.194291,0.181817,0.196849,0.000000,0.350121,0.871434,0.371018,0.394329,0.424621,0.172692,0.347677,0.197153,0.385102,0.266185,0.277748,0.277570,0.267961
0.175968,0.256420,0.121776,0.182329,0.060771,0.330654,-0.168552,0.218089,0.153130,0.264910,0.212159,0.323483,-0.196266,0.405903,0.493537,0.459102,0.494986,0.346156,0.366519,0.253695,0.141724,0.350121,0.000000,0.294660,0.698033,0.422291,0.224802,0.119371,0.226317,0.125301,0.176245,0.136201,0.350375,0.319475,0.385548
0.322283,0.496021,0.201367,0.300671,-0.062132,0.138863,-0.295944,0.076056,0.421134,0.373664,0.426659,0.508283,0.032624,0.409760,0.316548,0.316495,0.388728,0.261039,0.199791,0.205523,0.088285,0.871434,0.294660,0.000000,0.277403,0.445032,0.515367,0.087292,0.423017,0.270676,0.453609,0.330045,0.284476,0.304894,0.312304
0.107542,0.126577,0.247755,0.341778,-0.025922,0.235285,-0.121105,0.208279,0.277469,0.291414,0.260249,0.323472,-0.020173,0.269049,0.340465,0.255023,0.256831,0.370296,0.237031,0.113558,0.442620,0.371018,0.698033,0.277403,0.000000,0.285742,0.146633,0.317633,0.267769,0.237438,0.289480,0.160409,0.355655,0.271776,0.273725
0.520367,0.547242,-0.005764,0.141416,0.298226,0.369243,-0.396578,0.214423,0.514120,0.553287,0.466001,0.528869,0.032064,0.348219,0.290780,0.412750,0.545270,0.276614,0.287468,0.365067,-0.011105,0.394329,0.422291,0.445032,0.285742,0.000000,0.672609,0.004720,0.595927,0.418703,0.350621,0.372405,0.419096,0.527753,0.571419
0.528485,0.559188,0.056716,0.170068,0.339859,0.198841,-0.462764,0.179717,0.501886,0.568967,0.550679,0.604390,0.231922,0.262784,0.268572,0.374038,0.452983,0.276006,0.298157,0.272443,-0.121951,0.424621,0.224802,0.515367,0.146633,0.672609,0.000000,-0.065404,0.634819,0.509017,0.413318,0.545109,0.245816,0.386933,0.469503
-0.220632,-0.234407,0.708481,0.724001,-0.300425,0.052139,0.008003,0.025859,0.192101,0.072934,-0.096609,0.096764,-0.034180,0.095666,0.002785,-0.020266,-0.040827,0.502352,0.207038,0.153393,0.746638,0.172692,0.119371,0.087292,0.317633,0.004720,-0.065404,0.000000,0.099554,0.059358,0.099713,0.009993,0.161676,0.235221,0.041044
0.370008,0.390759,0.038721,0.170751,0.233897,0.242878,-0.410403,0.106222,0.697665,0.662211,0.560680,0.576564,0.147539,0.398258,0.344246,0.295160,0.360876,0.200526,0.176299,0.151214,-0.006117,0.347677,0.226317,0.423017,0.267769,0.595927,0.634819,0.099554,0.000000,0.634157,0.606517,0.611810,0.461040,0.442710,0.515993
0.437379,0.366565,-0.044243,0.100849,0.294678,0.069050,-0.211000,0.115258,0.583714,0.547932,0.598224,0.477608,0.325099,0.143899,0.147415,0.180405,0.140443,0.254632,0.156759,0.221157,-0.002637,0.197153,0.125301,0.270676,0.237438,0.418703,0.509017,0.059358,0.634157,0.000000,0.688286,0.443363,0.456219,0.425800,0.451957
0.354326,0.415691,0.054252,0.166148,0.081154,-0.115197,-0.191613,0.016621,0.537917,0.462674,0.654951,0.573459,0.404853,0.303352,0.323508,0.249583,0.161669,0.377547,0.336351,0.355946,0.044676,0.385102,0.176245,0.453609,0.289480,0.350621,0.413318,0.099713,0.606517,0.688286,0.000000,0.616717,0.499243,0.450762,0.468418
0.424726,0.452305,0.079041,0.164299,0.270959,-0.085087,-0.311274,-0.039024,0.418897,0.457983,0.530091,0.658328,0.282229,0.258650,0.425256,0.296428,0.280738,0.281334,0.322576,0.309677,-0.046758,0.266185,0.136201,0.330045,0.160409,0.372405,0.545109,0.009993,0.611810,0.443363,0.616717,0.000000,0.352857,0.339931,0.411796
0.254561,0.243740,0.009424,0.153863,0.164142,0.116264,-0.138466,0.107432,0.300593,0.417568,0.355288,0.395557,-0.051458,0.319026,0.229369,0.182682,0.243225,0.162649,0.139762,0.210118,0.038631,0.277748,0.350375,0.284476,0.355655,0.419096,0.245816,0.161676,0.461040,0.456219,0.499243,0.352857,0.000000,0.416863,0.493065
0.208023,0.295565,0.182286,0.302579,0.208439,0.181255,-0.255504,0.107276,0.265648,0.438764,0.515941,0.484095,-0.089056,0.451884,0.282612,0.457699,0.428431,0.417874,0.215513,0.486424,0.173776,0.277570,0.319475,0.304894,0.271776,0.527753,0.386933,0.235221,0.442710,0.425800,0.450762,0.339931,0.416863,0.000000,0.862571
0.289115,0.363030,-0.004140,0.131488,0.275410,0.232788,-0.325070,0.126865,0.266076,0.497625,0.566434,0.527639,-0.098018,0.510656,0.356424,0.539396,0.504083,0.299988,0.205198,0.438229,-0.000876,0.267961,0.385548,0.312304,0.273725,0.571419,0.469503,0.041044,0.515993,0.451957,0.468418,0.411796,0.493065,0.862571,0.000000
