1.0000,0.8885,0.1673,0.1930,0.3206,-0.2944,-0.3046,-0.2097,0.3666,0.5552,0.4986,0.5329,0.0569,0.3085,0.4068,0.5027,0.3324,0.4401,0.3810,0.3582,0.3114,0.5805,0.2656,0.5983,0.3229,0.6126,0.6041,0.3100,0.6240,0.5579,0.4897,0.5248,0.2328,0.4982,0.5149
0.8885,1.0000,0.1386,0.1399,0.2851,-0.2986,-0.3316,-0.2012,0.3379,0.5299,0.4368,0.5555,0.1131,0.3326,0.3795,0.4796,0.2949,0.3959,0.3591,0.3317,0.2334,0.5177,0.2229,0.6023,0.2512,0.6090,0.6225,0.2762,0.6420,0.4870,0.4821,0.5187,0.2767,0.4639,0.4819
0.1673,0.1386,1.0000,0.8574,0.4510,0.0845,-0.0571,-0.1203,0.3587,0.2066,0.5868,0.0990,-0.1404,0.3617,0.2028,0.5342,0.5023,0.4872,0.3004,0.5583,0.3496,0.3655,0.2464,0.4322,0.2437,0.3109,0.3246,0.3671,0.3298,0.4030,0.2679,0.2107,0.0545,0.4666,0.4640
0.1930,0.1399,0.8574,1.0000,0.5269,0.1075,-0.0143,-0.1718,0.3838,0.2446,0.6644,0.1089,-0.1668,0.3493,0.2657,0.5664,0.5705,0.5379,0.2845,0.5715,0.3450,0.4297,0.3044,0.4712,0.2333,0.3601,0.3739,0.3237,0.3398,0.4241,0.2438,0.1770,-0.0366,0.4744,0.4740
0.3206,0.2851,0.4510,0.5269,1.0000,0.0319,0.0234,-0.1206,0.2106,0.1939,0.4911,0.1010,-0.0395,0.2374,0.1032,0.3973,0.3907,0.4475,0.3236,0.3925,0.3693,0.7170,0.3429,0.6777,0.2999,0.4780,0.4909,0.3927,0.3239,0.2743,0.1411,0.1855,0.0287,0.3175,0.3369
-0.2944,-0.2986,0.0845,0.1075,0.0319,1.0000,-0.1287,0.4988,0.0758,-0.1243,0.0393,-0.3107,0.0175,0.1631,-0.1177,0.0413,0.0885,-0.1725,-0.2146,-0.1476,-0.0421,-0.0476,0.0066,-0.0625,-0.0474,0.0673,0.1125,0.0313,-0.0449,0.0372,0.0107,-0.0212,-0.0700,-0.1104,-0.0924
-0.3046,-0.3316,-0.0571,-0.0143,0.0234,-0.1287,1.0000,-0.2092,-0.3152,-0.2203,-0.2535,-0.2103,-0.1082,-0.3830,-0.1881,-0.3748,-0.2978,-0.0429,-0.1601,-0.1286,-0.1278,-0.2284,-0.0904,-0.2505,-0.1118,-0.3157,-0.3803,-0.1665,-0.3984,-0.4508,-0.5364,-0.3647,-0.1772,-0.3883,-0.4034
-0.2097,-0.2012,-0.1203,-0.1718,-0.1206,0.4988,-0.2092,1.0000,-0.0592,-0.1476,-0.1682,-0.1692,0.0009,0.0131,-0.1335,-0.0404,-0.0730,-0.1875,-0.1591,-0.1842,0.0345,-0.1211,0.0468,-0.1522,0.0726,0.0284,0.0287,0.0297,-0.0258,-0.1112,-0.0164,-0.0825,-0.0394,-0.1372,-0.1364
0.3666,0.3379,0.3587,0.3838,0.2106,0.0758,-0.3152,-0.0592,1.0000,0.5424,0.6232,0.2034,0.1299,0.5827,0.4494,0.5515,0.4230,0.3234,0.1886,0.2401,0.3855,0.3687,0.3474,0.4028,0.3086,0.3987,0.4927,0.3155,0.5453,0.6188,0.5911,0.5609,0.1048,0.2926,0.3502
0.5552,0.5299,0.2066,0.2446,0.1939,-0.1243,-0.2203,-0.1476,0.5424,1.0000,0.5644,0.5651,0.1330,0.2112,0.4070,0.3482,0.2694,0.4219,0.2894,0.3223,0.2856,0.3125,0.2543,0.3602,0.2545,0.3779,0.4378,0.2205,0.4096,0.4102,0.4042,0.5605,0.0716,0.2802,0.2886
0.4986,0.4368,0.5868,0.6644,0.4911,0.0393,-0.2535,-0.1682,0.6232,0.5644,1.0000,0.3971,-0.0277,0.4597,0.4846,0.6992,0.5993,0.4913,0.3114,0.4992,0.3579,0.5627,0.3553,0.6219,0.2684,0.5866,0.6120,0.4102,0.5283,0.7132,0.6040,0.4748,0.1295,0.5644,0.5859
0.5329,0.5555,0.0990,0.1089,0.1010,-0.3107,-0.2103,-0.1692,0.2034,0.5651,0.3971,1.0000,0.0621,0.0618,0.3523,0.2228,0.1789,0.3110,0.2480,0.3115,0.2658,0.3004,0.2252,0.3902,0.2864,0.2824,0.2554,0.1822,0.3279,0.2409,0.2879,0.3923,0.0805,0.3147,0.2877
0.0569,0.1131,-0.1404,-0.1668,-0.0395,0.0175,-0.1082,0.0009,0.1299,0.1330,-0.0277,0.0621,1.0000,0.0143,-0.1057,-0.1240,-0.0814,-0.0822,0.0304,-0.0490,-0.0946,-0.0154,-0.1331,-0.0203,-0.0461,-0.0442,0.0334,0.0393,0.0456,-0.0018,0.1447,0.2617,0.1917,-0.2082,-0.1901
0.3085,0.3326,0.3617,0.3493,0.2374,0.1631,-0.3830,0.0131,0.5827,0.2112,0.4597,0.0618,0.0143,1.0000,0.4461,0.7197,0.4985,0.3042,0.1909,0.2860,0.3077,0.4056,0.3347,0.4445,0.2101,0.5481,0.6013,0.3450,0.5225,0.5377,0.4716,0.4363,0.1613,0.5153,0.5479
0.4068,0.3795,0.2028,0.2657,0.1032,-0.1177,-0.1881,-0.1335,0.4494,0.4070,0.4846,0.3523,-0.1057,0.4461,1.0000,0.4957,0.3736,0.2385,0.1085,0.2175,0.2551,0.3370,0.3273,0.3758,0.1986,0.4093,0.3915,0.1649,0.3965,0.3922,0.3668,0.3494,0.0383,0.4199,0.4291
0.5027,0.4796,0.5342,0.5664,0.3973,0.0413,-0.3748,-0.0404,0.5515,0.3482,0.6992,0.2228,-0.1240,0.7197,0.4957,1.0000,0.6647,0.5246,0.3401,0.5458,0.3549,0.5592,0.3747,0.5956,0.2824,0.6949,0.7042,0.4117,0.6105,0.6628,0.5602,0.3984,0.1875,0.7240,0.7418
0.3324,0.2949,0.5023,0.5705,0.3907,0.0885,-0.2978,-0.0730,0.4230,0.2694,0.5993,0.1789,-0.0814,0.4985,0.3736,0.6647,1.0000,0.3162,0.1792,0.4538,0.1866,0.3820,0.1752,0.3733,0.0888,0.5001,0.5085,0.2320,0.4264,0.4731,0.3767,0.2858,0.0404,0.5018,0.5154
0.4401,0.3959,0.4872,0.5379,0.4475,-0.1725,-0.0429,-0.1875,0.3234,0.4219,0.4913,0.3110,-0.0822,0.3042,0.2385,0.5246,0.3162,1.0000,0.6891,0.7931,0.5098,0.3762,0.2924,0.4149,0.4256,0.3474,0.3970,0.4133,0.3524,0.3472,0.1722,0.2573,0.0216,0.4988,0.4819
0.3810,0.3591,0.3004,0.2845,0.3236,-0.2146,-0.1601,-0.1591,0.1886,0.2894,0.3114,0.2480,0.0304,0.1909,0.1085,0.3401,0.1792,0.6891,1.0000,0.6488,0.4314,0.2621,0.1722,0.2989,0.4011,0.2980,0.3434,0.3134,0.3428,0.2510,0.1685,0.2602,0.0268,0.3297,0.3198
0.3582,0.3317,0.5583,0.5715,0.3925,-0.1476,-0.1286,-0.1842,0.2401,0.3223,0.4992,0.3115,-0.0490,0.2860,0.2175,0.5458,0.4538,0.7931,0.6488,1.0000,0.3201,0.2855,0.1221,0.3279,0.2573,0.3160,0.3395,0.2812,0.3272,0.2933,0.1782,0.2108,0.0057,0.5599,0.5428
0.3114,0.2334,0.3496,0.3450,0.3693,-0.0421,-0.1278,0.0345,0.3855,0.2856,0.3579,0.2658,-0.0946,0.3077,0.2551,0.3549,0.1866,0.5098,0.4314,0.3201,1.0000,0.5182,0.6710,0.5028,0.8323,0.3439,0.3273,0.6157,0.3392,0.3723,0.2290,0.2727,0.0939,0.3575,0.3385
0.5805,0.5177,0.3655,0.4297,0.7170,-0.0476,-0.2284,-0.1211,0.3687,0.3125,0.5627,0.3004,-0.0154,0.4056,0.3370,0.5592,0.3820,0.3762,0.2621,0.2855,0.5182,1.0000,0.5875,0.9142,0.5041,0.6666,0.6345,0.5287,0.5303,0.5424,0.4452,0.3652,0.2133,0.4966,0.5346
0.2656,0.2229,0.2464,0.3044,0.3429,0.0066,-0.0904,0.0468,0.3474,0.2543,0.3553,0.2252,-0.1331,0.3347,0.3273,0.3747,0.1752,0.2924,0.1722,0.1221,0.6710,0.5875,1.0000,0.5841,0.6743,0.3996,0.3656,0.4933,0.3312,0.3366,0.2149,0.1784,0.0481,0.3219,0.3342
0.5983,0.6023,0.4322,0.4712,0.6777,-0.0625,-0.2505,-0.1522,0.4028,0.3602,0.6219,0.3902,-0.0203,0.4445,0.3758,0.5956,0.3733,0.4149,0.2989,0.3279,0.5028,0.9142,0.5841,1.0000,0.4787,0.7174,0.6930,0.5373,0.5816,0.5605,0.4684,0.3975,0.2085,0.5475,0.5721
0.3229,0.2512,0.2437,0.2333,0.2999,-0.0474,-0.1118,0.0726,0.3086,0.2545,0.2684,0.2864,-0.0461,0.2101,0.1986,0.2824,0.0888,0.4256,0.4011,0.2573,0.8323,0.5041,0.6743,0.4787,1.0000,0.3215,0.2917,0.5085,0.3278,0.3007,0.2373,0.2535,0.1175,0.2750,0.2689
0.6126,0.6090,0.3109,0.3601,0.4780,0.0673,-0.3157,0.0284,0.3987,0.3779,0.5866,0.2824,-0.0442,0.5481,0.4093,0.6949,0.5001,0.3474,0.2980,0.3160,0.3439,0.6666,0.3996,0.7174,0.3215,1.0000,0.8885,0.4479,0.6593,0.5699,0.4926,0.4153,0.2537,0.5513,0.5727
0.6041,0.6225,0.3246,0.3739,0.4909,0.1125,-0.3803,0.0287,0.4927,0.4378,0.6120,0.2554,0.0334,0.6013,0.3915,0.7042,0.5085,0.3970,0.3434,0.3395,0.3273,0.6345,0.3656,0.6930,0.2917,0.8885,1.0000,0.4358,0.6188,0.5873,0.5236,0.4863,0.2471,0.5269,0.5658
0.3100,0.2762,0.3671,0.3237,0.3927,0.0313,-0.1665,0.0297,0.3155,0.2205,0.4102,0.1822,0.0393,0.3450,0.1649,0.4117,0.2320,0.4133,0.3134,0.2812,0.6157,0.5287,0.4933,0.5373,0.5085,0.4479,0.4358,1.0000,0.3070,0.4193,0.2697,0.2016,0.3846,0.3807,0.3655
0.6240,0.6420,0.3298,0.3398,0.3239,-0.0449,-0.3984,-0.0258,0.5453,0.4096,0.5283,0.3279,0.0456,0.5225,0.3965,0.6105,0.4264,0.3524,0.3428,0.3272,0.3392,0.5303,0.3312,0.5816,0.3278,0.6593,0.6188,0.3070,1.0000,0.6840,0.6657,0.5992,0.2575,0.5321,0.5607
0.5579,0.4870,0.4030,0.4241,0.2743,0.0372,-0.4508,-0.1112,0.6188,0.4102,0.7132,0.2409,-0.0018,0.5377,0.3922,0.6628,0.4731,0.3472,0.2510,0.2933,0.3723,0.5424,0.3366,0.5605,0.3007,0.5699,0.5873,0.4193,0.6840,1.0000,0.8097,0.5362,0.3318,0.6009,0.6444
0.4897,0.4821,0.2679,0.2438,0.1411,0.0107,-0.5364,-0.0164,0.5911,0.4042,0.6040,0.2879,0.1447,0.4716,0.3668,0.5602,0.3767,0.1722,0.1685,0.1782,0.2290,0.4452,0.2149,0.4684,0.2373,0.4926,0.5236,0.2697,0.6657,0.8097,1.0000,0.6783,0.4523,0.4756,0.5435
0.5248,0.5187,0.2107,0.1770,0.1855,-0.0212,-0.3647,-0.0825,0.5609,0.5605,0.4748,0.3923,0.2617,0.4363,0.3494,0.3984,0.2858,0.2573,0.2602,0.2108,0.2727,0.3652,0.1784,0.3975,0.2535,0.4153,0.4863,0.2016,0.5992,0.5362,0.6783,1.0000,0.2767,0.2746,0.3112
0.2328,0.2767,0.0545,-0.0366,0.0287,-0.0700,-0.1772,-0.0394,0.1048,0.0716,0.1295,0.0805,0.1917,0.1613,0.0383,0.1875,0.0404,0.0216,0.0268,0.0057,0.0939,0.2133,0.0481,0.2085,0.1175,0.2537,0.2471,0.3846,0.2575,0.3318,0.4523,0.2767,1.0000,0.2401,0.2683
0.4982,0.4639,0.4666,0.4744,0.3175,-0.1104,-0.3883,-0.1372,0.2926,0.2802,0.5644,0.3147,-0.2082,0.5153,0.4199,0.7240,0.5018,0.4988,0.3297,0.5599,0.3575,0.4966,0.3219,0.5475,0.2750,0.5513,0.5269,0.3807,0.5321,0.6009,0.4756,0.2746,0.2401,1.0000,0.9452
0.5149,0.4819,0.4640,0.4740,0.3369,-0.0924,-0.4034,-0.1364,0.3502,0.2886,0.5859,0.2877,-0.1901,0.5479,0.4291,0.7418,0.5154,0.4819,0.3198,0.5428,0.3385,0.5346,0.3342,0.5721,0.2689,0.5727,0.5658,0.3655,0.5607,0.6444,0.5435,0.3112,0.2683,0.9452,1.0000
