0.000000,0.745423,0.197688,0.062945,0.076389,-0.293707,-0.132949,0.043847,0.144911,0.236941,0.347419,0.284389,0.091611,0.284157,0.250387,0.267718,0.330141,0.171797,0.164513,0.379785,0.167384,0.575533,0.250392,0.486111,0.074062,0.567743,0.502134,0.139591,0.298752,0.336357,0.405546,0.339683,0.409085,0.523097,0.490617
0.745423,0.000000,0.160758,0.039602,0.087649,-0.245789,-0.090062,0.047299,0.225106,0.248499,0.416386,0.419287,0.250304,0.318230,0.301101,0.257486,0.288396,0.131716,0.243327,0.280372,0.109284,0.414154,0.233352,0.617394,0.042432,0.524441,0.494125,0.094588,0.280693,0.350839,0.462772,0.358750,0.318144,0.264802,0.234038
0.197688,0.160758,0.000000,0.644274,0.147984,-0.026889,-0.721950,-0.019423,0.043118,0.076880,0.150247,0.094273,-0.095266,0.203462,0.103172,0.138456,0.207189,0.462397,0.341644,0.440970,0.258309,0.168195,0.378869,0.182477,0.140516,0.327057,0.333098,0.260352,0.072325,0.047957,0.044271,0.091076,0.338436,0.381365,0.433328
0.062945,0.039602,0.644274,0.000000,0.135531,0.094742,-0.923820,0.030569,0.085232,0.127783,0.203751,0.058052,-0.023666,0.167886,0.231267,-0.025033,0.162489,0.534448,0.423155,0.400491,0.471027,0.253660,0.315798,0.238458,0.316762,0.093092,0.143614,0.402085,0.199627,0.207656,0.136352,0.201003,0.364813,0.267947,0.297855
0.076389,0.087649,0.147984,0.135531,0.000000,-0.028051,-0.153157,-0.111450,0.078903,0.056603,0.277670,0.138633,0.130773,0.070736,0.079816,0.177879,0.094923,0.165285,0.188173,0.170145,0.143831,0.099670,0.157731,0.133281,-0.011136,0.003299,0.016535,0.093109,0.058744,0.116761,0.125077,0.103530,0.085837,0.101818,0.094024
-0.293707,-0.245789,-0.026889,0.094742,-0.028051,0.000000,-0.074646,0.129910,-0.073218,0.022736,-0.146397,-0.010627,0.109933,-0.000101,-0.101494,-0.114361,0.069263,0.107888,0.015018,-0.097350,0.053488,-0.213434,-0.032274,-0.173050,0.108892,-0.107404,-0.050192,-0.162152,-0.072540,-0.121111,-0.108006,0.002693,-0.048274,-0.175585,-0.197202
-0.132949,-0.090062,-0.721950,-0.923820,-0.153157,-0.074646,0.000000,-0.044752,-0.115360,-0.157087,-0.235151,-0.079271,0.035899,-0.222992,-0.254513,-0.043940,-0.215366,-0.557706,-0.437997,-0.435878,-0.483186,-0.301127,-0.366613,-0.267740,-0.330237,-0.178609,-0.217717,-0.423974,-0.222819,-0.225985,-0.164924,-0.235003,-0.431050,-0.337938,-0.376283
0.043847,0.047299,-0.019423,0.030569,-0.111450,0.129910,-0.044752,0.000000,0.087852,0.037789,0.090013,-0.037922,0.005200,0.164663,0.054032,0.085176,0.066009,0.029597,-0.017568,-0.028764,0.067444,0.043866,0.079430,0.007791,0.069536,-0.012764,-0.010766,0.070328,0.015399,0.034497,-0.044577,-0.061489,-0.007527,0.043029,0.016464
0.144911,0.225106,0.043118,0.085232,0.078903,-0.073218,-0.115360,0.087852,0.000000,0.655141,0.546434,0.407381,0.404268,0.231489,0.400684,-0.111345,-0.079631,0.046893,0.034466,-0.174298,0.157821,0.238694,-0.014762,0.176718,0.094088,0.166753,0.208787,0.319986,0.469016,0.351165,0.077565,0.284906,0.087077,-0.047949,-0.060197
0.236941,0.248499,0.076880,0.127783,0.056603,0.022736,-0.157087,0.037789,0.655141,0.000000,0.546664,0.560660,0.451073,0.142493,0.311069,-0.060904,0.130121,0.176933,0.172575,-0.053507,0.138891,0.245229,-0.082121,0.158270,0.161264,0.262377,0.332122,0.075249,0.225564,0.113627,-0.020972,0.155156,0.095747,0.077363,0.081930
0.347419,0.416386,0.150247,0.203751,0.277670,-0.146397,-0.235151,0.090013,0.546434,0.546664,0.000000,0.501998,0.389727,0.442639,0.476613,0.290717,0.217045,0.246899,0.173103,0.232346,0.288222,0.395671,0.195662,0.434925,0.094176,0.219544,0.197342,0.261052,0.358421,0.491098,0.349601,0.255978,0.259440,0.192975,0.149827
0.284389,0.419287,0.094273,0.058052,0.138633,-0.010627,-0.079271,-0.037922,0.407381,0.560660,0.501998,0.000000,0.576942,0.219419,0.163588,0.116238,0.201575,0.177669,0.191963,0.031416,0.093680,0.128999,0.037220,0.346646,0.049853,0.343344,0.405649,-0.127456,0.052106,0.045813,0.106661,0.181934,0.064264,0.027516,0.019372
0.091611,0.250304,-0.095266,-0.023666,0.130773,0.109933,0.035899,0.005200,0.404268,0.451073,0.389727,0.576942,0.000000,0.032921,0.050475,-0.118699,-0.012495,0.024178,0.099587,-0.161098,0.044336,0.063661,-0.127746,0.243727,0.038445,0.052682,0.108071,-0.180481,0.050968,0.028558,0.102063,0.235422,-0.053857,-0.230386,-0.255054
0.284157,0.318230,0.203462,0.167886,0.070736,-0.000101,-0.222992,0.164663,0.231489,0.142493,0.442639,0.219419,0.032921,0.000000,0.564260,0.698917,0.503622,0.308082,0.149013,0.383499,0.199489,0.386696,0.343335,0.337528,0.182035,0.270990,0.270346,0.368573,0.396673,0.450540,0.462534,0.377310,0.355463,0.263476,0.254141
0.250387,0.301101,0.103172,0.231267,0.079816,-0.101494,-0.254513,0.054032,0.400684,0.311069,0.476613,0.163588,0.050475,0.564260,0.000000,0.322806,0.378385,0.228070,0.199999,0.206044,0.270581,0.425687,0.298435,0.274927,0.189932,0.107406,0.103845,0.562656,0.617901,0.642390,0.513344,0.460189,0.372460,0.146506,0.129658
0.267718,0.257486,0.138456,-0.025033,0.177879,-0.114361,-0.043940,0.085176,-0.111345,-0.060904,0.290717,0.116238,-0.118699,0.698917,0.322806,0.000000,0.654706,0.242394,0.136943,0.486160,0.028919,0.306824,0.403227,0.298690,0.044732,0.231656,0.195689,0.104798,0.054134,0.184967,0.397365,0.156912,0.325036,0.376877,0.381838
0.330141,0.288396,0.207189,0.162489,0.094923,0.069263,-0.215366,0.066009,-0.079631,0.130121,0.217045,0.201575,-0.012495,0.503622,0.378385,0.654706,0.000000,0.425791,0.369826,0.467677,0.148526,0.405224,0.533460,0.323554,0.180625,0.297017,0.280809,0.114081,0.144750,0.170970,0.390544,0.276084,0.430735,0.340465,0.342865
0.171797,0.131716,0.462397,0.534448,0.165285,0.107888,-0.557706,0.029597,0.046893,0.176933,0.246899,0.177669,0.024178,0.308082,0.228070,0.242394,0.425791,0.000000,0.674692,0.678354,0.401773,0.301446,0.500339,0.329980,0.323821,0.396142,0.415302,0.235854,0.192743,0.179973,0.210143,0.297545,0.377186,0.373642,0.389659
0.164513,0.243327,0.341644,0.423155,0.188173,0.015018,-0.437997,-0.017568,0.034466,0.172575,0.173103,0.191963,0.099587,0.149013,0.199999,0.136943,0.369826,0.674692,0.000000,0.569120,0.285268,0.324576,0.344002,0.419571,0.312744,0.290795,0.345661,0.125906,0.158296,0.122528,0.238286,0.284369,0.354168,0.154698,0.175133
0.379785,0.280372,0.440970,0.400491,0.170145,-0.097350,-0.435878,-0.028764,-0.174298,-0.053507,0.232346,0.031416,-0.161098,0.383499,0.206044,0.486160,0.467677,0.678354,0.569120,0.000000,0.281357,0.374527,0.464512,0.361343,0.170688,0.371579,0.336602,0.144789,0.115238,0.217680,0.355907,0.243037,0.435970,0.555776,0.561653
0.167384,0.109284,0.258309,0.471027,0.143831,0.053488,-0.483186,0.067444,0.157821,0.138891,0.288222,0.093680,0.044336,0.199489,0.270581,0.028919,0.148526,0.401773,0.285268,0.281357,0.000000,0.386709,0.323938,0.338384,0.484611,0.199425,0.208784,0.401852,0.341378,0.358414,0.320360,0.387529,0.436500,0.297846,0.293602
0.575533,0.414154,0.168195,0.253660,0.099670,-0.213434,-0.301127,0.043866,0.238694,0.245229,0.395671,0.128999,0.063661,0.386696,0.425687,0.306824,0.405224,0.301446,0.324576,0.374527,0.386709,0.000000,0.345132,0.660468,0.373678,0.357640,0.317234,0.319226,0.415545,0.457230,0.428412,0.425194,0.525859,0.382246,0.392975
0.250392,0.233352,0.378869,0.315798,0.157731,-0.032274,-0.366613,0.079430,-0.014762,-0.082121,0.195662,0.037220,-0.127746,0.343335,0.298435,0.403227,0.533460,0.500339,0.344002,0.464512,0.323938,0.345132,0.000000,0.354949,0.215804,0.231565,0.204670,0.292637,0.238580,0.276477,0.378380,0.314113,0.487625,0.385986,0.357322
0.486111,0.617394,0.182477,0.238458,0.133281,-0.173050,-0.267740,0.007791,0.176718,0.158270,0.434925,0.346646,0.243727,0.337528,0.274927,0.298690,0.323554,0.329980,0.419571,0.361343,0.338384,0.660468,0.354949,0.000000,0.268577,0.430443,0.421091,0.153997,0.287936,0.379534,0.477236,0.389890,0.430722,0.213678,0.216597
0.074062,0.042432,0.140516,0.316762,-0.011136,0.108892,-0.330237,0.069536,0.094088,0.161264,0.094176,0.049853,0.038445,0.182035,0.189932,0.044732,0.180625,0.323821,0.312744,0.170688,0.484611,0.373678,0.215804,0.268577,0.000000,0.164712,0.181455,0.205420,0.168034,0.181191,0.205740,0.274192,0.294861,0.167626,0.207328
0.567743,0.524441,0.327057,0.093092,0.003299,-0.107404,-0.178609,-0.012764,0.166753,0.262377,0.219544,0.343344,0.052682,0.270990,0.107406,0.231656,0.297017,0.396142,0.290795,0.371579,0.199425,0.357640,0.231565,0.430443,0.164712,0.000000,0.884270,0.037804,0.215003,0.118907,0.221729,0.305639,0.310031,0.491238,0.500765
0.502134,0.494125,0.333098,0.143614,0.016535,-0.050192,-0.217717,-0.010766,0.208787,0.332122,0.197342,0.405649,0.108071,0.270346,0.103845,0.195689,0.280809,0.415302,0.345661,0.336602,0.208784,0.317234,0.204670,0.421091,0.181455,0.884270,0.000000,0.015187,0.222233,0.075420,0.178110,0.332028,0.282201,0.446742,0.469983
0.139591,0.094588,0.260352,0.402085,0.093109,-0.162152,-0.423974,0.070328,0.319986,0.075249,0.261052,-0.127456,-0.180481,0.368573,0.562656,0.104798,0.114081,0.235854,0.125906,0.144789,0.401852,0.319226,0.292637,0.153997,0.205420,0.037804,0.015187,0.000000,0.671642,0.641390,0.422360,0.447706,0.414953,0.195847,0.204146
0.298752,0.280693,0.072325,0.199627,0.058744,-0.072540,-0.222819,0.015399,0.469016,0.225564,0.358421,0.052106,0.050968,0.396673,0.617901,0.054134,0.144750,0.192743,0.158296,0.115238,0.341378,0.415545,0.238580,0.287936,0.168034,0.215003,0.222233,0.671642,0.000000,0.809848,0.626736,0.725386,0.445506,0.111940,0.084120
0.336357,0.350839,0.047957,0.207656,0.116761,-0.121111,-0.225985,0.034497,0.351165,0.113627,0.491098,0.045813,0.028558,0.450540,0.642390,0.184967,0.170970,0.179973,0.122528,0.217680,0.358414,0.457230,0.276477,0.379534,0.181191,0.118907,0.075420,0.641390,0.809848,0.000000,0.729532,0.640246,0.464610,0.146743,0.089113
0.405546,0.462772,0.044271,0.136352,0.125077,-0.108006,-0.164924,-0.044577,0.077565,-0.020972,0.349601,0.106661,0.102063,0.462534,0.513344,0.397365,0.390544,0.210143,0.238286,0.355907,0.320360,0.428412,0.378380,0.477236,0.205740,0.221729,0.178110,0.422360,0.626736,0.729532,0.000000,0.751923,0.592034,0.212594,0.172940
0.339683,0.358750,0.091076,0.201003,0.103530,0.002693,-0.235003,-0.061489,0.284906,0.155156,0.255978,0.181934,0.235422,0.377310,0.460189,0.156912,0.276084,0.297545,0.284369,0.243037,0.387529,0.425194,0.314113,0.389890,0.274192,0.305639,0.332028,0.447706,0.725386,0.640246,0.751923,0.000000,0.536857,0.153644,0.138536
0.409085,0.318144,0.338436,0.364813,0.085837,-0.048274,-0.431050,-0.007527,0.087077,0.095747,0.259440,0.064264,-0.053857,0.355463,0.372460,0.325036,0.430735,0.377186,0.354168,0.435970,0.436500,0.525859,0.487625,0.430722,0.294861,0.310031,0.282201,0.414953,0.445506,0.464610,0.592034,0.536857,0.000000,0.437314,0.463763
0.523097,0.264802,0.381365,0.267947,0.101818,-0.175585,-0.337938,0.043029,-0.047949,0.077363,0.192975,0.027516,-0.230386,0.263476,0.146506,0.376877,0.340465,0.373642,0.154698,0.555776,0.297846,0.382246,0.385986,0.213678,0.167626,0.491238,0.446742,0.195847,0.111940,0.146743,0.212594,0.153644,0.437314,0.000000,0.876818
0.490617,0.234038,0.433328,0.297855,0.094024,-0.197202,-0.376283,0.016464,-0.060197,0.081930,0.149827,0.019372,-0.255054,0.254141,0.129658,0.381838,0.342865,0.389659,0.175133,0.561653,0.293602,0.392975,0.357322,0.216597,0.207328,0.500765,0.469983,0.204146,0.084120,0.089113,0.172940,0.138536,0.463763,0.876818,0.000000
