1.0000,0.8007,0.1290,0.1482,0.0912,-0.1641,-0.0482,-0.2669,0.2565,0.3052,0.4894,0.3728,0.1184,0.2145,0.3718,0.3867,0.2755,0.3311,0.1804,0.3290,-0.0220,0.2457,0.1113,0.1929,-0.0189,0.2738,0.3063,0.1869,0.3055,0.4884,0.4595,0.3291,0.3162,0.1738,0.2031
0.8007,1.0000,0.2111,0.2011,0.1428,-0.3033,-0.1401,-0.2145,0.2144,0.3435,0.5425,0.4728,0.2023,0.2892,0.4853,0.4340,0.3167,0.3292,0.2345,0.3493,0.0890,0.3111,0.1586,0.3975,0.0535,0.2399,0.2775,0.2000,0.2702,0.4623,0.5984,0.3778,0.3606,0.2115,0.2463
0.1290,0.2111,1.0000,0.8408,0.5475,0.0474,-0.2332,-0.1392,0.0085,0.2455,0.3978,0.4006,0.1546,0.0637,0.1900,0.3157,0.3703,0.5271,0.5095,0.4022,0.2941,0.3192,0.1085,0.3123,0.0917,0.0609,0.1351,0.1520,0.2257,0.2453,0.3875,0.3213,0.1126,0.3562,0.3835
0.1482,0.2011,0.8408,1.0000,0.5958,0.1159,-0.2109,-0.1108,0.0339,0.2683,0.4241,0.4096,0.1389,0.0802,0.1984,0.3265,0.3466,0.6005,0.5539,0.4578,0.3755,0.4013,0.1849,0.3568,0.1979,0.1095,0.1525,0.1861,0.2635,0.2997,0.4105,0.2904,0.1041,0.5120,0.5250
0.0912,0.1428,0.5475,0.5958,1.0000,0.1366,-0.1177,0.1142,0.1208,0.3613,0.4743,0.3926,0.1750,0.1286,0.2649,0.3264,0.2431,0.4930,0.3797,0.2905,0.4849,0.6549,0.2973,0.5312,0.3896,0.1854,0.1357,0.2925,0.3625,0.2216,0.4031,0.3451,0.2137,0.3854,0.3653
-0.1641,-0.3033,0.0474,0.1159,0.1366,1.0000,0.1931,0.2362,-0.0219,-0.0272,-0.0741,-0.1068,0.0136,-0.0840,-0.2657,0.0469,-0.0947,-0.0830,-0.1160,-0.1864,0.0216,0.0255,-0.0805,-0.0247,0.0594,0.2942,0.2276,-0.0980,0.1485,-0.1847,-0.1517,0.0225,-0.0882,0.1069,0.0727
-0.0482,-0.1401,-0.2332,-0.2109,-0.1177,0.1931,1.0000,0.1240,-0.1067,-0.2458,-0.1402,-0.2462,-0.0494,-0.2386,-0.1053,-0.2095,-0.1715,-0.1026,-0.2779,-0.1155,-0.0752,-0.1371,0.0341,-0.1364,0.0178,-0.0625,-0.1280,-0.1109,-0.2342,-0.1528,-0.2456,-0.2723,-0.0349,-0.1630,-0.1762
-0.2669,-0.2145,-0.1392,-0.1108,0.1142,0.2362,0.1240,1.0000,-0.0692,-0.0950,-0.1636,-0.1502,-0.2031,0.0306,-0.1005,0.0036,-0.1949,-0.0681,-0.1034,-0.1026,0.1116,0.0763,0.0736,0.0395,0.2449,0.0757,0.0770,0.0564,-0.1201,-0.1821,-0.0840,-0.0303,-0.0118,0.0688,0.0295
0.2565,0.2144,0.0085,0.0339,0.1208,-0.0219,-0.1067,-0.0692,1.0000,0.5333,0.4344,0.2133,0.2170,0.0825,0.1422,0.1056,-0.0847,0.0824,-0.0522,0.0325,0.0066,0.0793,-0.0173,0.0506,0.0225,0.2051,0.2882,0.2676,0.5116,0.3305,0.3086,0.4029,0.0504,0.0852,0.1185
0.3052,0.3435,0.2455,0.2683,0.3613,-0.0272,-0.2458,-0.0950,0.5333,1.0000,0.5225,0.5943,0.2976,0.1704,0.2162,0.2527,0.1082,0.2571,0.2132,0.2788,0.0961,0.2953,0.0882,0.2973,0.1004,0.4443,0.4558,0.3273,0.5271,0.2150,0.3860,0.5588,0.2009,0.2771,0.2856
0.4894,0.5425,0.3978,0.4241,0.4743,-0.0741,-0.1402,-0.1636,0.4344,0.5225,1.0000,0.5489,0.3912,0.1199,0.2814,0.4336,0.1890,0.3580,0.2067,0.2999,0.2618,0.4233,0.1675,0.4024,0.1354,0.1968,0.2306,0.2718,0.4427,0.5749,0.6656,0.4710,0.2668,0.4419,0.4576
0.3728,0.4728,0.4006,0.4096,0.3926,-0.1068,-0.2462,-0.1502,0.2133,0.5943,0.5489,1.0000,0.3147,0.2655,0.2462,0.4265,0.3633,0.3449,0.3671,0.3465,0.2182,0.4287,0.2752,0.4629,0.1774,0.2764,0.2340,0.2030,0.3118,0.2906,0.5463,0.5043,0.2718,0.2718,0.3061
0.1184,0.2023,0.1546,0.1389,0.1750,0.0136,-0.0494,-0.2031,0.2170,0.2976,0.3912,0.3147,1.0000,-0.0626,-0.0102,-0.0135,-0.0021,0.0673,0.1131,0.0161,0.0696,0.2265,0.0940,0.2610,0.0778,0.1930,0.1509,0.1044,0.1936,0.0274,0.2471,0.1870,0.1077,-0.0239,0.0069
0.2145,0.2892,0.0637,0.0802,0.1286,-0.0840,-0.2386,0.0306,0.0825,0.1704,0.1199,0.2655,-0.0626,1.0000,0.4307,0.6384,0.4487,0.2261,0.1350,0.2163,0.0805,0.1512,0.1339,0.1199,0.0874,0.1891,0.2428,0.1527,0.0026,0.1327,0.2633,0.1844,0.2354,0.2537,0.2744
0.3718,0.4853,0.1900,0.1984,0.2649,-0.2657,-0.1053,-0.1005,0.1422,0.2162,0.2814,0.2462,-0.0102,0.4307,1.0000,0.3889,0.3608,0.3421,0.2344,0.3895,0.1336,0.2185,0.2588,0.1863,0.1276,-0.0547,0.0011,0.2183,0.1026,0.4044,0.3740,0.2650,0.2566,0.1930,0.2274
0.3867,0.4340,0.3157,0.3265,0.3264,0.0469,-0.2095,0.0036,0.1056,0.2527,0.4336,0.4265,-0.0135,0.6384,0.3889,1.0000,0.4926,0.3890,0.2531,0.3847,0.1798,0.2922,0.1994,0.2610,0.1143,0.2711,0.3575,0.1604,0.2330,0.4045,0.4624,0.4033,0.2591,0.4203,0.4536
0.2755,0.3167,0.3703,0.3466,0.2431,-0.0947,-0.1715,-0.1949,-0.0847,0.1082,0.1890,0.3633,-0.0021,0.4487,0.3608,0.4926,1.0000,0.3461,0.2920,0.3348,0.1189,0.2858,0.2548,0.2235,-0.0311,0.1846,0.1106,0.2283,0.1338,0.2682,0.2607,0.1880,0.1224,0.2363,0.2676
0.3311,0.3292,0.5271,0.6005,0.4930,-0.0830,-0.1026,-0.0681,0.0824,0.2571,0.3580,0.3449,0.0673,0.2261,0.3421,0.3890,0.3461,1.0000,0.6720,0.6755,0.2170,0.3402,0.3141,0.2367,0.1689,0.2055,0.2555,0.1719,0.2292,0.3998,0.4363,0.3018,0.2346,0.3857,0.4045
0.1804,0.2345,0.5095,0.5539,0.3797,-0.1160,-0.2779,-0.1034,-0.0522,0.2132,0.2067,0.3671,0.1131,0.1350,0.2344,0.2531,0.2920,0.6720,1.0000,0.5950,0.2561,0.3138,0.3256,0.3109,0.2905,0.0572,0.0931,0.1401,0.1043,0.2217,0.3581,0.1692,0.2343,0.1606,0.1738
0.3290,0.3493,0.4022,0.4578,0.2905,-0.1864,-0.1155,-0.1026,0.0325,0.2788,0.2999,0.3465,0.0161,0.2163,0.3895,0.3847,0.3348,0.6755,0.5950,1.0000,0.0396,0.1848,0.3037,0.1953,0.1673,0.1810,0.1837,0.2586,0.1679,0.3956,0.3423,0.2540,0.3447,0.4072,0.4730
-0.0220,0.0890,0.2941,0.3755,0.4849,0.0216,-0.0752,0.1116,0.0066,0.0961,0.2618,0.2182,0.0696,0.0805,0.1336,0.1798,0.1189,0.2170,0.2561,0.0396,1.0000,0.6518,0.5312,0.6224,0.6778,-0.1523,-0.1324,0.3184,0.1010,0.1228,0.3535,0.0631,0.2665,0.2824,0.2681
0.2457,0.3111,0.3192,0.4013,0.6549,0.0255,-0.1371,0.0763,0.0793,0.2953,0.4233,0.4287,0.2265,0.1512,0.2185,0.2922,0.2858,0.3402,0.3138,0.1848,0.6518,1.0000,0.5927,0.8404,0.6051,0.2042,0.0923,0.4453,0.3195,0.1933,0.4492,0.2931,0.3437,0.3153,0.3134
0.1113,0.1586,0.1085,0.1849,0.2973,-0.0805,0.0341,0.0736,-0.0173,0.0882,0.1675,0.2752,0.0940,0.1339,0.2588,0.1994,0.2548,0.3141,0.3256,0.3037,0.5312,0.5927,1.0000,0.5759,0.7057,0.0232,-0.1086,0.4130,0.0422,0.1457,0.3148,0.0489,0.3684,0.1748,0.1956
0.1929,0.3975,0.3123,0.3568,0.5312,-0.0247,-0.1364,0.0395,0.0506,0.2973,0.4024,0.4629,0.2610,0.1199,0.1863,0.2610,0.2235,0.2367,0.3109,0.1953,0.6224,0.8404,0.5759,1.0000,0.6301,0.2039,0.0786,0.3993,0.2352,0.1277,0.4630,0.2569,0.3907,0.2626,0.2726
-0.0189,0.0535,0.0917,0.1979,0.3896,0.0594,0.0178,0.2449,0.0225,0.1004,0.1354,0.1774,0.0778,0.0874,0.1276,0.1143,-0.0311,0.1689,0.2905,0.1673,0.6778,0.6051,0.7057,0.6301,1.0000,0.0052,-0.1240,0.4093,0.0711,0.0454,0.2597,0.0303,0.3934,0.1739,0.1723
0.2738,0.2399,0.0609,0.1095,0.1854,0.2942,-0.0625,0.0757,0.2051,0.4443,0.1968,0.2764,0.1930,0.1891,-0.0547,0.2711,0.1846,0.2055,0.0572,0.1810,-0.1523,0.2042,0.0232,0.2039,0.0052,1.0000,0.7450,0.2444,0.4310,0.0253,0.1553,0.4121,0.1212,0.2413,0.2003
0.3063,0.2775,0.1351,0.1525,0.1357,0.2276,-0.1280,0.0770,0.2882,0.4558,0.2306,0.2340,0.1509,0.2428,0.0011,0.3575,0.1106,0.2555,0.0931,0.1837,-0.1324,0.0923,-0.1086,0.0786,-0.1240,0.7450,1.0000,0.1503,0.4052,0.0697,0.2071,0.4670,0.1635,0.2620,0.2394
0.1869,0.2000,0.1520,0.1861,0.2925,-0.0980,-0.1109,0.0564,0.2676,0.3273,0.2718,0.2030,0.1044,0.1527,0.2183,0.1604,0.2283,0.1719,0.1401,0.2586,0.3184,0.4453,0.4130,0.3993,0.4093,0.2444,0.1503,1.0000,0.3475,0.2400,0.2645,0.2471,0.4571,0.1898,0.2147
0.3055,0.2702,0.2257,0.2635,0.3625,0.1485,-0.2342,-0.1201,0.5116,0.5271,0.4427,0.3118,0.1936,0.0026,0.1026,0.2330,0.1338,0.2292,0.1043,0.1679,0.1010,0.3195,0.0422,0.2352,0.0711,0.4310,0.4052,0.3475,1.0000,0.5085,0.4324,0.6762,0.1831,0.2642,0.2798
0.4884,0.4623,0.2453,0.2997,0.2216,-0.1847,-0.1528,-0.1821,0.3305,0.2150,0.5749,0.2906,0.0274,0.1327,0.4044,0.4045,0.2682,0.3998,0.2217,0.3956,0.1228,0.1933,0.1457,0.1277,0.0454,0.0253,0.0697,0.2400,0.5085,1.0000,0.6499,0.4718,0.2346,0.3762,0.4303
0.4595,0.5984,0.3875,0.4105,0.4031,-0.1517,-0.2456,-0.0840,0.3086,0.3860,0.6656,0.5463,0.2471,0.2633,0.3740,0.4624,0.2607,0.4363,0.3581,0.3423,0.3535,0.4492,0.3148,0.4630,0.2597,0.1553,0.2071,0.2645,0.4324,0.6499,1.0000,0.5942,0.3842,0.4106,0.4167
0.3291,0.3778,0.3213,0.2904,0.3451,0.0225,-0.2723,-0.0303,0.4029,0.5588,0.4710,0.5043,0.1870,0.1844,0.2650,0.4033,0.1880,0.3018,0.1692,0.2540,0.0631,0.2931,0.0489,0.2569,0.0303,0.4121,0.4670,0.2471,0.6762,0.4718,0.5942,1.0000,0.2601,0.2915,0.2924
0.3162,0.3606,0.1126,0.1041,0.2137,-0.0882,-0.0349,-0.0118,0.0504,0.2009,0.2668,0.2718,0.1077,0.2354,0.2566,0.2591,0.1224,0.2346,0.2343,0.3447,0.2665,0.3437,0.3684,0.3907,0.3934,0.1212,0.1635,0.4571,0.1831,0.2346,0.3842,0.2601,1.0000,0.1412,0.1619
0.1738,0.2115,0.3562,0.5120,0.3854,0.1069,-0.1630,0.0688,0.0852,0.2771,0.4419,0.2718,-0.0239,0.2537,0.1930,0.4203,0.2363,0.3857,0.1606,0.4072,0.2824,0.3153,0.1748,0.2626,0.1739,0.2413,0.2620,0.1898,0.2642,0.3762,0.4106,0.2915,0.1412,1.0000,0.9148
0.2031,0.2463,0.3835,0.5250,0.3653,0.0727,-0.1762,0.0295,0.1185,0.2856,0.4576,0.3061,0.0069,0.2744,0.2274,0.4536,0.2676,0.4045,0.1738,0.4730,0.2681,0.3134,0.1956,0.2726,0.1723,0.2003,0.2394,0.2147,0.2798,0.4303,0.4167,0.2924,0.1619,0.9148,1.0000
