0.000000,0.897709,0.271719,0.170893,0.348580,-0.235244,-0.317043,-0.152739,0.667777,0.644104,0.642789,0.667246,0.566838,0.226244,0.473755,0.359059,0.378064,0.373205,0.251911,0.384714,0.316320,0.581581,0.411666,0.551937,0.375971,0.678153,0.715078,0.472482,0.520657,0.573501,0.623140,0.576268,0.520150,0.412604,0.396653
0.897709,0.000000,0.287051,0.174037,0.354927,-0.226797,-0.292103,-0.125817,0.654489,0.654045,0.636371,0.684860,0.509964,0.287357,0.513685,0.415110,0.412878,0.338362,0.241111,0.349863,0.264199,0.555609,0.401531,0.586590,0.346363,0.658373,0.712919,0.384877,0.449155,0.506114,0.583097,0.544430,0.435229,0.369574,0.362399
0.271719,0.287051,0.000000,0.828313,0.438175,0.109431,-0.094413,-0.154206,0.408170,0.413869,0.412833,0.380539,0.190937,0.180136,0.333112,0.302804,0.365469,0.602284,0.365853,0.545519,0.487607,0.453727,0.411428,0.456719,0.540276,0.388968,0.347775,0.336531,0.290501,0.412780,0.370395,0.232589,0.383585,0.575059,0.572407
0.170893,0.174037,0.828313,0.000000,0.398771,0.085184,0.150921,-0.187044,0.353092,0.340866,0.327506,0.328544,0.145987,0.145834,0.317575,0.209444,0.268854,0.595616,0.413120,0.534033,0.355488,0.338731,0.231936,0.313571,0.413353,0.242981,0.199615,0.257337,0.228674,0.367350,0.276890,0.169463,0.259633,0.462200,0.470731
0.348580,0.354927,0.438175,0.398771,0.000000,-0.022278,-0.142890,-0.168238,0.389518,0.388906,0.412830,0.431693,0.094286,0.281171,0.464173,0.303463,0.465580,0.437132,0.328130,0.454588,0.172578,0.659446,0.395755,0.629868,0.307124,0.484882,0.428331,0.271559,0.221729,0.451738,0.414796,0.250447,0.267743,0.327526,0.289509
-0.235244,-0.226797,0.109431,0.085184,-0.022278,0.000000,0.037019,0.487283,-0.144293,-0.173930,-0.290624,-0.221136,-0.177898,-0.047490,-0.249203,-0.093907,-0.015246,-0.089440,0.094599,-0.155659,-0.043011,-0.178334,-0.108660,-0.192425,-0.066034,-0.000698,-0.028127,-0.203521,-0.007415,-0.285289,-0.250436,-0.149745,-0.187253,-0.126449,-0.135812
-0.317043,-0.292103,-0.094413,0.150921,-0.142890,0.037019,0.000000,-0.057161,-0.255576,-0.221928,-0.219422,-0.224993,-0.152178,-0.202979,-0.144196,-0.175759,-0.266974,-0.193544,-0.158575,-0.220710,-0.107805,-0.219687,-0.186414,-0.230978,-0.165958,-0.369661,-0.378020,-0.198468,-0.273758,-0.251872,-0.300543,-0.260067,-0.243047,-0.309536,-0.313172
-0.152739,-0.125817,-0.154206,-0.187044,-0.168238,0.487283,-0.057161,0.000000,-0.171741,-0.223293,-0.264746,-0.183645,-0.168143,-0.126266,-0.242594,-0.121629,-0.163246,-0.218770,-0.030235,-0.243097,-0.093654,-0.210253,-0.102861,-0.232485,-0.080923,-0.058615,0.022444,-0.199641,-0.031073,-0.313605,-0.222999,-0.173773,-0.172780,-0.210611,-0.179512
0.667777,0.654489,0.408170,0.353092,0.389518,-0.144293,-0.255576,-0.171741,0.000000,0.701252,0.628849,0.643257,0.641495,0.326657,0.416885,0.401785,0.442735,0.405994,0.285384,0.418236,0.373617,0.485244,0.335084,0.453805,0.391669,0.714359,0.732487,0.352505,0.608192,0.457671,0.485568,0.587531,0.461988,0.401185,0.425156
0.644104,0.654045,0.413869,0.340866,0.388906,-0.173930,-0.221928,-0.223293,0.701252,0.000000,0.776389,0.741310,0.512623,0.411833,0.625892,0.482980,0.474438,0.443833,0.260360,0.453865,0.358299,0.525408,0.457679,0.538554,0.385736,0.590234,0.627473,0.289241,0.543236,0.536493,0.559329,0.447242,0.473317,0.460133,0.475156
0.642789,0.636371,0.412833,0.327506,0.412830,-0.290624,-0.219422,-0.264746,0.628849,0.776389,0.000000,0.707050,0.531025,0.385342,0.584788,0.519543,0.392920,0.458400,0.227277,0.524256,0.317885,0.538498,0.416654,0.559553,0.379214,0.464843,0.513268,0.341870,0.482434,0.671469,0.656919,0.464372,0.499619,0.529318,0.541744
0.667246,0.684860,0.380539,0.328544,0.431693,-0.221136,-0.224993,-0.183645,0.643257,0.741310,0.707050,0.000000,0.507244,0.456351,0.604979,0.529338,0.506509,0.466114,0.377104,0.492458,0.317904,0.541207,0.470580,0.551146,0.426946,0.522385,0.575747,0.439564,0.487600,0.640031,0.711112,0.658291,0.535354,0.394900,0.381489
0.566838,0.509964,0.190937,0.145987,0.094286,-0.177898,-0.152178,-0.168143,0.641495,0.512623,0.531025,0.507244,0.000000,0.014387,0.123014,0.105158,0.093616,0.277062,0.118682,0.319296,0.284036,0.251510,0.123017,0.226832,0.197915,0.520073,0.532361,0.410769,0.502201,0.367735,0.413085,0.588366,0.552530,0.248598,0.225338
0.226244,0.287357,0.180136,0.145834,0.281171,-0.047490,-0.202979,-0.126266,0.326657,0.411833,0.385342,0.456351,0.014387,0.000000,0.671813,0.790790,0.683205,0.203046,0.159304,0.277562,0.101999,0.292924,0.344395,0.314097,0.183272,0.192469,0.186055,0.062724,0.285170,0.388199,0.476292,0.406778,0.152509,0.166467,0.188795
0.473755,0.513685,0.333112,0.317575,0.464173,-0.249203,-0.144196,-0.242594,0.416885,0.625892,0.584788,0.604979,0.123014,0.671813,0.000000,0.672231,0.656680,0.454844,0.306258,0.476944,0.263731,0.583391,0.529313,0.568081,0.420148,0.296139,0.330781,0.214194,0.272925,0.570715,0.610774,0.358571,0.284333,0.284067,0.335712
0.359059,0.415110,0.302804,0.209444,0.303463,-0.093907,-0.175759,-0.121629,0.401785,0.482980,0.519543,0.529338,0.105158,0.790790,0.672231,0.000000,0.753094,0.300635,0.197030,0.381568,0.179954,0.386227,0.432176,0.397211,0.264154,0.277450,0.316608,0.126353,0.273837,0.431227,0.504783,0.415394,0.220358,0.308101,0.330975
0.378064,0.412878,0.365469,0.268854,0.465580,-0.015246,-0.266974,-0.163246,0.442735,0.474438,0.392920,0.506509,0.093616,0.683205,0.656680,0.753094,0.000000,0.355521,0.298224,0.391748,0.194095,0.503579,0.544382,0.475386,0.317986,0.434646,0.434103,0.204904,0.308609,0.407529,0.505073,0.394321,0.260812,0.296869,0.318043
0.373205,0.338362,0.602284,0.595616,0.437132,-0.089440,-0.193544,-0.218770,0.405994,0.443833,0.458400,0.466114,0.277062,0.203046,0.454844,0.300635,0.355521,0.000000,0.638586,0.867973,0.414535,0.444481,0.386328,0.398827,0.502932,0.403578,0.367613,0.349493,0.352873,0.505457,0.460512,0.325945,0.407141,0.567414,0.594726
0.251911,0.241111,0.365853,0.413120,0.328130,0.094599,-0.158575,-0.030235,0.285384,0.260360,0.227277,0.377104,0.118682,0.159304,0.306258,0.197030,0.298224,0.638586,0.000000,0.586315,0.132817,0.257133,0.135007,0.214631,0.261376,0.338790,0.327778,0.183684,0.203121,0.302818,0.306011,0.243011,0.201560,0.214320,0.245147
0.384714,0.349863,0.545519,0.534033,0.454588,-0.155659,-0.220710,-0.243097,0.418236,0.453865,0.524256,0.492458,0.319296,0.277562,0.476944,0.381568,0.391748,0.867973,0.586315,0.000000,0.322343,0.449574,0.322632,0.403645,0.395581,0.415342,0.372545,0.397771,0.402273,0.583976,0.527972,0.425319,0.477488,0.650789,0.668391
0.316320,0.264199,0.487607,0.355488,0.172578,-0.043011,-0.107805,-0.093654,0.373617,0.358299,0.317885,0.317904,0.284036,0.101999,0.263731,0.179954,0.194095,0.414535,0.132817,0.322343,0.000000,0.538032,0.604371,0.506961,0.793617,0.364685,0.353300,0.491347,0.336599,0.332958,0.348836,0.207355,0.516701,0.357297,0.375358
0.581581,0.555609,0.453727,0.338731,0.659446,-0.178334,-0.219687,-0.210253,0.485244,0.525408,0.538498,0.541207,0.251510,0.292924,0.583391,0.386227,0.503579,0.444481,0.257133,0.449574,0.538032,0.000000,0.678823,0.915896,0.646537,0.600023,0.551973,0.507473,0.327348,0.570534,0.578643,0.298378,0.564091,0.384078,0.377653
0.411666,0.401531,0.411428,0.231936,0.395755,-0.108660,-0.186414,-0.102861,0.335084,0.457679,0.416654,0.470580,0.123017,0.344395,0.529313,0.432176,0.544382,0.386328,0.135007,0.322632,0.604371,0.678823,0.000000,0.661906,0.720865,0.434303,0.430814,0.425374,0.285194,0.412603,0.501592,0.242531,0.491620,0.326068,0.353366
0.551937,0.586590,0.456719,0.313571,0.629868,-0.192425,-0.230978,-0.232485,0.453805,0.538554,0.559553,0.551146,0.226832,0.314097,0.568081,0.397211,0.475386,0.398827,0.214631,0.403645,0.506961,0.915896,0.661906,0.000000,0.624145,0.565612,0.530448,0.473790,0.273547,0.539954,0.566139,0.264899,0.531994,0.392909,0.385058
0.375971,0.346363,0.540276,0.413353,0.307124,-0.066034,-0.165958,-0.080923,0.391669,0.385736,0.379214,0.426946,0.197915,0.183272,0.420148,0.264154,0.317986,0.502932,0.261376,0.395581,0.793617,0.646537,0.720865,0.624145,0.000000,0.419214,0.428509,0.534912,0.356701,0.439502,0.473782,0.241983,0.547100,0.373299,0.419343
0.678153,0.658373,0.388968,0.242981,0.484882,-0.000698,-0.369661,-0.058615,0.714359,0.590234,0.464843,0.522385,0.520073,0.192469,0.296139,0.277450,0.434646,0.403578,0.338790,0.415342,0.364685,0.600023,0.434303,0.565612,0.419214,0.000000,0.907918,0.450450,0.588667,0.396222,0.476451,0.500389,0.525724,0.440673,0.418474
0.715078,0.712919,0.347775,0.199615,0.428331,-0.028127,-0.378020,0.022444,0.732487,0.627473,0.513268,0.575747,0.532361,0.186055,0.330781,0.316608,0.434103,0.367613,0.327778,0.372545,0.353300,0.551973,0.430814,0.530448,0.428509,0.907918,0.000000,0.421455,0.569253,0.390671,0.488418,0.495739,0.504807,0.395067,0.393834
0.472482,0.384877,0.336531,0.257337,0.271559,-0.203521,-0.198468,-0.199641,0.352505,0.289241,0.341870,0.439564,0.410769,0.062724,0.214194,0.126353,0.204904,0.349493,0.183684,0.397771,0.491347,0.507473,0.425374,0.473790,0.534912,0.450450,0.421455,0.000000,0.472511,0.647136,0.652505,0.531750,0.782897,0.399869,0.351953
0.520657,0.449155,0.290501,0.228674,0.221729,-0.007415,-0.273758,-0.031073,0.608192,0.543236,0.482434,0.487600,0.502201,0.285170,0.272925,0.273837,0.308609,0.352873,0.203121,0.402273,0.336599,0.327348,0.285194,0.273547,0.356701,0.588667,0.569253,0.472511,0.000000,0.567292,0.603424,0.664856,0.503062,0.452841,0.442357
0.573501,0.506114,0.412780,0.367350,0.451738,-0.285289,-0.251872,-0.313605,0.457671,0.536493,0.671469,0.640031,0.367735,0.388199,0.570715,0.431227,0.407529,0.505457,0.302818,0.583976,0.332958,0.570534,0.412603,0.539954,0.439502,0.396222,0.390671,0.647136,0.567292,0.000000,0.861868,0.619807,0.635931,0.591918,0.557385
0.623140,0.583097,0.370395,0.276890,0.414796,-0.250436,-0.300543,-0.222999,0.485568,0.559329,0.656919,0.711112,0.413085,0.476292,0.610774,0.504783,0.505073,0.460512,0.306011,0.527972,0.348836,0.578643,0.501592,0.566139,0.473782,0.476451,0.488418,0.652505,0.603424,0.861868,0.000000,0.729070,0.673701,0.480944,0.463362
0.576268,0.544430,0.232589,0.169463,0.250447,-0.149745,-0.260067,-0.173773,0.587531,0.447242,0.464372,0.658291,0.588366,0.406778,0.358571,0.415394,0.394321,0.325945,0.243011,0.425319,0.207355,0.298378,0.242531,0.264899,0.241983,0.500389,0.495739,0.531750,0.664856,0.619807,0.729070,0.000000,0.569536,0.341466,0.305682
0.520150,0.435229,0.383585,0.259633,0.267743,-0.187253,-0.243047,-0.172780,0.461988,0.473317,0.499619,0.535354,0.552530,0.152509,0.284333,0.220358,0.260812,0.407141,0.201560,0.477488,0.516701,0.564091,0.491620,0.531994,0.547100,0.525724,0.504807,0.782897,0.503062,0.635931,0.673701,0.569536,0.000000,0.455572,0.432664
0.412604,0.369574,0.575059,0.462200,0.327526,-0.126449,-0.309536,-0.210611,0.401185,0.460133,0.529318,0.394900,0.248598,0.166467,0.284067,0.308101,0.296869,0.567414,0.214320,0.650789,0.357297,0.384078,0.326068,0.392909,0.373299,0.440673,0.395067,0.399869,0.452841,0.591918,0.480944,0.341466,0.455572,0.000000,0.924264
0.396653,0.362399,0.572407,0.470731,0.289509,-0.135812,-0.313172,-0.179512,0.425156,0.475156,0.541744,0.381489,0.225338,0.188795,0.335712,0.330975,0.318043,0.594726,0.245147,0.668391,0.375358,0.377653,0.353366,0.385058,0.419343,0.418474,0.393834,0.351953,0.442357,0.557385,0.463362,0.305682,0.432664,0.924264,0.000000
