0.000000,0.800673,0.129022,0.148216,0.091245,-0.164139,-0.048175,-0.266920,0.256497,0.305158,0.489412,0.372803,0.118369,0.214513,0.371798,0.386695,0.275485,0.331096,0.180404,0.328983,-0.021955,0.245704,0.111278,0.192906,-0.018851,0.273772,0.306264,0.186949,0.305501,0.488380,0.459547,0.329137,0.316211,0.173786,0.203129
0.800673,0.000000,0.211106,0.201093,0.142845,-0.303331,-0.140097,-0.214546,0.214434,0.343541,0.542498,0.472753,0.202319,0.289241,0.485251,0.434035,0.316716,0.329201,0.234504,0.349308,0.089011,0.311148,0.158604,0.397503,0.053549,0.239913,0.277503,0.200046,0.270161,0.462325,0.598416,0.377788,0.360596,0.211529,0.246306
0.129022,0.211106,0.000000,0.840801,0.547472,0.047366,-0.233160,-0.139170,0.008466,0.245500,0.397836,0.400602,0.154570,0.063690,0.190013,0.315682,0.370285,0.527084,0.509493,0.402200,0.294126,0.319221,0.108547,0.312323,0.091680,0.060900,0.135077,0.151989,0.225679,0.245326,0.387502,0.321283,0.112607,0.356232,0.383492
0.148216,0.201093,0.840801,0.000000,0.595784,0.115904,-0.210856,-0.110753,0.033923,0.268328,0.424074,0.409578,0.138935,0.080194,0.198363,0.326464,0.346623,0.600543,0.553905,0.457782,0.375518,0.401336,0.184912,0.356827,0.197894,0.109536,0.152537,0.186053,0.263467,0.299676,0.410462,0.290369,0.104065,0.511959,0.524994
0.091245,0.142845,0.547472,0.595784,0.000000,0.136574,-0.117728,0.114202,0.120848,0.361280,0.474260,0.392629,0.175026,0.128571,0.264933,0.326398,0.243141,0.492982,0.379681,0.290457,0.484902,0.654919,0.297332,0.531161,0.389644,0.185401,0.135747,0.292463,0.362453,0.221589,0.403113,0.345066,0.213704,0.385443,0.365334
-0.164139,-0.303331,0.047366,0.115904,0.136574,0.000000,0.193124,0.236168,-0.021887,-0.027217,-0.074100,-0.106837,0.013565,-0.083988,-0.265719,0.046909,-0.094732,-0.082952,-0.116031,-0.186351,0.021642,0.025537,-0.080542,-0.024749,0.059421,0.294153,0.227593,-0.098036,0.148453,-0.184685,-0.151703,0.022481,-0.088187,0.106852,0.072740
-0.048175,-0.140097,-0.233160,-0.210856,-0.117728,0.193124,0.000000,0.124041,-0.106740,-0.245802,-0.140191,-0.246154,-0.049413,-0.238643,-0.105301,-0.209492,-0.171456,-0.102618,-0.277891,-0.115493,-0.075225,-0.137134,0.034138,-0.136381,0.017805,-0.062538,-0.127986,-0.110944,-0.234215,-0.152791,-0.245597,-0.272304,-0.034869,-0.163027,-0.176200
-0.266920,-0.214546,-0.139170,-0.110753,0.114202,0.236168,0.124041,0.000000,-0.069184,-0.095012,-0.163632,-0.150185,-0.203141,0.030598,-0.100548,0.003586,-0.194852,-0.068122,-0.103376,-0.102576,0.111613,0.076295,0.073566,0.039497,0.244908,0.075676,0.077015,0.056376,-0.120092,-0.182106,-0.084035,-0.030321,-0.011792,0.068780,0.029450
0.256497,0.214434,0.008466,0.033923,0.120848,-0.021887,-0.106740,-0.069184,0.000000,0.533324,0.434450,0.213258,0.216963,0.082517,0.142176,0.105611,-0.084733,0.082374,-0.052221,0.032475,0.006623,0.079338,-0.017325,0.050556,0.022547,0.205120,0.288201,0.267644,0.511614,0.330545,0.308628,0.402926,0.050433,0.085214,0.118487
0.305158,0.343541,0.245500,0.268328,0.361280,-0.027217,-0.245802,-0.095012,0.533324,0.000000,0.522501,0.594344,0.297589,0.170380,0.216215,0.252677,0.108244,0.257138,0.213168,0.278835,0.096069,0.295340,0.088153,0.297312,0.100429,0.444295,0.455845,0.327315,0.527076,0.215003,0.385976,0.558791,0.200858,0.277088,0.285573
0.489412,0.542498,0.397836,0.424074,0.474260,-0.074100,-0.140191,-0.163632,0.434450,0.522501,0.000000,0.548922,0.391175,0.119910,0.281421,0.433648,0.188976,0.357981,0.206671,0.299920,0.261753,0.423258,0.167528,0.402428,0.135403,0.196812,0.230633,0.271816,0.442652,0.574889,0.665642,0.471030,0.266833,0.441938,0.457561
0.372803,0.472753,0.400602,0.409578,0.392629,-0.106837,-0.246154,-0.150185,0.213258,0.594344,0.548922,0.000000,0.314704,0.265526,0.246227,0.426463,0.363314,0.344859,0.367068,0.346505,0.218164,0.428739,0.275242,0.462914,0.177426,0.276398,0.234042,0.203001,0.311770,0.290620,0.546294,0.504292,0.271769,0.271842,0.306062
0.118369,0.202319,0.154570,0.138935,0.175026,0.013565,-0.049413,-0.203141,0.216963,0.297589,0.391175,0.314704,0.000000,-0.062568,-0.010235,-0.013522,-0.002124,0.067272,0.113109,0.016122,0.069626,0.226536,0.094019,0.261013,0.077782,0.193035,0.150919,0.104414,0.193600,0.027434,0.247085,0.187045,0.107662,-0.023935,0.006859
0.214513,0.289241,0.063690,0.080194,0.128571,-0.083988,-0.238643,0.030598,0.082517,0.170380,0.119910,0.265526,-0.062568,0.000000,0.430739,0.638363,0.448742,0.226061,0.135024,0.216308,0.080503,0.151164,0.133900,0.119872,0.087395,0.189137,0.242780,0.152672,0.002642,0.132737,0.263273,0.184375,0.235427,0.253747,0.274353
0.371798,0.485251,0.190013,0.198363,0.264933,-0.265719,-0.105301,-0.100548,0.142176,0.216215,0.281421,0.246227,-0.010235,0.430739,0.000000,0.388928,0.360836,0.342072,0.234436,0.389536,0.133618,0.218503,0.258800,0.186334,0.127648,-0.054687,0.001101,0.218300,0.102618,0.404410,0.374011,0.264957,0.256627,0.192969,0.227381
0.386695,0.434035,0.315682,0.326464,0.326398,0.046909,-0.209492,0.003586,0.105611,0.252677,0.433648,0.426463,-0.013522,0.638363,0.388928,0.000000,0.492557,0.388980,0.253095,0.384707,0.179842,0.292226,0.199419,0.260992,0.114276,0.271126,0.357520,0.160435,0.232987,0.404498,0.462435,0.403318,0.259082,0.420270,0.453551
0.275485,0.316716,0.370285,0.346623,0.243141,-0.094732,-0.171456,-0.194852,-0.084733,0.108244,0.188976,0.363314,-0.002124,0.448742,0.360836,0.492557,0.000000,0.346064,0.292023,0.334782,0.118904,0.285756,0.254820,0.223550,-0.031097,0.184620,0.110562,0.228307,0.133809,0.268222,0.260669,0.187968,0.122403,0.236256,0.267623
0.331096,0.329201,0.527084,0.600543,0.492982,-0.082952,-0.102618,-0.068122,0.082374,0.257138,0.357981,0.344859,0.067272,0.226061,0.342072,0.388980,0.346064,0.000000,0.671964,0.675501,0.217019,0.340217,0.314147,0.236664,0.168945,0.205544,0.255508,0.171857,0.229182,0.399771,0.436269,0.301761,0.234563,0.385715,0.404481
0.180404,0.234504,0.509493,0.553905,0.379681,-0.116031,-0.277891,-0.103376,-0.052221,0.213168,0.206671,0.367068,0.113109,0.135024,0.234436,0.253095,0.292023,0.671964,0.000000,0.595048,0.256114,0.313769,0.325635,0.310857,0.290471,0.057185,0.093070,0.140142,0.104330,0.221684,0.358112,0.169206,0.234319,0.160640,0.173840
0.328983,0.349308,0.402200,0.457782,0.290457,-0.186351,-0.115493,-0.102576,0.032475,0.278835,0.299920,0.346505,0.016122,0.216308,0.389536,0.384707,0.334782,0.675501,0.595048,0.000000,0.039567,0.184769,0.303718,0.195283,0.167302,0.181010,0.183725,0.258639,0.167914,0.395568,0.342284,0.253994,0.344674,0.407172,0.472962
-0.021955,0.089011,0.294126,0.375518,0.484902,0.021642,-0.075225,0.111613,0.006623,0.096069,0.261753,0.218164,0.069626,0.080503,0.133618,0.179842,0.118904,0.217019,0.256114,0.039567,0.000000,0.651832,0.531244,0.622402,0.677822,-0.152287,-0.132365,0.318397,0.100986,0.122798,0.353484,0.063079,0.266537,0.282449,0.268085
0.245704,0.311148,0.319221,0.401336,0.654919,0.025537,-0.137134,0.076295,0.079338,0.295340,0.423258,0.428739,0.226536,0.151164,0.218503,0.292226,0.285756,0.340217,0.313769,0.184769,0.651832,0.000000,0.592740,0.840358,0.605122,0.204190,0.092321,0.445289,0.319471,0.193347,0.449230,0.293106,0.343703,0.315326,0.313447
0.111278,0.158604,0.108547,0.184912,0.297332,-0.080542,0.034138,0.073566,-0.017325,0.088153,0.167528,0.275242,0.094019,0.133900,0.258800,0.199419,0.254820,0.314147,0.325635,0.303718,0.531244,0.592740,0.000000,0.575890,0.705692,0.023164,-0.108569,0.413025,0.042238,0.145703,0.314781,0.048859,0.368365,0.174784,0.195627
0.192906,0.397503,0.312323,0.356827,0.531161,-0.024749,-0.136381,0.039497,0.050556,0.297312,0.402428,0.462914,0.261013,0.119872,0.186334,0.260992,0.223550,0.236664,0.310857,0.195283,0.622402,0.840358,0.575890,0.000000,0.630057,0.203937,0.078606,0.399307,0.235224,0.127695,0.463014,0.256854,0.390652,0.262639,0.272624
-0.018851,0.053549,0.091680,0.197894,0.389644,0.059421,0.017805,0.244908,0.022547,0.100429,0.135403,0.177426,0.077782,0.087395,0.127648,0.114276,-0.031097,0.168945,0.290471,0.167302,0.677822,0.605122,0.705692,0.630057,0.000000,0.005167,-0.123976,0.409343,0.071052,0.045367,0.259669,0.030287,0.393375,0.173890,0.172332
0.273772,0.239913,0.060900,0.109536,0.185401,0.294153,-0.062538,0.075676,0.205120,0.444295,0.196812,0.276398,0.193035,0.189137,-0.054687,0.271126,0.184620,0.205544,0.057185,0.181010,-0.152287,0.204190,0.023164,0.203937,0.005167,0.000000,0.744979,0.244440,0.430989,0.025258,0.155347,0.412054,0.121228,0.241295,0.200331
0.306264,0.277503,0.135077,0.152537,0.135747,0.227593,-0.127986,0.077015,0.288201,0.455845,0.230633,0.234042,0.150919,0.242780,0.001101,0.357520,0.110562,0.255508,0.093070,0.183725,-0.132365,0.092321,-0.108569,0.078606,-0.123976,0.744979,0.000000,0.150348,0.405159,0.069703,0.207119,0.466976,0.163503,0.261976,0.239436
0.186949,0.200046,0.151989,0.186053,0.292463,-0.098036,-0.110944,0.056376,0.267644,0.327315,0.271816,0.203001,0.104414,0.152672,0.218300,0.160435,0.228307,0.171857,0.140142,0.258639,0.318397,0.445289,0.413025,0.399307,0.409343,0.244440,0.150348,0.000000,0.347511,0.240000,0.264491,0.247095,0.457141,0.189831,0.214716
0.305501,0.270161,0.225679,0.263467,0.362453,0.148453,-0.234215,-0.120092,0.511614,0.527076,0.442652,0.311770,0.193600,0.002642,0.102618,0.232987,0.133809,0.229182,0.104330,0.167914,0.100986,0.319471,0.042238,0.235224,0.071052,0.430989,0.405159,0.347511,0.000000,0.508464,0.432352,0.676226,0.183067,0.264191,0.279798
0.488380,0.462325,0.245326,0.299676,0.221589,-0.184685,-0.152791,-0.182106,0.330545,0.215003,0.574889,0.290620,0.027434,0.132737,0.404410,0.404498,0.268222,0.399771,0.221684,0.395568,0.122798,0.193347,0.145703,0.127695,0.045367,0.025258,0.069703,0.240000,0.508464,0.000000,0.649879,0.471801,0.234601,0.376233,0.430293
0.459547,0.598416,0.387502,0.410462,0.403113,-0.151703,-0.245597,-0.084035,0.308628,0.385976,0.665642,0.546294,0.247085,0.263273,0.374011,0.462435,0.260669,0.436269,0.358112,0.342284,0.353484,0.449230,0.314781,0.463014,0.259669,0.155347,0.207119,0.264491,0.432352,0.649879,0.000000,0.594229,0.384242,0.410566,0.416740
0.329137,0.377788,0.321283,0.290369,0.345066,0.022481,-0.272304,-0.030321,0.402926,0.558791,0.471030,0.504292,0.187045,0.184375,0.264957,0.403318,0.187968,0.301761,0.169206,0.253994,0.063079,0.293106,0.048859,0.256854,0.030287,0.412054,0.466976,0.247095,0.676226,0.471801,0.594229,0.000000,0.260143,0.291490,0.292392
0.316211,0.360596,0.112607,0.104065,0.213704,-0.088187,-0.034869,-0.011792,0.050433,0.200858,0.266833,0.271769,0.107662,0.235427,0.256627,0.259082,0.122403,0.234563,0.234319,0.344674,0.266537,0.343703,0.368365,0.390652,0.393375,0.121228,0.163503,0.457141,0.183067,0.234601,0.384242,0.260143,0.000000,0.141231,0.161861
0.173786,0.211529,0.356232,0.511959,0.385443,0.106852,-0.163027,0.068780,0.085214,0.277088,0.441938,0.271842,-0.023935,0.253747,0.192969,0.420270,0.236256,0.385715,0.160640,0.407172,0.282449,0.315326,0.174784,0.262639,0.173890,0.241295,0.261976,0.189831,0.264191,0.376233,0.410566,0.291490,0.141231,0.000000,0.914823
0.203129,0.246306,0.383492,0.524994,0.365334,0.072740,-0.176200,0.029450,0.118487,0.285573,0.457561,0.306062,0.006859,0.274353,0.227381,0.453551,0.267623,0.404481,0.173840,0.472962,0.268085,0.313447,0.195627,0.272624,0.172332,0.200331,0.239436,0.214716,0.279798,0.430293,0.416740,0.292392,0.161861,0.914823,0.000000
