0.000000,0.783417,0.360261,0.216552,-0.244919,0.105940,-0.020904,-0.106720,0.187053,0.288719,0.358866,0.430814,0.426706,-0.045060,0.032971,0.123952,0.146737,0.330340,0.126968,0.292116,0.281980,0.550596,0.075687,0.548630,0.250054,0.461771,0.421481,0.417559,0.256286,0.269509,0.489679,0.318165,0.469204,0.341853,0.321516
0.783417,0.000000,0.433381,0.248872,-0.243946,0.108707,-0.015457,-0.083894,0.102672,0.225080,0.312182,0.388373,0.515296,0.111973,0.143132,0.205687,0.273966,0.326189,0.106288,0.304430,0.263444,0.397008,0.068713,0.638150,0.300125,0.353171,0.344075,0.345021,0.257042,0.251917,0.545031,0.386384,0.462118,0.349115,0.314455
0.360261,0.433381,0.000000,0.778940,0.154996,0.121508,-0.064274,0.113861,-0.036027,0.209590,0.348679,0.379038,0.308133,0.241450,0.111460,0.282196,0.391287,0.469948,0.205010,0.465912,0.324410,0.371555,0.334447,0.521960,0.404337,0.333271,0.419725,0.341589,0.250233,0.280393,0.571001,0.514286,0.578859,0.620164,0.588928
0.216552,0.248872,0.778940,0.000000,0.275944,0.029843,0.085295,0.071072,0.014194,0.248935,0.287498,0.269999,0.154307,0.196939,0.159417,0.175213,0.293751,0.391929,0.084738,0.313739,0.232970,0.222215,0.298953,0.312237,0.257203,0.261427,0.310057,0.239565,0.286225,0.270219,0.367933,0.381489,0.414731,0.534246,0.534122
-0.244919,-0.243946,0.154996,0.275944,0.000000,0.065238,0.145628,0.175765,-0.002887,0.093965,0.151815,-0.036022,-0.218832,0.198530,0.060971,0.150849,0.156936,0.087061,0.003525,0.130032,-0.032397,-0.240145,0.125218,-0.212881,0.025323,-0.078379,-0.063383,-0.226612,0.119249,0.036846,-0.028526,0.064964,-0.116328,0.050406,0.046065
0.105940,0.108707,0.121508,0.029843,0.065238,0.000000,-0.194697,0.365214,-0.015221,0.204569,0.405974,0.267603,0.012073,0.149013,0.047131,0.315131,0.230211,0.430119,0.406529,0.378486,0.134945,-0.069858,0.025836,-0.000562,0.184160,0.187511,0.188204,0.192894,0.022891,0.197751,0.252909,0.097683,0.159797,0.259336,0.207427
-0.020904,-0.015457,-0.064274,0.085295,0.145628,-0.194697,0.000000,-0.146167,0.049257,-0.109661,-0.108749,-0.082007,0.008394,-0.236510,-0.195349,-0.199997,-0.187716,-0.309772,-0.373252,-0.286363,-0.096878,-0.064709,-0.169538,-0.005737,-0.274346,-0.191928,-0.239613,-0.095543,0.026367,-0.036791,-0.124492,-0.110801,-0.111039,-0.192711,-0.171714
-0.106720,-0.083894,0.113861,0.071072,0.175765,0.365214,-0.146167,0.000000,-0.053606,0.041497,0.237136,0.086366,-0.026113,0.076392,-0.081520,0.321582,0.256071,0.187458,0.191302,0.197141,-0.015952,-0.118809,0.226393,-0.070635,0.003149,0.217132,0.339706,0.112043,0.176009,0.176000,0.182006,0.216396,0.107688,0.292894,0.310886
0.187053,0.102672,-0.036027,0.014194,-0.002887,-0.015221,0.049257,-0.053606,0.000000,0.548835,0.330703,0.309856,0.226445,-0.122713,0.138740,-0.331871,-0.378843,-0.090500,-0.094008,-0.165172,0.100725,0.107483,-0.032255,-0.002758,-0.010053,0.103761,0.081107,0.304822,0.510455,0.477028,0.256323,0.179817,0.188304,-0.038500,-0.075249
0.288719,0.225080,0.209590,0.248935,0.093965,0.204569,-0.109661,0.041497,0.548835,0.000000,0.592175,0.619443,0.157253,0.072040,0.409515,0.010977,-0.044657,0.240269,0.120416,0.233583,0.333067,0.271750,0.053623,0.158356,0.230432,0.195107,0.220021,0.211713,0.466782,0.481134,0.383779,0.243582,0.263251,0.191469,0.216062
0.358866,0.312182,0.348679,0.287498,0.151815,0.405974,-0.108749,0.237136,0.330703,0.592175,0.000000,0.523587,0.172212,0.222185,0.233239,0.357774,0.134555,0.486561,0.274120,0.468932,0.388247,0.291263,0.065469,0.188677,0.337843,0.305052,0.301051,0.297959,0.385304,0.615351,0.544560,0.253673,0.334923,0.459699,0.462270
0.430814,0.388373,0.379038,0.269999,-0.036022,0.267603,-0.082007,0.086366,0.309856,0.619443,0.523587,0.000000,0.339983,-0.021296,0.194576,0.001944,0.029355,0.351268,0.245213,0.373562,0.323291,0.407060,0.138151,0.382815,0.247393,0.199204,0.232327,0.439149,0.174073,0.256278,0.556970,0.398498,0.472073,0.379855,0.341033
0.426706,0.515296,0.308133,0.154307,-0.218832,0.012073,0.008394,-0.026113,0.226445,0.157253,0.172212,0.339983,0.000000,-0.082434,-0.052502,-0.041612,0.004060,0.107529,-0.034302,0.124086,0.166843,0.222306,0.041361,0.396605,0.142231,0.075412,0.119831,0.449422,0.234439,0.225068,0.514341,0.405802,0.528554,0.189966,0.132877
-0.045060,0.111973,0.241450,0.196939,0.198530,0.149013,-0.236510,0.076392,-0.122713,0.072040,0.222185,-0.021296,-0.082434,0.000000,0.474218,0.575421,0.531802,0.253757,0.205699,0.284432,-0.038691,-0.155157,0.126078,0.032346,0.250865,0.060363,0.058885,-0.170874,0.018149,0.063479,0.079401,0.011004,-0.085152,0.180122,0.149758
0.032971,0.143132,0.111460,0.159417,0.060971,0.047131,-0.195349,-0.081520,0.138740,0.409515,0.233239,0.194576,-0.052502,0.474218,0.000000,0.263094,0.123465,0.164055,0.078263,0.173310,0.158403,0.012573,-0.018459,0.085325,0.233016,-0.086905,-0.053181,-0.196597,0.223315,0.225268,0.152625,0.121809,-0.033089,0.012595,0.002654
0.123952,0.205687,0.282196,0.175213,0.150849,0.315131,-0.199997,0.321582,-0.331871,0.010977,0.357774,0.001944,-0.041612,0.575421,0.263094,0.000000,0.691150,0.491085,0.295935,0.554894,0.095861,0.012355,0.134240,0.105875,0.222599,0.237623,0.257287,-0.154803,-0.003805,0.088210,0.169527,0.049894,-0.001051,0.398607,0.406698
0.146737,0.273966,0.391287,0.293751,0.156936,0.230211,-0.187716,0.256071,-0.378843,-0.044657,0.134555,0.029355,0.004060,0.531802,0.123465,0.691150,0.000000,0.430685,0.385908,0.481969,0.098358,0.035949,0.299226,0.243017,0.194928,0.175722,0.238161,-0.054350,-0.104548,-0.132785,0.037330,0.036258,0.043560,0.384806,0.366195
0.330340,0.326189,0.469948,0.391929,0.087061,0.430119,-0.309772,0.187458,-0.090500,0.240269,0.486561,0.351268,0.107529,0.253757,0.164055,0.491085,0.430685,0.000000,0.666415,0.819997,0.327798,0.250912,0.210225,0.290442,0.378984,0.376061,0.417397,0.327365,0.168002,0.287036,0.380439,0.241650,0.334086,0.623284,0.586663
0.126968,0.106288,0.205010,0.084738,0.003525,0.406529,-0.373252,0.191302,-0.094008,0.120416,0.274120,0.245213,-0.034302,0.205699,0.078263,0.295935,0.385908,0.666415,0.000000,0.617332,0.278835,0.144539,0.261957,0.174665,0.251227,0.210487,0.275864,0.301143,0.044241,0.135864,0.156232,0.154067,0.255423,0.388319,0.357104
0.292116,0.304430,0.465912,0.313739,0.130032,0.378486,-0.286363,0.197141,-0.165172,0.233583,0.468932,0.373562,0.124086,0.284432,0.173310,0.554894,0.481969,0.819997,0.617332,0.000000,0.297164,0.266773,0.251360,0.304411,0.352626,0.242055,0.309284,0.213329,0.112905,0.190406,0.358905,0.212819,0.294107,0.552910,0.564496
0.281980,0.263444,0.324410,0.232970,-0.032397,0.134945,-0.096878,-0.015952,0.100725,0.333067,0.388247,0.323291,0.166843,-0.038691,0.158403,0.095861,0.098358,0.327798,0.278835,0.297164,0.000000,0.417328,0.099291,0.401051,0.502667,0.302610,0.328985,0.219441,0.173881,0.240059,0.333026,0.235664,0.452775,0.303998,0.300376
0.550596,0.397008,0.371555,0.222215,-0.240145,-0.069858,-0.064709,-0.118809,0.107483,0.271750,0.291263,0.407060,0.222306,-0.155157,0.012573,0.012355,0.035949,0.250912,0.144539,0.266773,0.417328,0.000000,0.251757,0.691093,0.258369,0.393262,0.406165,0.282455,0.102076,0.120250,0.334415,0.234294,0.434599,0.312925,0.334329
0.075687,0.068713,0.334447,0.298953,0.125218,0.025836,-0.169538,0.226393,-0.032255,0.053623,0.065469,0.138151,0.041361,0.126078,-0.018459,0.134240,0.299226,0.210225,0.261957,0.251360,0.099291,0.251757,0.000000,0.243848,-0.038756,0.246412,0.349205,0.206936,0.146854,0.083682,0.123071,0.237026,0.261293,0.407213,0.402970
0.548630,0.638150,0.521960,0.312237,-0.212881,-0.000562,-0.005737,-0.070635,-0.002758,0.158356,0.188677,0.382815,0.396605,0.032346,0.085325,0.105875,0.243017,0.290442,0.174665,0.304411,0.401051,0.691093,0.243848,0.000000,0.361526,0.284562,0.323331,0.302863,0.108546,0.084945,0.444842,0.345357,0.476291,0.316480,0.302229
0.250054,0.300125,0.404337,0.257203,0.025323,0.184160,-0.274346,0.003149,-0.010053,0.230432,0.337843,0.247393,0.142231,0.250865,0.233016,0.222599,0.194928,0.378984,0.251227,0.352626,0.502667,0.258369,-0.038756,0.361526,0.000000,0.313934,0.302018,0.127985,0.158845,0.255104,0.432685,0.358173,0.419554,0.228765,0.212370
0.461771,0.353171,0.333271,0.261427,-0.078379,0.187511,-0.191928,0.217132,0.103761,0.195107,0.305052,0.199204,0.075412,0.060363,-0.086905,0.237623,0.175722,0.376061,0.210487,0.242055,0.302610,0.393262,0.246412,0.284562,0.313934,0.000000,0.850124,0.301629,0.244790,0.236020,0.319351,0.322566,0.357371,0.438715,0.427152
0.421481,0.344075,0.419725,0.310057,-0.063383,0.188204,-0.239613,0.339706,0.081107,0.220021,0.301051,0.232327,0.119831,0.058885,-0.053181,0.257287,0.238161,0.417397,0.275864,0.309284,0.328985,0.406165,0.349205,0.323331,0.302018,0.850124,0.000000,0.341045,0.315274,0.259678,0.362196,0.398205,0.456207,0.472261,0.482331
0.417559,0.345021,0.341589,0.239565,-0.226612,0.192894,-0.095543,0.112043,0.304822,0.211713,0.297959,0.439149,0.449422,-0.170874,-0.196597,-0.154803,-0.054350,0.327365,0.301143,0.213329,0.219441,0.282455,0.206936,0.302863,0.127985,0.301629,0.341045,0.000000,0.278248,0.421264,0.534934,0.391416,0.562446,0.432618,0.373827
0.256286,0.257042,0.250233,0.286225,0.119249,0.022891,0.026367,0.176009,0.510455,0.466782,0.385304,0.174073,0.234439,0.018149,0.223315,-0.003805,-0.104548,0.168002,0.044241,0.112905,0.173881,0.102076,0.146854,0.108546,0.158845,0.244790,0.315274,0.278248,0.000000,0.713560,0.453516,0.494269,0.315611,0.232756,0.222818
0.269509,0.251917,0.280393,0.270219,0.036846,0.197751,-0.036791,0.176000,0.477028,0.481134,0.615351,0.256278,0.225068,0.063479,0.225268,0.088210,-0.132785,0.287036,0.135864,0.190406,0.240059,0.120250,0.083682,0.084945,0.255104,0.236020,0.259678,0.421264,0.713560,0.000000,0.593262,0.431015,0.415289,0.333573,0.316321
0.489679,0.545031,0.571001,0.367933,-0.028526,0.252909,-0.124492,0.182006,0.256323,0.383779,0.544560,0.556970,0.514341,0.079401,0.152625,0.169527,0.037330,0.380439,0.156232,0.358905,0.333026,0.334415,0.123071,0.444842,0.432685,0.319351,0.362196,0.534934,0.453516,0.593262,0.000000,0.758606,0.705865,0.487672,0.419445
0.318165,0.386384,0.514286,0.381489,0.064964,0.097683,-0.110801,0.216396,0.179817,0.243582,0.253673,0.398498,0.405802,0.011004,0.121809,0.049894,0.036258,0.241650,0.154067,0.212819,0.235664,0.234294,0.237026,0.345357,0.358173,0.322566,0.398205,0.391416,0.494269,0.431015,0.758606,0.000000,0.643223,0.368036,0.319361
0.469204,0.462118,0.578859,0.414731,-0.116328,0.159797,-0.111039,0.107688,0.188304,0.263251,0.334923,0.472073,0.528554,-0.085152,-0.033089,-0.001051,0.043560,0.334086,0.255423,0.294107,0.452775,0.434599,0.261293,0.476291,0.419554,0.357371,0.456207,0.562446,0.315611,0.415289,0.705865,0.643223,0.000000,0.423973,0.379684
0.341853,0.349115,0.620164,0.534246,0.050406,0.259336,-0.192711,0.292894,-0.038500,0.191469,0.459699,0.379855,0.189966,0.180122,0.012595,0.398607,0.384806,0.623284,0.388319,0.552910,0.303998,0.312925,0.407213,0.316480,0.228765,0.438715,0.472261,0.432618,0.232756,0.333573,0.487672,0.368036,0.423973,0.000000,0.879290
0.321516,0.314455,0.588928,0.534122,0.046065,0.207427,-0.171714,0.310886,-0.075249,0.216062,0.462270,0.341033,0.132877,0.149758,0.002654,0.406698,0.366195,0.586663,0.357104,0.564496,0.300376,0.334329,0.402970,0.302229,0.212370,0.427152,0.482331,0.373827,0.222818,0.316321,0.419445,0.319361,0.379684,0.879290,0.000000
