0.000000,0.784403,-0.128355,-0.121412,0.031334,-0.221080,-0.207307,-0.306387,0.078054,0.229583,0.356629,0.294365,0.441985,-0.056362,0.033171,0.074553,0.111645,0.033255,0.007952,0.020056,0.259583,0.465667,0.148341,0.379231,0.264145,0.357917,0.318277,0.111996,-0.001855,0.270158,0.190193,0.110826,0.207930,0.175948,0.260977
0.784403,0.000000,-0.247347,-0.240115,-0.154354,-0.335414,-0.142942,-0.306128,0.066278,0.112985,0.167177,0.265385,0.327305,-0.010277,0.181908,0.049997,0.068931,-0.090864,-0.106270,-0.049566,0.141864,0.263152,0.086023,0.344629,0.189501,0.125387,0.104859,0.010902,0.060710,0.139992,0.201053,0.212155,0.111916,-0.017035,0.088689
-0.128355,-0.247347,0.000000,0.895676,0.691562,0.216682,0.179828,0.008519,0.277395,0.324809,0.315357,0.252704,-0.013643,0.311284,0.152588,0.126902,0.124626,0.540014,0.380318,0.410646,0.326606,0.387388,0.266275,0.284651,0.330692,0.128065,0.230747,0.359726,0.251645,0.133461,0.348454,0.179838,0.268829,0.394679,0.281104
-0.121412,-0.240115,0.895676,0.000000,0.666258,0.268568,0.168290,-0.016092,0.293185,0.339451,0.321344,0.227648,0.007379,0.304271,0.161425,0.112699,0.084653,0.519940,0.354872,0.383147,0.310153,0.386552,0.232956,0.257234,0.313510,0.147751,0.259952,0.336826,0.301519,0.124245,0.348665,0.180654,0.285200,0.387135,0.283585
0.031334,-0.154354,0.691562,0.666258,0.000000,0.252424,0.051425,0.020268,0.268480,0.282165,0.401863,0.212952,0.081146,0.281504,0.067927,0.110687,0.136874,0.474885,0.335715,0.326003,0.314166,0.529336,0.328566,0.375799,0.245456,0.322395,0.404383,0.402757,0.247666,0.173496,0.252253,0.072823,0.310170,0.408720,0.343828
-0.221080,-0.335414,0.216682,0.268568,0.252424,0.000000,0.190335,0.502323,-0.190830,-0.123288,-0.098833,-0.326628,-0.123293,-0.067776,-0.250543,0.015381,-0.043319,0.028751,-0.065724,-0.077521,-0.089806,-0.020318,-0.007215,-0.148095,-0.052409,0.193369,0.229285,-0.070547,-0.159471,-0.047168,-0.249365,-0.315357,-0.098181,0.030345,-0.058456
-0.207307,-0.142942,0.179828,0.168290,0.051425,0.190335,0.000000,0.161046,-0.052142,-0.020332,-0.095732,-0.043957,-0.078369,-0.084471,0.050810,-0.110846,-0.126834,-0.119891,-0.226496,-0.211938,-0.034472,-0.142990,-0.048665,-0.134146,-0.102463,-0.211039,-0.154128,-0.091857,-0.088119,-0.187379,-0.133543,-0.095451,-0.043613,-0.128859,-0.232489
-0.306387,-0.306128,0.008519,-0.016092,0.020268,0.502323,0.161046,0.000000,-0.223674,-0.235638,-0.257715,-0.390468,-0.180120,-0.224568,-0.304722,-0.229456,-0.193927,-0.131776,-0.131341,-0.187732,-0.073116,-0.147184,-0.052452,-0.173110,-0.100136,0.130306,0.134059,-0.091118,-0.152975,-0.114512,-0.377980,-0.397353,-0.150996,-0.107672,-0.160077
0.078054,0.066278,0.277395,0.293185,0.268480,-0.190830,-0.052142,-0.223674,0.000000,0.716569,0.531897,0.628655,0.101702,0.339948,0.486716,-0.196593,-0.283209,0.051896,-0.039596,-0.020632,0.279347,0.275393,0.032361,0.268460,0.106741,-0.006497,0.009310,0.369803,0.594363,0.314836,0.527947,0.392503,0.284730,0.099106,0.023739
0.229583,0.112985,0.324809,0.339451,0.282165,-0.123288,-0.020332,-0.235638,0.716569,0.000000,0.677116,0.643454,0.134161,0.179582,0.486488,-0.093287,-0.156437,0.139329,-0.001342,0.074927,0.314927,0.280862,-0.016916,0.214051,0.141551,0.066528,0.064424,0.238688,0.405581,0.244317,0.305488,0.178140,0.174102,0.363269,0.224412
0.356629,0.167177,0.315357,0.321344,0.401863,-0.098833,-0.095732,-0.257715,0.531897,0.677116,0.000000,0.483064,0.210287,0.136430,0.301048,0.173393,0.057656,0.259102,0.145855,0.164054,0.345056,0.415208,0.104230,0.246187,0.187368,0.191800,0.209166,0.293160,0.273846,0.380036,0.311897,0.079627,0.250199,0.508405,0.386678
0.294365,0.265385,0.252704,0.227648,0.212952,-0.326628,-0.043957,-0.390468,0.628655,0.643454,0.483064,0.000000,0.234326,0.237901,0.492730,-0.159882,-0.155155,0.094685,0.004376,0.061500,0.343240,0.302296,0.103365,0.388844,0.274495,-0.016712,-0.074106,0.368561,0.350729,0.308957,0.597302,0.419719,0.301077,0.161927,0.145967
0.441985,0.327305,-0.013643,0.007379,0.081146,-0.123293,-0.078369,-0.180120,0.101702,0.134161,0.210287,0.234326,0.000000,-0.083624,-0.203277,-0.240113,-0.159030,-0.003007,0.001012,-0.048907,0.085149,0.321830,-0.026077,0.242129,0.100194,0.247991,0.322739,0.291935,0.017128,0.180027,0.108006,0.056468,0.444567,0.113006,0.144108
-0.056362,-0.010277,0.311284,0.304271,0.281504,-0.067776,-0.084471,-0.224568,0.339948,0.179582,0.136430,0.237901,-0.083624,0.000000,0.418285,0.360710,0.322159,0.242670,0.100882,0.228208,0.274838,0.243054,0.407989,0.277739,0.317810,0.025297,-0.002808,0.395606,0.526046,0.249211,0.587325,0.518570,0.355367,0.132346,0.222749
0.033171,0.181908,0.152588,0.161425,0.067927,-0.250543,0.050810,-0.304722,0.486716,0.486488,0.301048,0.492730,-0.203277,0.418285,0.000000,0.159592,0.051167,-0.006038,-0.107123,0.028165,0.265270,0.062147,0.126594,0.148402,0.135144,-0.196574,-0.242728,0.120427,0.466776,0.070442,0.386812,0.427532,0.065471,0.096567,0.088044
0.074553,0.049997,0.126902,0.112699,0.110687,0.015381,-0.110846,-0.229456,-0.196593,-0.093287,0.173393,-0.159882,-0.240113,0.360710,0.159592,0.000000,0.691966,0.244333,0.196667,0.292887,0.131992,0.130608,0.392329,0.060492,0.197744,0.063223,0.045244,0.003319,0.032386,0.072830,0.177454,0.209889,-0.050435,0.283332,0.320696
0.111645,0.068931,0.124626,0.084653,0.136874,-0.043319,-0.126834,-0.193927,-0.283209,-0.156437,0.057656,-0.155155,-0.159030,0.322159,0.051167,0.691966,0.000000,0.387565,0.336909,0.395041,0.205882,0.141101,0.424762,0.122336,0.259208,0.149816,0.094111,0.046586,-0.032915,0.056451,0.117927,0.124386,-0.005052,0.327545,0.443701
0.033255,-0.090864,0.540014,0.519940,0.474885,0.028751,-0.119891,-0.131776,0.051896,0.139329,0.259102,0.094685,-0.003007,0.242670,-0.006038,0.244333,0.387565,0.000000,0.798265,0.842102,0.241670,0.343479,0.167447,0.222355,0.279162,0.163762,0.201602,0.332847,0.087565,0.249874,0.291948,0.043434,0.248751,0.440895,0.408782
0.007952,-0.106270,0.380318,0.354872,0.335715,-0.065724,-0.226496,-0.131341,-0.039596,-0.001342,0.145855,0.004376,0.001012,0.100882,-0.107123,0.196667,0.336909,0.798265,0.000000,0.748516,0.110719,0.251111,0.046243,0.135949,0.108440,0.100649,0.150650,0.213678,-0.039939,0.128166,0.170857,-0.010776,0.133368,0.301908,0.297928
0.020056,-0.049566,0.410646,0.383147,0.326003,-0.077521,-0.211938,-0.187732,-0.020632,0.074927,0.164054,0.061500,-0.048907,0.228208,0.028165,0.292887,0.395041,0.842102,0.748516,0.000000,0.166027,0.212712,0.112520,0.145236,0.214024,0.052642,0.146552,0.263266,0.039649,0.156424,0.245900,0.083528,0.161783,0.453226,0.439974
0.259583,0.141864,0.326606,0.310153,0.314166,-0.089806,-0.034472,-0.073116,0.279347,0.314927,0.345056,0.343240,0.085149,0.274838,0.265270,0.131992,0.205882,0.241670,0.110719,0.166027,0.000000,0.506238,0.386930,0.488134,0.612897,0.214037,0.158669,0.417258,0.281652,0.307599,0.346952,0.225426,0.260090,0.288654,0.305434
0.465667,0.263152,0.387388,0.386552,0.529336,-0.020318,-0.142990,-0.147184,0.275393,0.280862,0.415208,0.302296,0.321830,0.243054,0.062147,0.130608,0.141101,0.343479,0.251111,0.212712,0.506238,0.000000,0.515041,0.782458,0.478622,0.470284,0.451080,0.469104,0.240223,0.387632,0.384965,0.169959,0.444958,0.343742,0.358035
0.148341,0.086023,0.266275,0.232956,0.328566,-0.007215,-0.048665,-0.052452,0.032361,-0.016916,0.104230,0.103365,-0.026077,0.407989,0.126594,0.392329,0.424762,0.167447,0.046243,0.112520,0.386930,0.515041,0.000000,0.499224,0.453534,0.266894,0.201330,0.315309,0.206865,0.271947,0.348404,0.280809,0.278704,0.268255,0.322840
0.379231,0.344629,0.284651,0.257234,0.375799,-0.148095,-0.134146,-0.173110,0.268460,0.214051,0.246187,0.388844,0.242129,0.277739,0.148402,0.060492,0.122336,0.222355,0.135949,0.145236,0.488134,0.782458,0.499224,0.000000,0.482963,0.332828,0.292882,0.449440,0.238296,0.331666,0.466326,0.272504,0.392382,0.182306,0.237301
0.264145,0.189501,0.330692,0.313510,0.245456,-0.052409,-0.102463,-0.100136,0.106741,0.141551,0.187368,0.274495,0.100194,0.317810,0.135144,0.197744,0.259208,0.279162,0.108440,0.214024,0.612897,0.478622,0.453534,0.482963,0.000000,0.306999,0.213600,0.376846,0.185572,0.246351,0.392669,0.290874,0.339129,0.220918,0.321354
0.357917,0.125387,0.128065,0.147751,0.322395,0.193369,-0.211039,0.130306,-0.006497,0.066528,0.191800,-0.016712,0.247991,0.025297,-0.196574,0.063223,0.149816,0.163762,0.100649,0.052642,0.214037,0.470284,0.266894,0.332828,0.306999,0.000000,0.781022,0.263464,-0.010198,0.151638,-0.000263,-0.067453,0.322469,0.352077,0.382358
0.318277,0.104859,0.230747,0.259952,0.404383,0.229285,-0.154128,0.134059,0.009310,0.064424,0.209166,-0.074106,0.322739,-0.002808,-0.242728,0.045244,0.094111,0.201602,0.150650,0.146552,0.158669,0.451080,0.201330,0.292882,0.213600,0.781022,0.000000,0.204105,-0.002297,0.123769,-0.018041,-0.032047,0.273608,0.382615,0.378070
0.111996,0.010902,0.359726,0.336826,0.402757,-0.070547,-0.091857,-0.091118,0.369803,0.238688,0.293160,0.368561,0.291935,0.395606,0.120427,0.003319,0.046586,0.332847,0.213678,0.263266,0.417258,0.469104,0.315309,0.449440,0.376846,0.263464,0.204105,0.000000,0.383119,0.403329,0.469951,0.278653,0.628793,0.214154,0.259682
-0.001855,0.060710,0.251645,0.301519,0.247666,-0.159471,-0.088119,-0.152975,0.594363,0.405581,0.273846,0.350729,0.017128,0.526046,0.466776,0.032386,-0.032915,0.087565,-0.039939,0.039649,0.281652,0.240223,0.206865,0.238296,0.185572,-0.010198,-0.002297,0.383119,0.000000,0.317190,0.544469,0.624811,0.351024,0.086017,0.138041
0.270158,0.139992,0.133461,0.124245,0.173496,-0.047168,-0.187379,-0.114512,0.314836,0.244317,0.380036,0.308957,0.180027,0.249211,0.070442,0.072830,0.056451,0.249874,0.128166,0.156424,0.307599,0.387632,0.271947,0.331666,0.246351,0.151638,0.123769,0.403329,0.317190,0.000000,0.521232,0.186740,0.326431,0.193886,0.206836
0.190193,0.201053,0.348454,0.348665,0.252253,-0.249365,-0.133543,-0.377980,0.527947,0.305488,0.311897,0.597302,0.108006,0.587325,0.386812,0.177454,0.117927,0.291948,0.170857,0.245900,0.346952,0.384965,0.348404,0.466326,0.392669,-0.000263,-0.018041,0.469951,0.544469,0.521232,0.000000,0.688478,0.463857,0.081580,0.186703
0.110826,0.212155,0.179838,0.180654,0.072823,-0.315357,-0.095451,-0.397353,0.392503,0.178140,0.079627,0.419719,0.056468,0.518570,0.427532,0.209889,0.124386,0.043434,-0.010776,0.083528,0.225426,0.169959,0.280809,0.272504,0.290874,-0.067453,-0.032047,0.278653,0.624811,0.186740,0.688478,0.000000,0.280921,-0.022297,0.105563
0.207930,0.111916,0.268829,0.285200,0.310170,-0.098181,-0.043613,-0.150996,0.284730,0.174102,0.250199,0.301077,0.444567,0.355367,0.065471,-0.050435,-0.005052,0.248751,0.133368,0.161783,0.260090,0.444958,0.278704,0.392382,0.339129,0.322469,0.273608,0.628793,0.351024,0.326431,0.463857,0.280921,0.000000,0.179280,0.268593
0.175948,-0.017035,0.394679,0.387135,0.408720,0.030345,-0.128859,-0.107672,0.099106,0.363269,0.508405,0.161927,0.113006,0.132346,0.096567,0.283332,0.327545,0.440895,0.301908,0.453226,0.288654,0.343742,0.268255,0.182306,0.220918,0.352077,0.382615,0.214154,0.086017,0.193886,0.081580,-0.022297,0.179280,0.000000,0.779731
0.260977,0.088689,0.281104,0.283585,0.343828,-0.058456,-0.232489,-0.160077,0.023739,0.224412,0.386678,0.145967,0.144108,0.222749,0.088044,0.320696,0.443701,0.408782,0.297928,0.439974,0.305434,0.358035,0.322840,0.237301,0.321354,0.382358,0.378070,0.259682,0.138041,0.206836,0.186703,0.105563,0.268593,0.779731,0.000000
