1.0000,0.8187,-0.1352,-0.0429,0.4580,-0.0619,-0.2371,0.0488,0.3484,0.4724,0.4927,0.5098,0.2229,0.0312,0.3665,0.1623,0.3004,0.1777,0.2774,0.2889,-0.1978,0.2984,0.1760,0.3223,0.1075,0.5204,0.5285,-0.2206,0.3700,0.4374,0.3543,0.4247,0.2546,0.2080,0.2891
0.8187,1.0000,-0.0860,-0.0035,0.3870,-0.0428,-0.2659,0.0124,0.3612,0.4501,0.5183,0.5610,0.1704,0.2121,0.4894,0.2973,0.4146,0.1986,0.3011,0.3443,-0.2072,0.3897,0.2564,0.4960,0.1266,0.5472,0.5592,-0.2344,0.3908,0.3666,0.4157,0.4523,0.2437,0.2956,0.3630
-0.1352,-0.0860,1.0000,0.8638,-0.1789,0.0547,0.0084,0.0157,0.1002,0.0663,-0.0509,0.1835,-0.0260,0.1015,0.1187,0.0667,0.0680,0.4335,0.2249,0.0982,0.5244,0.2506,0.1218,0.2014,0.2478,-0.0058,0.0567,0.7085,0.0387,-0.0442,0.0543,0.0790,0.0094,0.1823,-0.0041
-0.0429,-0.0035,0.8638,1.0000,-0.0726,0.1258,0.0137,0.0417,0.2489,0.2360,0.0862,0.3227,-0.0154,0.1731,0.1240,0.1426,0.1546,0.5765,0.3392,0.2498,0.5530,0.3292,0.1823,0.3007,0.3418,0.1414,0.1701,0.7240,0.1708,0.1008,0.1661,0.1643,0.1539,0.3026,0.1315
0.4580,0.3870,-0.1789,-0.0726,1.0000,0.1110,-0.0854,0.0962,0.1871,0.3475,0.4322,0.3189,0.1122,0.0562,0.1607,0.1151,0.2195,0.0181,0.0968,0.2171,-0.3009,-0.1792,0.0608,-0.0621,-0.0259,0.2982,0.3399,-0.3004,0.2339,0.2947,0.0812,0.2710,0.1641,0.2084,0.2754
-0.0619,-0.0428,0.0547,0.1258,0.1110,1.0000,-0.2329,0.2063,0.1068,0.1726,0.0297,0.0651,-0.3167,0.3669,0.1088,0.2967,0.3665,-0.0288,-0.0615,-0.0820,0.0138,0.1019,0.3307,0.1389,0.2353,0.3692,0.1988,0.0521,0.2429,0.0690,-0.1152,-0.0851,0.1163,0.1813,0.2328
-0.2371,-0.2659,0.0084,0.0137,-0.0854,-0.2329,1.0000,-0.0784,-0.3019,-0.3074,-0.2829,-0.3287,0.0002,-0.3608,-0.2868,-0.3679,-0.4438,-0.0582,-0.0422,-0.0733,0.0360,-0.2769,-0.1686,-0.2959,-0.1211,-0.3966,-0.4628,0.0080,-0.4104,-0.2110,-0.1916,-0.3113,-0.1385,-0.2555,-0.3251
0.0488,0.0124,0.0157,0.0417,0.0962,0.2063,-0.0784,1.0000,0.0916,0.0129,0.1281,-0.0162,-0.0054,0.1003,-0.0080,0.1164,0.1316,0.0017,-0.1257,-0.0437,0.0346,0.1064,0.2181,0.0761,0.2083,0.2144,0.1797,0.0259,0.1062,0.1153,0.0166,-0.0390,0.1074,0.1073,0.1269
0.3484,0.3612,0.1002,0.2489,0.1871,0.1068,-0.3019,0.0916,1.0000,0.6016,0.4892,0.5322,0.3217,0.2642,0.2051,0.1835,0.2614,0.2811,0.2240,0.1663,0.1707,0.3467,0.1531,0.4211,0.2775,0.5141,0.5019,0.1921,0.6977,0.5837,0.5379,0.4189,0.3006,0.2656,0.2661
0.4724,0.4501,0.0663,0.2360,0.3475,0.1726,-0.3074,0.0129,0.6016,1.0000,0.6486,0.7871,0.1573,0.2979,0.3525,0.3194,0.4068,0.3242,0.2707,0.2950,0.0160,0.3372,0.2649,0.3737,0.2914,0.5533,0.5690,0.0729,0.6622,0.5479,0.4627,0.4580,0.4176,0.4388,0.4976
0.4927,0.5183,-0.0509,0.0862,0.4322,0.0297,-0.2829,0.1281,0.4892,0.6486,1.0000,0.7145,0.3552,0.3490,0.3226,0.3888,0.3498,0.2827,0.2230,0.3498,-0.0637,0.3503,0.2122,0.4267,0.2602,0.4660,0.5507,-0.0966,0.5607,0.5982,0.6550,0.5301,0.3553,0.5159,0.5664
0.5098,0.5610,0.1835,0.3227,0.3189,0.0651,-0.3287,-0.0162,0.5322,0.7871,0.7145,1.0000,0.2181,0.3760,0.5101,0.4321,0.4810,0.4458,0.4030,0.4530,0.0631,0.4764,0.3235,0.5083,0.3235,0.5289,0.6044,0.0968,0.5766,0.4776,0.5735,0.6583,0.3956,0.4841,0.5276
0.2229,0.1704,-0.0260,-0.0154,0.1122,-0.3167,0.0002,-0.0054,0.3217,0.1573,0.3552,0.2181,1.0000,-0.2455,-0.1294,-0.1863,-0.2628,0.1545,0.1757,0.0728,0.0185,0.0168,-0.1963,0.0326,-0.0202,0.0321,0.2319,-0.0342,0.1475,0.3251,0.4049,0.2822,-0.0515,-0.0891,-0.0980
0.0312,0.2121,0.1015,0.1731,0.0562,0.3669,-0.3608,0.1003,0.2642,0.2979,0.3490,0.3760,-0.2455,1.0000,0.5590,0.7251,0.6049,0.2145,0.1754,0.2648,0.0188,0.3428,0.4059,0.4098,0.2690,0.3482,0.2628,0.0957,0.3983,0.1439,0.3034,0.2586,0.3190,0.4519,0.5107
0.3665,0.4894,0.1187,0.1240,0.1607,0.1088,-0.2868,-0.0080,0.2051,0.3525,0.3226,0.5101,-0.1294,0.5590,1.0000,0.5559,0.5225,0.2650,0.3417,0.3030,-0.0315,0.3051,0.4935,0.3165,0.3405,0.2908,0.2686,0.0028,0.3442,0.1474,0.3235,0.4253,0.2294,0.2826,0.3564
0.1623,0.2973,0.0667,0.1426,0.1151,0.2967,-0.3679,0.1164,0.1835,0.3194,0.3888,0.4321,-0.1863,0.7251,0.5559,1.0000,0.7457,0.3155,0.3134,0.3820,-0.0426,0.2645,0.4591,0.3165,0.2550,0.4127,0.3740,-0.0203,0.2952,0.1804,0.2496,0.2964,0.1827,0.4577,0.5394
0.3004,0.4146,0.0680,0.1546,0.2195,0.3665,-0.4438,0.1316,0.2614,0.4068,0.3498,0.4810,-0.2628,0.6049,0.5225,0.7457,1.0000,0.2586,0.3103,0.3392,-0.0601,0.3326,0.4950,0.3887,0.2568,0.5453,0.4530,-0.0408,0.3609,0.1404,0.1617,0.2807,0.2432,0.4284,0.5041
0.1777,0.1986,0.4335,0.5765,0.0181,-0.0288,-0.0582,0.0017,0.2811,0.3242,0.2827,0.4458,0.1545,0.2145,0.2650,0.3155,0.2586,1.0000,0.7482,0.7250,0.4282,0.2843,0.3462,0.2610,0.3703,0.2766,0.2760,0.5024,0.2005,0.2546,0.3775,0.2813,0.1626,0.4179,0.3000
0.2774,0.3011,0.2249,0.3392,0.0968,-0.0615,-0.0422,-0.1257,0.2240,0.2707,0.2230,0.4030,0.1757,0.1754,0.3417,0.3134,0.3103,0.7482,1.0000,0.7081,0.1063,0.1943,0.3665,0.1998,0.2370,0.2875,0.2982,0.2070,0.1763,0.1568,0.3364,0.3226,0.1398,0.2155,0.2052
0.2889,0.3443,0.0982,0.2498,0.2171,-0.0820,-0.0733,-0.0437,0.1663,0.2950,0.3498,0.4530,0.0728,0.2648,0.3030,0.3820,0.3392,0.7250,0.7081,1.0000,0.1176,0.1818,0.2537,0.2055,0.1136,0.3651,0.2724,0.1534,0.1512,0.2212,0.3559,0.3097,0.2101,0.4864,0.4382
-0.1978,-0.2072,0.5244,0.5530,-0.3009,0.0138,0.0360,0.0346,0.1707,0.0160,-0.0637,0.0631,0.0185,0.0188,-0.0315,-0.0426,-0.0601,0.4282,0.1063,0.1176,1.0000,0.1968,0.1417,0.0883,0.4426,-0.0111,-0.1220,0.7466,-0.0061,-0.0026,0.0447,-0.0468,0.0386,0.1738,-0.0009
0.2984,0.3897,0.2506,0.3292,-0.1792,0.1019,-0.2769,0.1064,0.3467,0.3372,0.3503,0.4764,0.0168,0.3428,0.3051,0.2645,0.3326,0.2843,0.1943,0.1818,0.1968,1.0000,0.3501,0.8714,0.3710,0.3943,0.4246,0.1727,0.3477,0.1972,0.3851,0.2662,0.2777,0.2776,0.2680
0.1760,0.2564,0.1218,0.1823,0.0608,0.3307,-0.1686,0.2181,0.1531,0.2649,0.2122,0.3235,-0.1963,0.4059,0.4935,0.4591,0.4950,0.3462,0.3665,0.2537,0.1417,0.3501,1.0000,0.2947,0.6980,0.4223,0.2248,0.1194,0.2263,0.1253,0.1762,0.1362,0.3504,0.3195,0.3855
0.3223,0.4960,0.2014,0.3007,-0.0621,0.1389,-0.2959,0.0761,0.4211,0.3737,0.4267,0.5083,0.0326,0.4098,0.3165,0.3165,0.3887,0.2610,0.1998,0.2055,0.0883,0.8714,0.2947,1.0000,0.2774,0.4450,0.5154,0.0873,0.4230,0.2707,0.4536,0.3300,0.2845,0.3049,0.3123
0.1075,0.1266,0.2478,0.3418,-0.0259,0.2353,-0.1211,0.2083,0.2775,0.2914,0.2602,0.3235,-0.0202,0.2690,0.3405,0.2550,0.2568,0.3703,0.2370,0.1136,0.4426,0.3710,0.6980,0.2774,1.0000,0.2857,0.1466,0.3176,0.2678,0.2374,0.2895,0.1604,0.3557,0.2718,0.2737
0.5204,0.5472,-0.0058,0.1414,0.2982,0.3692,-0.3966,0.2144,0.5141,0.5533,0.4660,0.5289,0.0321,0.3482,0.2908,0.4127,0.5453,0.2766,0.2875,0.3651,-0.0111,0.3943,0.4223,0.4450,0.2857,1.0000,0.6726,0.0047,0.5959,0.4187,0.3506,0.3724,0.4191,0.5278,0.5714
0.5285,0.5592,0.0567,0.1701,0.3399,0.1988,-0.4628,0.1797,0.5019,0.5690,0.5507,0.6044,0.2319,0.2628,0.2686,0.3740,0.4530,0.2760,0.2982,0.2724,-0.1220,0.4246,0.2248,0.5154,0.1466,0.6726,1.0000,-0.0654,0.6348,0.5090,0.4133,0.5451,0.2458,0.3869,0.4695
-0.2206,-0.2344,0.7085,0.7240,-0.3004,0.0521,0.0080,0.0259,0.1921,0.0729,-0.0966,0.0968,-0.0342,0.0957,0.0028,-0.0203,-0.0408,0.5024,0.2070,0.1534,0.7466,0.1727,0.1194,0.0873,0.3176,0.0047,-0.0654,1.0000,0.0996,0.0594,0.0997,0.0100,0.1617,0.2352,0.0410
0.3700,0.3908,0.0387,0.1708,0.2339,0.2429,-0.4104,0.1062,0.6977,0.6622,0.5607,0.5766,0.1475,0.3983,0.3442,0.2952,0.3609,0.2005,0.1763,0.1512,-0.0061,0.3477,0.2263,0.4230,0.2678,0.5959,0.6348,0.0996,1.0000,0.6342,0.6065,0.6118,0.4610,0.4427,0.5160
0.4374,0.3666,-0.0442,0.1008,0.2947,0.0690,-0.2110,0.1153,0.5837,0.5479,0.5982,0.4776,0.3251,0.1439,0.1474,0.1804,0.1404,0.2546,0.1568,0.2212,-0.0026,0.1972,0.1253,0.2707,0.2374,0.4187,0.5090,0.0594,0.6342,1.0000,0.6883,0.4434,0.4562,0.4258,0.4520
0.3543,0.4157,0.0543,0.1661,0.0812,-0.1152,-0.1916,0.0166,0.5379,0.4627,0.6550,0.5735,0.4049,0.3034,0.3235,0.2496,0.1617,0.3775,0.3364,0.3559,0.0447,0.3851,0.1762,0.4536,0.2895,0.3506,0.4133,0.0997,0.6065,0.6883,1.0000,0.6167,0.4992,0.4508,0.4684
0.4247,0.4523,0.0790,0.1643,0.2710,-0.0851,-0.3113,-0.0390,0.4189,0.4580,0.5301,0.6583,0.2822,0.2586,0.4253,0.2964,0.2807,0.2813,0.3226,0.3097,-0.0468,0.2662,0.1362,0.3300,0.1604,0.3724,0.5451,0.0100,0.6118,0.4434,0.6167,1.0000,0.3529,0.3399,0.4118
0.2546,0.2437,0.0094,0.1539,0.1641,0.1163,-0.1385,0.1074,0.3006,0.4176,0.3553,0.3956,-0.0515,0.3190,0.2294,0.1827,0.2432,0.1626,0.1398,0.2101,0.0386,0.2777,0.3504,0.2845,0.3557,0.4191,0.2458,0.1617,0.4610,0.4562,0.4992,0.3529,1.0000,0.4169,0.4931
0.2080,0.2956,0.1823,0.3026,0.2084,0.1813,-0.2555,0.1073,0.2656,0.4388,0.5159,0.4841,-0.0891,0.4519,0.2826,0.4577,0.4284,0.4179,0.2155,0.4864,0.1738,0.2776,0.3195,0.3049,0.2718,0.5278,0.3869,0.2352,0.4427,0.4258,0.4508,0.3399,0.4169,1.0000,0.8626
0.2891,0.3630,-0.0041,0.1315,0.2754,0.2328,-0.3251,0.1269,0.2661,0.4976,0.5664,0.5276,-0.0980,0.5107,0.3564,0.5394,0.5041,0.3000,0.2052,0.4382,-0.0009,0.2680,0.3855,0.3123,0.2737,0.5714,0.4695,0.0410,0.5160,0.4520,0.4684,0.4118,0.4931,0.8626,1.0000
