1.0000,0.8834,0.3835,0.2896,-0.1008,-0.0350,-0.2075,-0.1383,0.3461,0.4618,0.5458,0.4559,0.0849,0.1120,0.2807,0.2182,0.1699,0.4518,0.2849,0.5084,0.1098,0.4884,0.3400,0.5117,0.2339,0.5476,0.5799,0.3690,0.4698,0.3674,0.3965,0.4359,0.3758,0.5237,0.5462
0.8834,1.0000,0.3753,0.2537,-0.1738,-0.0257,-0.2617,-0.0866,0.2777,0.4116,0.5012,0.4347,0.1143,0.1539,0.2702,0.2507,0.2084,0.4373,0.2677,0.5156,0.1024,0.4025,0.3942,0.4974,0.2588,0.5436,0.5848,0.3144,0.4359,0.2693,0.3890,0.4740,0.3562,0.5752,0.6069
0.3835,0.3753,1.0000,0.7741,0.2189,0.0078,0.0425,-0.0497,0.1185,0.3009,0.4386,0.1408,-0.2080,0.4293,0.4155,0.3998,0.4350,0.4635,0.3518,0.5507,0.3167,0.5793,0.3742,0.6114,0.4282,0.2815,0.2945,0.5399,0.2282,0.2546,0.3297,0.1608,0.5771,0.4815,0.5638
0.2896,0.2537,0.7741,1.0000,0.2423,-0.0551,0.0653,-0.0883,0.1893,0.3534,0.4277,0.1708,-0.2984,0.3813,0.3962,0.4122,0.3893,0.4587,0.2844,0.5296,0.4164,0.5748,0.2599,0.5775,0.4507,0.2918,0.3335,0.5841,0.3887,0.3917,0.4557,0.3109,0.5907,0.4383,0.5473
-0.1008,-0.1738,0.2189,0.2423,1.0000,0.0078,0.3568,0.0458,0.0434,0.0011,0.2466,-0.1653,-0.1721,0.1389,0.0558,0.2392,0.2125,0.0223,-0.0236,0.0645,0.0341,0.1820,0.0171,0.1154,0.0459,-0.1965,-0.1773,0.1695,0.0256,0.2221,0.1887,-0.0267,0.1094,-0.0311,0.0141
-0.0350,-0.0257,0.0078,-0.0551,0.0078,1.0000,0.0467,0.2112,-0.0082,-0.0173,-0.0208,0.0258,0.0933,0.1943,0.1683,0.1359,0.1329,-0.1139,-0.0526,-0.0687,0.0406,-0.0751,0.0750,-0.0544,0.0104,0.0737,0.0576,-0.0755,-0.0209,-0.1356,0.0111,0.0522,-0.0736,-0.0379,0.0042
-0.2075,-0.2617,0.0425,0.0653,0.3568,0.0467,1.0000,0.0604,-0.1045,-0.0699,-0.0242,-0.1431,-0.2038,0.0089,-0.0045,-0.0743,-0.0231,-0.2681,-0.1806,-0.1986,-0.1604,0.0448,0.0437,-0.0293,-0.0280,-0.3229,-0.3353,0.0176,-0.1746,0.0211,-0.1090,-0.2071,-0.0147,-0.2534,-0.2222
-0.1383,-0.0866,-0.0497,-0.0883,0.0458,0.2112,0.0604,1.0000,-0.0978,-0.0446,-0.1063,-0.0345,-0.1299,0.1588,0.0142,0.1383,0.0993,-0.1102,-0.1478,-0.0968,-0.0257,-0.0810,0.1111,-0.0431,-0.0579,0.0912,0.0768,-0.1001,-0.0652,-0.0937,-0.1314,-0.1140,-0.1693,0.0303,0.0355
0.3461,0.2777,0.1185,0.1893,0.0434,-0.0082,-0.1045,-0.0978,1.0000,0.6827,0.5065,0.5130,0.3337,-0.0521,0.4524,-0.1243,-0.0664,0.0619,-0.1020,0.0201,0.2707,0.3617,-0.0047,0.2794,0.1227,0.3032,0.3722,0.3099,0.7217,0.4891,0.4110,0.4468,0.2537,0.1030,0.1847
0.4618,0.4116,0.3009,0.3534,0.0011,-0.0173,-0.0699,-0.0446,0.6827,1.0000,0.6111,0.6566,0.1489,0.0094,0.5714,-0.0541,0.0224,0.1606,-0.0740,0.1591,0.3210,0.4739,0.1244,0.3939,0.2191,0.2990,0.3478,0.3933,0.6207,0.4702,0.3832,0.4556,0.4118,0.2775,0.3258
0.5458,0.5012,0.4386,0.4277,0.2466,-0.0208,-0.0242,-0.1063,0.5065,0.6111,1.0000,0.5556,0.0677,-0.0711,0.2482,0.0161,-0.0064,0.2815,0.0505,0.3140,0.2536,0.5618,0.1933,0.5585,0.2306,0.2633,0.3448,0.6373,0.6155,0.7034,0.6039,0.4724,0.5199,0.3774,0.4186
0.4559,0.4347,0.1408,0.1708,-0.1653,0.0258,-0.1431,-0.0345,0.5130,0.6566,0.5556,1.0000,0.1324,-0.1822,0.2995,-0.1520,-0.1382,0.0874,-0.0983,0.0656,0.2365,0.2975,0.0156,0.2998,0.1218,0.3648,0.4129,0.3292,0.4922,0.4176,0.2552,0.3205,0.3069,0.1905,0.2403
0.0849,0.1143,-0.2080,-0.2984,-0.1721,0.0933,-0.2038,-0.1299,0.3337,0.1489,0.0677,0.1324,1.0000,-0.2210,0.1048,-0.3550,-0.1624,-0.2391,-0.2244,-0.2122,0.0786,-0.0773,-0.0949,-0.0577,0.0857,0.0846,0.1174,-0.1582,0.1344,-0.1551,0.0167,0.1944,-0.0042,-0.0899,-0.0975
0.1120,0.1539,0.4293,0.3813,0.1389,0.1943,0.0089,0.1588,-0.0521,0.0094,-0.0711,-0.1822,-0.2210,1.0000,0.5106,0.7750,0.7639,0.3127,0.2374,0.4358,0.2629,0.2589,0.4964,0.3446,0.2882,0.2815,0.2071,0.0845,-0.0760,-0.1823,0.0812,-0.0419,0.1763,0.4010,0.4503
0.2807,0.2702,0.4155,0.3962,0.0558,0.1683,-0.0045,0.0142,0.4524,0.5714,0.2482,0.2995,0.1048,0.5106,1.0000,0.3141,0.4707,0.1377,0.0077,0.2429,0.4253,0.4106,0.2199,0.3970,0.3268,0.2673,0.2381,0.1410,0.2618,0.0045,0.1817,0.1954,0.3660,0.2639,0.3627
0.2182,0.2507,0.3998,0.4122,0.2392,0.1359,-0.0743,0.1383,-0.1243,-0.0541,0.0161,-0.1520,-0.3550,0.7750,0.3141,1.0000,0.7433,0.3967,0.2986,0.5492,0.2092,0.2623,0.4865,0.3570,0.2870,0.3367,0.2973,0.1748,-0.0065,0.0078,0.2897,0.0871,0.1862,0.4838,0.5309
0.1699,0.2084,0.4350,0.3893,0.2125,0.1329,-0.0231,0.0993,-0.0664,0.0224,-0.0064,-0.1382,-0.1624,0.7639,0.4707,0.7433,1.0000,0.3696,0.3351,0.5351,0.3094,0.3526,0.5898,0.3889,0.3894,0.2518,0.2092,0.0985,-0.0940,-0.1903,0.1006,-0.0340,0.2498,0.4183,0.4909
0.4518,0.4373,0.4635,0.4587,0.0223,-0.1139,-0.2681,-0.1102,0.0619,0.1606,0.2815,0.0874,-0.2391,0.3127,0.1377,0.3967,0.3696,1.0000,0.7718,0.8379,0.2471,0.4371,0.4025,0.4021,0.2499,0.4647,0.4409,0.3798,0.2524,0.2262,0.2557,0.1580,0.3895,0.6457,0.6729
0.2849,0.2677,0.3518,0.2844,-0.0236,-0.0526,-0.1806,-0.1478,-0.1020,-0.0740,0.0505,-0.0983,-0.2244,0.2374,0.0077,0.2986,0.3351,0.7718,1.0000,0.6617,0.1616,0.3214,0.3602,0.2685,0.2371,0.3011,0.2823,0.1552,0.0234,0.0371,0.0639,-0.0067,0.2604,0.3588,0.4141
0.5084,0.5156,0.5507,0.5296,0.0645,-0.0687,-0.1986,-0.0968,0.0201,0.1591,0.3140,0.0656,-0.2122,0.4358,0.2429,0.5492,0.5351,0.8379,0.6617,1.0000,0.2917,0.5260,0.5142,0.5378,0.3709,0.5225,0.4970,0.3849,0.1991,0.1613,0.2875,0.1867,0.4161,0.7447,0.7887
0.1098,0.1024,0.3167,0.4164,0.0341,0.0406,-0.1604,-0.0257,0.2707,0.3210,0.2536,0.2365,0.0786,0.2629,0.4253,0.2092,0.3094,0.2471,0.1616,0.2917,1.0000,0.4134,0.1395,0.4143,0.5935,0.2898,0.3371,0.3192,0.2887,0.1707,0.2327,0.1883,0.3342,0.2822,0.3371
0.4884,0.4025,0.5793,0.5748,0.1820,-0.0751,0.0448,-0.0810,0.3617,0.4739,0.5618,0.2975,-0.0773,0.2589,0.4106,0.2623,0.3526,0.4371,0.3214,0.5260,0.4134,1.0000,0.4519,0.8338,0.5004,0.4252,0.4729,0.5740,0.3950,0.4241,0.3441,0.2502,0.4989,0.4710,0.5134
0.3400,0.3942,0.3742,0.2599,0.0171,0.0750,0.0437,0.1111,-0.0047,0.1244,0.1933,0.0156,-0.0949,0.4964,0.2199,0.4865,0.5898,0.4025,0.3602,0.5142,0.1395,0.4519,1.0000,0.4972,0.3241,0.2749,0.2928,0.2275,0.0873,0.0149,0.1696,0.0918,0.2823,0.5050,0.5436
0.5117,0.4974,0.6114,0.5775,0.1154,-0.0544,-0.0293,-0.0431,0.2794,0.3939,0.5585,0.2998,-0.0577,0.3446,0.3970,0.3570,0.3889,0.4021,0.2685,0.5378,0.4143,0.8338,0.4972,1.0000,0.5169,0.4824,0.5646,0.5587,0.4056,0.3656,0.4080,0.3564,0.5431,0.5871,0.6261
0.2339,0.2588,0.4282,0.4507,0.0459,0.0104,-0.0280,-0.0579,0.1227,0.2191,0.2306,0.1218,0.0857,0.2882,0.3268,0.2870,0.3894,0.2499,0.2371,0.3709,0.5935,0.5004,0.3241,0.5169,1.0000,0.2898,0.3692,0.2796,0.2122,0.1211,0.2481,0.2626,0.4128,0.2938,0.3928
0.5476,0.5436,0.2815,0.2918,-0.1965,0.0737,-0.3229,0.0912,0.3032,0.2990,0.2633,0.3648,0.0846,0.2815,0.2673,0.3367,0.2518,0.4647,0.3011,0.5225,0.2898,0.4252,0.2749,0.4824,0.2898,1.0000,0.8837,0.3041,0.4120,0.2186,0.2505,0.3408,0.2617,0.4969,0.5533
0.5799,0.5848,0.2945,0.3335,-0.1773,0.0576,-0.3353,0.0768,0.3722,0.3478,0.3448,0.4129,0.1174,0.2071,0.2381,0.2973,0.2092,0.4409,0.2823,0.4970,0.3371,0.4729,0.2928,0.5646,0.3692,0.8837,1.0000,0.3608,0.5188,0.3074,0.3527,0.4504,0.3092,0.5073,0.5756
0.3690,0.3144,0.5399,0.5841,0.1695,-0.0755,0.0176,-0.1001,0.3099,0.3933,0.6373,0.3292,-0.1582,0.0845,0.1410,0.1748,0.0985,0.3798,0.1552,0.3849,0.3192,0.5740,0.2275,0.5587,0.2796,0.3041,0.3608,1.0000,0.4988,0.6605,0.5183,0.2897,0.5008,0.3792,0.4473
0.4698,0.4359,0.2282,0.3887,0.0256,-0.0209,-0.1746,-0.0652,0.7217,0.6207,0.6155,0.4922,0.1344,-0.0760,0.2618,-0.0065,-0.0940,0.2524,0.0234,0.1991,0.2887,0.3950,0.0873,0.4056,0.2122,0.4120,0.5188,0.4988,1.0000,0.7170,0.6347,0.7008,0.3799,0.2764,0.3692
0.3674,0.2693,0.2546,0.3917,0.2221,-0.1356,0.0211,-0.0937,0.4891,0.4702,0.7034,0.4176,-0.1551,-0.1823,0.0045,0.0078,-0.1903,0.2262,0.0371,0.1613,0.1707,0.4241,0.0149,0.3656,0.1211,0.2186,0.3074,0.6605,0.7170,1.0000,0.6650,0.4393,0.3369,0.1409,0.2030
0.3965,0.3890,0.3297,0.4557,0.1887,0.0111,-0.1090,-0.1314,0.4110,0.3832,0.6039,0.2552,0.0167,0.0812,0.1817,0.2897,0.1006,0.2557,0.0639,0.2875,0.2327,0.3441,0.1696,0.4080,0.2481,0.2505,0.3527,0.5183,0.6347,0.6650,1.0000,0.7095,0.5030,0.3306,0.3894
0.4359,0.4740,0.1608,0.3109,-0.0267,0.0522,-0.2071,-0.1140,0.4468,0.4556,0.4724,0.3205,0.1944,-0.0419,0.1954,0.0871,-0.0340,0.1580,-0.0067,0.1867,0.1883,0.2502,0.0918,0.3564,0.2626,0.3408,0.4504,0.2897,0.7008,0.4393,0.7095,1.0000,0.4116,0.3379,0.3738
0.3758,0.3562,0.5771,0.5907,0.1094,-0.0736,-0.0147,-0.1693,0.2537,0.4118,0.5199,0.3069,-0.0042,0.1763,0.3660,0.1862,0.2498,0.3895,0.2604,0.4161,0.3342,0.4989,0.2823,0.5431,0.4128,0.2617,0.3092,0.5008,0.3799,0.3369,0.5030,0.4116,1.0000,0.3589,0.4630
0.5237,0.5752,0.4815,0.4383,-0.0311,-0.0379,-0.2534,0.0303,0.1030,0.2775,0.3774,0.1905,-0.0899,0.4010,0.2639,0.4838,0.4183,0.6457,0.3588,0.7447,0.2822,0.4710,0.5050,0.5871,0.2938,0.4969,0.5073,0.3792,0.2764,0.1409,0.3306,0.3379,0.3589,1.0000,0.8645
0.5462,0.6069,0.5638,0.5473,0.0141,0.0042,-0.2222,0.0355,0.1847,0.3258,0.4186,0.2403,-0.0975,0.4503,0.3627,0.5309,0.4909,0.6729,0.4141,0.7887,0.3371,0.5134,0.5436,0.6261,0.3928,0.5533,0.5756,0.4473,0.3692,0.2030,0.3894,0.3738,0.4630,0.8645,1.0000
