1.0000,0.8628,0.1228,0.0146,0.1819,-0.1624,-0.0324,-0.2037,0.3791,0.2604,0.3387,0.1615,0.4262,0.0431,0.0408,-0.0499,-0.0620,0.0213,0.1523,0.0700,0.2931,0.6231,-0.0149,0.6268,0.2722,0.5898,0.5506,0.1354,0.1640,0.0383,0.2758,0.2272,0.3254,0.2004,0.1583
0.8628,1.0000,0.1631,0.0440,0.1785,-0.1365,-0.0417,-0.1873,0.3630,0.2800,0.2845,0.1863,0.4618,0.1097,0.0814,0.0379,0.0083,0.0560,0.1500,0.1051,0.2889,0.5732,0.0803,0.6616,0.2698,0.5816,0.5309,0.0977,0.1885,0.0908,0.3161,0.2719,0.2867,0.1132,0.0857
0.1228,0.1631,1.0000,0.8373,0.2339,0.1955,-0.1752,0.0917,-0.1378,0.1042,0.0210,0.1076,-0.0220,0.2209,0.2094,0.2305,0.2950,0.1908,0.2676,0.2107,0.2451,0.3477,0.3925,0.3453,0.3788,0.0759,0.0824,0.0398,-0.0351,0.1021,0.3078,0.2000,0.1088,0.1433,0.1591
0.0146,0.0440,0.8373,1.0000,0.2229,0.1892,-0.2046,0.0845,-0.1742,0.1602,0.0348,0.1183,-0.1044,0.2493,0.3084,0.3461,0.3745,0.3031,0.3539,0.2439,0.2642,0.3121,0.4675,0.2847,0.4500,-0.0035,0.0114,0.0456,0.0399,0.1870,0.3484,0.2110,0.0699,0.1542,0.2060
0.1819,0.1785,0.2339,0.2229,1.0000,0.0218,-0.0643,0.0414,-0.0239,0.1167,0.0366,0.1043,-0.0443,0.2696,0.0102,0.2353,0.2512,0.1748,0.1505,0.0885,0.2438,0.3767,0.1814,0.3040,0.1791,0.3256,0.3149,0.1770,0.2507,-0.0092,0.1802,0.3515,0.2905,0.1214,0.1103
-0.1624,-0.1365,0.1955,0.1892,0.0218,1.0000,-0.1847,0.4198,-0.2237,-0.0675,-0.2381,-0.0281,-0.2154,0.3458,0.2577,0.3288,0.4043,-0.2504,-0.1941,-0.1964,-0.1935,-0.1490,0.1627,-0.0844,-0.1996,0.1007,-0.0300,-0.1621,-0.0525,-0.0158,-0.0278,0.0218,-0.2449,-0.0237,-0.0002
-0.0324,-0.0417,-0.1752,-0.2046,-0.0643,-0.1847,1.0000,-0.1416,0.0479,-0.1635,-0.0594,-0.0725,0.1046,-0.3291,-0.2337,-0.2900,-0.2155,-0.1307,-0.1461,-0.0900,-0.0592,-0.1209,-0.2820,-0.1131,-0.0511,-0.0709,-0.1729,-0.0950,-0.1281,-0.2310,-0.1859,-0.1478,-0.1021,-0.0631,-0.0433
-0.2037,-0.1873,0.0917,0.0845,0.0414,0.4198,-0.1416,1.0000,-0.1281,-0.0317,-0.0957,0.0017,-0.1903,0.2233,0.1006,0.1837,0.2124,-0.0220,-0.0808,-0.0073,-0.0733,-0.0763,0.1604,-0.0621,-0.1015,0.1302,0.0912,-0.0775,-0.0419,-0.1245,-0.0982,0.0459,-0.0989,-0.0247,-0.0504
0.3791,0.3630,-0.1378,-0.1742,-0.0239,-0.2237,0.0479,-0.1281,1.0000,0.4909,0.6390,0.2087,0.6837,-0.2724,-0.2769,-0.3267,-0.3456,0.0924,0.1539,0.1683,0.1334,0.2214,-0.2444,0.2247,0.1410,0.4041,0.4931,0.0254,0.4495,0.0953,0.2857,0.1745,0.1393,0.1620,0.1563
0.2604,0.2800,0.1042,0.1602,0.1167,-0.0675,-0.1635,-0.0317,0.4909,1.0000,0.5545,0.6297,0.2201,0.0077,0.1722,0.0927,0.0384,0.0247,0.0181,-0.0033,0.3002,0.1930,0.0760,0.1513,0.2765,0.2456,0.2969,0.0794,0.6358,0.4675,0.5438,0.4056,0.2242,0.1864,0.2317
0.3387,0.2845,0.0210,0.0348,0.0366,-0.2381,-0.0594,-0.0957,0.6390,0.5545,1.0000,0.2563,0.4548,-0.0603,-0.0692,-0.0668,-0.1614,0.2078,0.2189,0.2420,0.2830,0.2821,-0.0980,0.1891,0.2299,0.2839,0.3619,0.1268,0.4514,0.2884,0.4345,0.1607,0.2316,0.2177,0.2140
0.1615,0.1863,0.1076,0.1183,0.1043,-0.0281,-0.0725,0.0017,0.2087,0.6297,0.2563,1.0000,0.0020,0.0453,0.2123,0.1305,0.1018,-0.0433,-0.1456,-0.1064,0.2438,0.1087,0.1181,0.0747,0.2515,0.1068,0.0591,0.0948,0.4239,0.4151,0.4613,0.4058,0.1950,0.1420,0.1659
0.4262,0.4618,-0.0220,-0.1044,-0.0443,-0.2154,0.1046,-0.1903,0.6837,0.2201,0.4548,0.0020,1.0000,-0.2293,-0.2626,-0.3198,-0.3005,0.0720,0.2108,0.1703,0.1698,0.3005,-0.2147,0.3154,0.1553,0.4055,0.4516,0.0553,0.2682,0.0293,0.2746,0.1841,0.2041,0.0195,-0.0104
0.0431,0.1097,0.2209,0.2493,0.2696,0.3458,-0.3291,0.2233,-0.2724,0.0077,-0.0603,0.0453,-0.2293,1.0000,0.6631,0.7999,0.6480,0.1961,0.0912,0.1813,0.2136,0.2349,0.5345,0.1801,0.1156,0.2041,0.1333,0.1005,0.0471,0.1873,0.1465,0.1332,-0.0107,-0.0370,-0.0627
0.0408,0.0814,0.2094,0.3084,0.0102,0.2577,-0.2337,0.1006,-0.2769,0.1722,-0.0692,0.2123,-0.2626,0.6631,1.0000,0.6802,0.5394,0.0783,-0.0455,0.0071,0.1729,0.1338,0.4622,0.0931,0.1900,-0.0061,-0.0583,0.0661,0.0171,0.2999,0.1689,0.0753,-0.0216,-0.0219,0.0051
-0.0499,0.0379,0.2305,0.3461,0.2353,0.3288,-0.2900,0.1837,-0.3267,0.0927,-0.0668,0.1305,-0.3198,0.7999,0.6802,1.0000,0.7354,0.2439,0.0625,0.2069,0.1896,0.1566,0.5454,0.1049,0.1511,0.1214,0.0292,0.0587,0.0991,0.3008,0.2123,0.1768,-0.0355,-0.0024,0.0145
-0.0620,0.0083,0.2950,0.3745,0.2512,0.4043,-0.2155,0.2124,-0.3456,0.0384,-0.1614,0.1018,-0.3005,0.6480,0.5394,0.7354,1.0000,0.1524,0.0126,0.1355,0.0477,0.1033,0.5489,0.0550,0.0666,0.0861,-0.0086,0.0383,-0.0285,0.1875,0.2113,0.0949,-0.0981,0.1488,0.1618
0.0213,0.0560,0.1908,0.3031,0.1748,-0.2504,-0.1307,-0.0220,0.0924,0.0247,0.2078,-0.0433,0.0720,0.1961,0.0783,0.2439,0.1524,1.0000,0.7366,0.8088,0.2647,0.3007,0.2517,0.2467,0.3496,0.0751,0.2069,0.1672,0.1105,0.1716,0.2202,0.1233,0.1772,0.0913,0.0909
0.1523,0.1500,0.2676,0.3539,0.1505,-0.1941,-0.1461,-0.0808,0.1539,0.0181,0.2189,-0.1456,0.2108,0.0912,-0.0455,0.0625,0.0126,0.7366,1.0000,0.7061,0.2348,0.3484,0.1816,0.3122,0.3682,0.1751,0.3208,0.1290,0.1282,0.0796,0.2279,0.1236,0.1972,0.0170,0.0191
0.0700,0.1051,0.2107,0.2439,0.0885,-0.1964,-0.0900,-0.0073,0.1683,-0.0033,0.2420,-0.1064,0.1703,0.1813,0.0071,0.2069,0.1355,0.8088,0.7061,1.0000,0.2162,0.3000,0.1351,0.2470,0.2722,0.1512,0.2362,0.0831,0.0613,0.1208,0.1830,0.0188,0.0763,0.0765,0.0617
0.2931,0.2889,0.2451,0.2642,0.2438,-0.1935,-0.0592,-0.0733,0.1334,0.3002,0.2830,0.2438,0.1698,0.2136,0.1729,0.1896,0.0477,0.2647,0.2348,0.2162,1.0000,0.6164,0.3565,0.5547,0.7455,0.3045,0.2804,0.3816,0.2515,0.3369,0.3701,0.2898,0.4501,0.1331,0.0916
0.6231,0.5732,0.3477,0.3121,0.3767,-0.1490,-0.1209,-0.0763,0.2214,0.1930,0.2821,0.1087,0.3005,0.2349,0.1338,0.1566,0.1033,0.3007,0.3484,0.3000,0.6164,1.0000,0.3163,0.8490,0.6017,0.5240,0.5213,0.3791,0.1715,0.1489,0.4027,0.3394,0.4804,0.3154,0.2739
-0.0149,0.0803,0.3925,0.4675,0.1814,0.1627,-0.2820,0.1604,-0.2444,0.0760,-0.0980,0.1181,-0.2147,0.5345,0.4622,0.5454,0.5489,0.2517,0.1816,0.1351,0.3565,0.3163,1.0000,0.2899,0.4118,0.1161,0.0718,0.2172,0.0184,0.2307,0.2815,0.2567,0.0687,0.0888,0.0808
0.6268,0.6616,0.3453,0.2847,0.3040,-0.0844,-0.1131,-0.0621,0.2247,0.1513,0.1891,0.0747,0.3154,0.1801,0.0931,0.1049,0.0550,0.2467,0.3122,0.2470,0.5547,0.8490,0.2899,1.0000,0.5762,0.5354,0.5282,0.2563,0.1118,0.0536,0.3043,0.2966,0.3874,0.2277,0.1958
0.2722,0.2698,0.3788,0.4500,0.1791,-0.1996,-0.0511,-0.1015,0.1410,0.2765,0.2299,0.2515,0.1553,0.1156,0.1900,0.1511,0.0666,0.3496,0.3682,0.2722,0.7455,0.6017,0.4118,0.5762,1.0000,0.2224,0.2355,0.2336,0.2103,0.2657,0.3963,0.3073,0.3085,0.0890,0.1081
0.5898,0.5816,0.0759,-0.0035,0.3256,0.1007,-0.0709,0.1302,0.4041,0.2456,0.2839,0.1068,0.4055,0.2041,-0.0061,0.1214,0.0861,0.0751,0.1751,0.1512,0.3045,0.5240,0.1161,0.5354,0.2224,1.0000,0.8035,0.1368,0.3060,0.0354,0.3031,0.4218,0.2798,0.2393,0.2102
0.5506,0.5309,0.0824,0.0114,0.3149,-0.0300,-0.1729,0.0912,0.4931,0.2969,0.3619,0.0591,0.4516,0.1333,-0.0583,0.0292,-0.0086,0.2069,0.3208,0.2362,0.2804,0.5213,0.0718,0.5282,0.2355,0.8035,1.0000,0.1505,0.3299,0.0457,0.2993,0.3893,0.3433,0.2239,0.1907
0.1354,0.0977,0.0398,0.0456,0.1770,-0.1621,-0.0950,-0.0775,0.0254,0.0794,0.1268,0.0948,0.0553,0.1005,0.0661,0.0587,0.0383,0.1672,0.1290,0.0831,0.3816,0.3791,0.2172,0.2563,0.2336,0.1368,0.1505,1.0000,0.2914,0.4348,0.3972,0.3761,0.6459,0.2784,0.2325
0.1640,0.1885,-0.0351,0.0399,0.2507,-0.0525,-0.1281,-0.0419,0.4495,0.6358,0.4514,0.4239,0.2682,0.0471,0.0171,0.0991,-0.0285,0.1105,0.1282,0.0613,0.2515,0.1715,0.0184,0.1118,0.2103,0.3060,0.3299,0.2914,1.0000,0.5413,0.5823,0.6592,0.3980,0.1504,0.1943
0.0383,0.0908,0.1021,0.1870,-0.0092,-0.0158,-0.2310,-0.1245,0.0953,0.4675,0.2884,0.4151,0.0293,0.1873,0.2999,0.3008,0.1875,0.1716,0.0796,0.1208,0.3369,0.1489,0.2307,0.0536,0.2657,0.0354,0.0457,0.4348,0.5413,1.0000,0.7297,0.4675,0.3882,0.1043,0.1396
0.2758,0.3161,0.3078,0.3484,0.1802,-0.0278,-0.1859,-0.0982,0.2857,0.5438,0.4345,0.4613,0.2746,0.1465,0.1689,0.2123,0.2113,0.2202,0.2279,0.1830,0.3701,0.4027,0.2815,0.3043,0.3963,0.3031,0.2993,0.3972,0.5823,0.7297,1.0000,0.6530,0.4923,0.3175,0.3559
0.2272,0.2719,0.2000,0.2110,0.3515,0.0218,-0.1478,0.0459,0.1745,0.4056,0.1607,0.4058,0.1841,0.1332,0.0753,0.1768,0.0949,0.1233,0.1236,0.0188,0.2898,0.3394,0.2567,0.2966,0.3073,0.4218,0.3893,0.3761,0.6592,0.4675,0.6530,1.0000,0.4996,0.1812,0.2045
0.3254,0.2867,0.1088,0.0699,0.2905,-0.2449,-0.1021,-0.0989,0.1393,0.2242,0.2316,0.1950,0.2041,-0.0107,-0.0216,-0.0355,-0.0981,0.1772,0.1972,0.0763,0.4501,0.4804,0.0687,0.3874,0.3085,0.2798,0.3433,0.6459,0.3980,0.3882,0.4923,0.4996,1.0000,0.1424,0.1257
0.2004,0.1132,0.1433,0.1542,0.1214,-0.0237,-0.0631,-0.0247,0.1620,0.1864,0.2177,0.1420,0.0195,-0.0370,-0.0219,-0.0024,0.1488,0.0913,0.0170,0.0765,0.1331,0.3154,0.0888,0.2277,0.0890,0.2393,0.2239,0.2784,0.1504,0.1043,0.3175,0.1812,0.1424,1.0000,0.9126
0.1583,0.0857,0.1591,0.2060,0.1103,-0.0002,-0.0433,-0.0504,0.1563,0.2317,0.2140,0.1659,-0.0104,-0.0627,0.0051,0.0145,0.1618,0.0909,0.0191,0.0617,0.0916,0.2739,0.0808,0.1958,0.1081,0.2102,0.1907,0.2325,0.1943,0.1396,0.3559,0.2045,0.1257,0.9126,1.0000
